ID,sim_num,block_order,learning_trial,sim_choice,sim_approach_reward
7145,1,1,1,2,0.090909
7145,1,1,2,2,-0.090909
7145,1,1,3,1,-0.090909
7145,1,1,4,1,0.36364
7145,1,1,5,1,0.27273
7145,1,1,6,2,-0.72727
7145,1,1,7,1,0.18182
7145,1,1,8,2,-0.45455
7145,1,1,9,1,0.090909
7145,1,1,10,2,-0.54545
7145,1,1,11,2,-0.54545
7145,1,1,12,2,0.090909
7145,1,1,13,2,-0.27273
7145,1,1,14,2,0.090909
7145,1,1,15,2,0.27273
7145,1,1,16,1,0.090909
7145,1,1,17,1,0.45455
7145,1,1,18,1,0.090909
7145,1,1,19,1,0.18182
7145,1,1,20,2,-0.45455
7145,1,1,21,2,-0.27273
7145,1,1,22,2,-0.45455
7145,1,1,23,2,-0.27273
7145,1,1,24,2,-0.45455
7145,1,1,25,1,0.36364
7145,1,1,26,1,0.090909
7145,1,1,27,2,-0.090909
7145,1,1,28,1,0.18182
7145,1,1,29,2,-0.45455
7145,1,1,30,1,-0.090909
7145,1,1,31,1,0.18182
7145,1,1,32,1,0.090909
7145,1,1,33,1,0.090909
7145,1,1,34,2,0.090909
7145,1,1,35,2,-0.27273
7145,1,1,36,2,-0.63636
7145,1,1,37,2,0.090909
7145,1,1,38,1,-0.27273
7145,1,1,39,1,0.45455
7145,1,1,40,1,0.36364
7145,1,1,41,2,-0.36364
7145,1,1,42,1,0.36364
7145,1,1,43,1,-0.090909
7145,1,1,44,2,-0.45455
7145,1,1,45,1,0.63636
7145,1,1,46,1,0.18182
7145,1,1,47,2,-0.090909
7145,1,1,48,2,-0.18182
7145,1,1,49,1,0.45455
7145,1,1,50,2,-0.63636
7145,1,1,51,2,-0.36364
7145,1,2,1,1,-0.090909
7145,1,2,2,1,-0.63636
7145,1,2,3,1,-0.090909
7145,1,2,4,1,0.36364
7145,1,2,5,2,0.18182
7145,1,2,6,2,-0.54545
7145,1,2,7,1,0.45455
7145,1,2,8,2,-0.27273
7145,1,2,9,2,-0.36364
7145,1,2,10,2,-0.36364
7145,1,2,11,2,-0.54545
7145,1,2,12,2,0.81818
7145,1,2,13,2,0.45455
7145,1,2,14,1,0.81818
7145,1,2,15,2,0.36364
7145,1,2,16,1,-0.27273
7145,1,2,17,1,0.36364
7145,1,2,18,1,-0.090909
7145,1,2,19,2,-0.090909
7145,1,2,20,1,-0.36364
7145,1,2,21,2,-0.54545
7145,1,2,22,2,0.36364
7145,1,2,23,2,0.72727
7145,1,2,24,1,-0.45455
7145,1,2,25,1,-0.81818
7145,1,2,26,2,-0.090909
7145,1,2,27,1,0.36364
7145,1,2,28,1,0.81818
7145,1,2,29,1,0.45455
7145,1,2,30,1,0.81818
7145,1,2,31,1,0.45455
7145,1,2,32,2,-0.36364
7145,1,2,33,2,-0.36364
7145,1,2,34,1,-0.27273
7145,1,2,35,1,0.36364
7145,1,2,36,2,-0.63636
7145,1,2,37,1,0.45455
7145,1,2,38,2,0.63636
7145,1,2,39,1,0.45455
7145,1,2,40,1,0.18182
7145,1,2,41,1,0.27273
7145,1,2,42,2,-0.36364
7145,1,2,43,2,-0.54545
7145,1,2,44,1,0.18182
7145,1,2,45,1,0.81818
7145,1,2,46,2,0.090909
7145,1,2,47,2,-0.54545
7145,1,2,48,1,0.81818
7145,1,2,49,2,-0.54545
7145,1,2,50,2,-0.63636
7145,1,2,51,1,-0.090909
7145,1,3,1,1,-0.18182
7145,1,3,2,1,-0.18182
7145,1,3,3,2,-0.45455
7145,1,3,4,1,0.27273
7145,1,3,5,1,0.72727
7145,1,3,6,2,-0.36364
7145,1,3,7,2,0.45455
7145,1,3,8,1,0.54545
7145,1,3,9,1,0.72727
7145,1,3,10,1,-0.27273
7145,1,3,11,2,-0.36364
7145,1,3,12,2,0.36364
7145,1,3,13,1,0.36364
7145,1,3,14,1,-0.45455
7145,1,3,15,1,0.27273
7145,1,3,16,1,0.27273
7145,1,3,17,2,-0.36364
7145,1,3,18,2,0.54545
7145,1,3,19,1,-0.27273
7145,1,3,20,2,-0.18182
7145,1,3,21,2,-0.45455
7145,1,3,22,1,0.72727
7145,1,3,23,1,0.36364
7145,1,3,24,2,-0.18182
7145,1,3,25,2,-0.36364
7145,1,3,26,1,0.36364
7145,1,3,27,2,0.63636
7145,1,3,28,2,-0.45455
7145,1,3,29,2,-0.18182
7145,1,3,30,2,0.45455
7145,1,3,31,1,0.27273
7145,1,3,32,1,-0.45455
7145,1,3,33,2,-0.18182
7145,1,3,34,1,0.72727
7145,1,3,35,1,-0.36364
7145,1,3,36,1,0.45455
7145,1,3,37,1,-0.63636
7145,1,3,38,1,0.27273
7145,1,3,39,1,-0.27273
7145,1,3,40,1,0.090909
7145,1,3,41,1,0.54545
7145,1,3,42,2,-0.72727
7145,1,3,43,1,0.27273
7145,1,3,44,1,0.72727
7145,1,3,45,1,0.72727
7145,1,3,46,1,0.36364
7145,1,3,47,1,-0.81818
7145,1,3,48,2,0.18182
7145,1,3,49,2,-0.45455
7145,1,3,50,1,0.36364
7145,1,3,51,2,-0.36364
7145,1,4,1,1,0.18182
7145,1,4,2,2,0.090909
7145,1,4,3,2,-0.18182
7145,1,4,4,1,0.18182
7145,1,4,5,2,-0.27273
7145,1,4,6,1,-0.36364
7145,1,4,7,2,0.45455
7145,1,4,8,2,-0.090909
7145,1,4,9,2,0.36364
7145,1,4,10,1,-0.090909
7145,1,4,11,1,0.54545
7145,1,4,12,1,0.36364
7145,1,4,13,1,-0.18182
7145,1,4,14,2,-0.18182
7145,1,4,15,1,0.45455
7145,1,4,16,2,0.090909
7145,1,4,17,1,0.45455
7145,1,4,18,2,-0.090909
7145,1,4,19,2,-0.090909
7145,1,4,20,2,0.18182
7145,1,4,21,1,-0.090909
7145,1,4,22,1,-0.36364
7145,1,4,23,1,0.18182
7145,1,4,24,1,0.54545
7145,1,4,25,2,-0.45455
7145,1,4,26,1,0.63636
7145,1,4,27,2,0.18182
7145,1,4,28,1,0.36364
7145,1,4,29,2,0.18182
7145,1,4,30,1,-0.18182
7145,1,4,31,1,0.27273
7145,1,4,32,1,0.45455
7145,1,4,33,1,0.45455
7145,1,4,34,1,-0.36364
7145,1,4,35,1,0.54545
7145,1,4,36,2,-0.090909
7145,1,4,37,2,-0.36364
7145,1,4,38,1,0.18182
7145,1,4,39,2,-0.18182
7145,1,4,40,2,-0.18182
7145,1,4,41,1,0.090909
7145,1,4,42,1,0.63636
7145,1,4,43,1,0.090909
7145,1,4,44,1,0.72727
7145,1,4,45,1,-0.090909
7145,1,4,46,1,0.54545
7145,1,4,47,1,0.18182
7145,1,4,48,1,0.090909
7145,1,4,49,2,-0.27273
7145,1,4,50,1,0.18182
7145,1,4,51,2,-0.36364
7145,1,5,1,2,-0.63636
7145,1,5,2,2,0.81818
7145,1,5,3,2,-0.81818
7145,1,5,4,1,-0.18182
7145,1,5,5,1,-0.63636
7145,1,5,6,2,0.81818
7145,1,5,7,1,-0.18182
7145,1,5,8,2,-0.36364
7145,1,5,9,1,-0.27273
7145,1,5,10,2,-0.54545
7145,1,5,11,2,-0.36364
7145,1,5,12,2,0.36364
7145,1,5,13,1,-0.45455
7145,1,5,14,2,-0.81818
7145,1,5,15,2,-0.45455
7145,1,5,16,2,0.63636
7145,1,5,17,1,0.090909
7145,1,5,18,2,-0.63636
7145,1,5,19,2,-0.63636
7145,1,5,20,2,0.27273
7145,1,5,21,2,-0.27273
7145,1,5,22,2,-0.45455
7145,1,5,23,2,0.72727
7145,1,5,24,2,-0.18182
7145,1,5,25,1,0.81818
7145,1,5,26,1,0.36364
7145,1,5,27,2,0.45455
7145,1,5,28,2,-0.81818
7145,1,5,29,2,-0.54545
7145,1,5,30,2,-0.36364
7145,1,5,31,1,0.81818
7145,1,5,32,1,-0.63636
7145,1,5,33,2,-0.45455
7145,1,5,34,2,-0.36364
7145,1,5,35,2,-0.81818
7145,1,5,36,2,-0.81818
7145,1,5,37,2,0.36364
7145,1,5,38,2,-0.45455
7145,1,5,39,2,-0.18182
7145,1,5,40,2,-0.18182
7145,1,5,41,2,-0.36364
7145,1,5,42,1,0.81818
7145,1,5,43,2,0.18182
7145,1,5,44,2,-0.18182
7145,1,5,45,1,-0.27273
7145,1,5,46,2,-0.54545
7145,1,5,47,1,0.81818
7145,1,5,48,2,-0.63636
7145,1,5,49,2,-0.45455
7145,1,5,50,2,-0.81818
7145,1,5,51,2,-0.36364
7145,1,6,1,2,0.090909
7145,1,6,2,1,0.090909
7145,1,6,3,1,0.45455
7145,1,6,4,1,-0.54545
7145,1,6,5,2,0.18182
7145,1,6,6,2,-0.45455
7145,1,6,7,2,0.090909
7145,1,6,8,2,-0.54545
7145,1,6,9,1,0.27273
7145,1,6,10,1,0.36364
7145,1,6,11,2,-0.45455
7145,1,6,12,1,0.090909
7145,1,6,13,1,0.54545
7145,1,6,14,2,-0.45455
7145,1,6,15,2,0.090909
7145,1,6,16,2,-0.18182
7145,1,6,17,1,0.36364
7145,1,6,18,2,-0.18182
7145,1,6,19,1,0.27273
7145,1,6,20,2,-0.18182
7145,1,6,21,1,0.45455
7145,1,6,22,2,-0.36364
7145,1,6,23,2,-0.54545
7145,1,6,24,1,0.45455
7145,1,6,25,1,0.54545
7145,1,6,26,2,0.090909
7145,1,6,27,1,0.18182
7145,1,6,28,2,-0.36364
7145,1,6,29,2,-0.090909
7145,1,6,30,2,-0.54545
7145,1,6,31,1,0.090909
7145,1,6,32,2,-0.18182
7145,1,6,33,2,-0.54545
7145,1,6,34,2,-0.090909
7145,1,6,35,2,-0.27273
7145,1,6,36,2,-0.45455
7145,1,6,37,1,0.72727
7145,1,6,38,2,-0.45455
7145,1,6,39,2,-0.36364
7145,1,6,40,1,0.090909
7145,1,6,41,1,0.090909
7145,1,6,42,2,-0.54545
7145,1,6,43,1,0.36364
7145,1,6,44,1,0.18182
7145,1,6,45,1,0.63636
7145,1,6,46,2,0.090909
7145,1,6,47,2,-0.54545
7145,1,6,48,1,0.27273
7145,1,6,49,1,0.090909
7145,1,6,50,1,0.090909
7145,1,6,51,2,-0.45455
7145,2,7,1,2,0.090909
7145,2,7,2,2,-0.090909
7145,2,7,3,1,-0.090909
7145,2,7,4,1,0.36364
7145,2,7,5,2,0.27273
7145,2,7,6,2,-0.72727
7145,2,7,7,1,0.18182
7145,2,7,8,2,-0.45455
7145,2,7,9,1,0.090909
7145,2,7,10,2,-0.54545
7145,2,7,11,2,-0.54545
7145,2,7,12,1,0.090909
7145,2,7,13,2,-0.27273
7145,2,7,14,2,0.090909
7145,2,7,15,1,0.27273
7145,2,7,16,1,0.090909
7145,2,7,17,1,0.45455
7145,2,7,18,1,0.090909
7145,2,7,19,1,0.18182
7145,2,7,20,2,-0.45455
7145,2,7,21,2,-0.27273
7145,2,7,22,2,-0.45455
7145,2,7,23,2,-0.27273
7145,2,7,24,2,-0.45455
7145,2,7,25,1,0.36364
7145,2,7,26,1,0.090909
7145,2,7,27,1,-0.090909
7145,2,7,28,1,0.18182
7145,2,7,29,2,-0.45455
7145,2,7,30,2,-0.090909
7145,2,7,31,1,0.18182
7145,2,7,32,2,0.090909
7145,2,7,33,2,0.090909
7145,2,7,34,1,0.090909
7145,2,7,35,2,-0.27273
7145,2,7,36,2,-0.63636
7145,2,7,37,1,0.090909
7145,2,7,38,1,-0.27273
7145,2,7,39,1,0.45455
7145,2,7,40,1,0.36364
7145,2,7,41,2,-0.36364
7145,2,7,42,1,0.36364
7145,2,7,43,1,-0.090909
7145,2,7,44,2,-0.45455
7145,2,7,45,1,0.63636
7145,2,7,46,1,0.18182
7145,2,7,47,1,-0.090909
7145,2,7,48,2,-0.18182
7145,2,7,49,1,0.45455
7145,2,7,50,2,-0.63636
7145,2,7,51,2,-0.36364
7145,2,8,1,2,-0.090909
7145,2,8,2,1,-0.63636
7145,2,8,3,2,-0.090909
7145,2,8,4,1,0.36364
7145,2,8,5,2,0.18182
7145,2,8,6,1,-0.54545
7145,2,8,7,2,0.45455
7145,2,8,8,2,-0.27273
7145,2,8,9,1,-0.36364
7145,2,8,10,1,-0.36364
7145,2,8,11,2,-0.54545
7145,2,8,12,1,0.81818
7145,2,8,13,1,0.45455
7145,2,8,14,1,0.81818
7145,2,8,15,1,0.36364
7145,2,8,16,1,-0.27273
7145,2,8,17,2,0.36364
7145,2,8,18,1,-0.090909
7145,2,8,19,1,-0.090909
7145,2,8,20,2,-0.36364
7145,2,8,21,2,-0.54545
7145,2,8,22,1,0.36364
7145,2,8,23,2,0.72727
7145,2,8,24,1,-0.45455
7145,2,8,25,2,-0.81818
7145,2,8,26,2,-0.090909
7145,2,8,27,1,0.36364
7145,2,8,28,2,0.81818
7145,2,8,29,1,0.45455
7145,2,8,30,1,0.81818
7145,2,8,31,1,0.45455
7145,2,8,32,2,-0.36364
7145,2,8,33,2,-0.36364
7145,2,8,34,1,-0.27273
7145,2,8,35,1,0.36364
7145,2,8,36,2,-0.63636
7145,2,8,37,1,0.45455
7145,2,8,38,2,0.63636
7145,2,8,39,1,0.45455
7145,2,8,40,1,0.18182
7145,2,8,41,1,0.27273
7145,2,8,42,1,-0.36364
7145,2,8,43,2,-0.54545
7145,2,8,44,2,0.18182
7145,2,8,45,1,0.81818
7145,2,8,46,2,0.090909
7145,2,8,47,2,-0.54545
7145,2,8,48,1,0.81818
7145,2,8,49,2,-0.54545
7145,2,8,50,2,-0.63636
7145,2,8,51,1,-0.090909
7145,2,9,1,1,-0.18182
7145,2,9,2,1,-0.18182
7145,2,9,3,2,-0.45455
7145,2,9,4,2,0.27273
7145,2,9,5,1,0.72727
7145,2,9,6,1,-0.36364
7145,2,9,7,1,0.45455
7145,2,9,8,2,0.54545
7145,2,9,9,1,0.72727
7145,2,9,10,1,-0.27273
7145,2,9,11,2,-0.36364
7145,2,9,12,1,0.36364
7145,2,9,13,1,0.36364
7145,2,9,14,1,-0.45455
7145,2,9,15,1,0.27273
7145,2,9,16,2,0.27273
7145,2,9,17,2,-0.36364
7145,2,9,18,1,0.54545
7145,2,9,19,1,-0.27273
7145,2,9,20,2,-0.18182
7145,2,9,21,2,-0.45455
7145,2,9,22,2,0.72727
7145,2,9,23,1,0.36364
7145,2,9,24,2,-0.18182
7145,2,9,25,2,-0.36364
7145,2,9,26,2,0.36364
7145,2,9,27,2,0.63636
7145,2,9,28,2,-0.45455
7145,2,9,29,2,-0.18182
7145,2,9,30,2,0.45455
7145,2,9,31,1,0.27273
7145,2,9,32,2,-0.45455
7145,2,9,33,2,-0.18182
7145,2,9,34,1,0.72727
7145,2,9,35,2,-0.36364
7145,2,9,36,2,0.45455
7145,2,9,37,1,-0.63636
7145,2,9,38,1,0.27273
7145,2,9,39,1,-0.27273
7145,2,9,40,2,0.090909
7145,2,9,41,1,0.54545
7145,2,9,42,1,-0.72727
7145,2,9,43,1,0.27273
7145,2,9,44,1,0.72727
7145,2,9,45,1,0.72727
7145,2,9,46,1,0.36364
7145,2,9,47,1,-0.81818
7145,2,9,48,2,0.18182
7145,2,9,49,2,-0.45455
7145,2,9,50,1,0.36364
7145,2,9,51,2,-0.36364
7145,2,10,1,1,0.18182
7145,2,10,2,1,0.090909
7145,2,10,3,2,-0.18182
7145,2,10,4,2,0.18182
7145,2,10,5,2,-0.27273
7145,2,10,6,2,-0.36364
7145,2,10,7,2,0.45455
7145,2,10,8,1,-0.090909
7145,2,10,9,1,0.36364
7145,2,10,10,2,-0.090909
7145,2,10,11,1,0.54545
7145,2,10,12,1,0.36364
7145,2,10,13,2,-0.18182
7145,2,10,14,2,-0.18182
7145,2,10,15,1,0.45455
7145,2,10,16,1,0.090909
7145,2,10,17,1,0.45455
7145,2,10,18,2,-0.090909
7145,2,10,19,2,-0.090909
7145,2,10,20,2,0.18182
7145,2,10,21,1,-0.090909
7145,2,10,22,2,-0.36364
7145,2,10,23,1,0.18182
7145,2,10,24,1,0.54545
7145,2,10,25,2,-0.45455
7145,2,10,26,1,0.63636
7145,2,10,27,2,0.18182
7145,2,10,28,1,0.36364
7145,2,10,29,1,0.18182
7145,2,10,30,1,-0.18182
7145,2,10,31,1,0.27273
7145,2,10,32,1,0.45455
7145,2,10,33,1,0.45455
7145,2,10,34,2,-0.36364
7145,2,10,35,1,0.54545
7145,2,10,36,1,-0.090909
7145,2,10,37,2,-0.36364
7145,2,10,38,1,0.18182
7145,2,10,39,2,-0.18182
7145,2,10,40,2,-0.18182
7145,2,10,41,1,0.090909
7145,2,10,42,1,0.63636
7145,2,10,43,2,0.090909
7145,2,10,44,1,0.72727
7145,2,10,45,1,-0.090909
7145,2,10,46,1,0.54545
7145,2,10,47,2,0.18182
7145,2,10,48,1,0.090909
7145,2,10,49,2,-0.27273
7145,2,10,50,1,0.18182
7145,2,10,51,2,-0.36364
7145,2,11,1,1,-0.63636
7145,2,11,2,2,0.81818
7145,2,11,3,1,-0.81818
7145,2,11,4,2,-0.18182
7145,2,11,5,2,-0.63636
7145,2,11,6,2,0.81818
7145,2,11,7,2,-0.18182
7145,2,11,8,2,-0.36364
7145,2,11,9,2,-0.27273
7145,2,11,10,2,-0.54545
7145,2,11,11,1,-0.36364
7145,2,11,12,2,0.36364
7145,2,11,13,1,-0.45455
7145,2,11,14,2,-0.81818
7145,2,11,15,2,-0.45455
7145,2,11,16,2,0.63636
7145,2,11,17,2,0.090909
7145,2,11,18,2,-0.63636
7145,2,11,19,2,-0.63636
7145,2,11,20,1,0.27273
7145,2,11,21,2,-0.27273
7145,2,11,22,2,-0.45455
7145,2,11,23,2,0.72727
7145,2,11,24,1,-0.18182
7145,2,11,25,1,0.81818
7145,2,11,26,1,0.36364
7145,2,11,27,1,0.45455
7145,2,11,28,2,-0.81818
7145,2,11,29,2,-0.54545
7145,2,11,30,2,-0.36364
7145,2,11,31,1,0.81818
7145,2,11,32,2,-0.63636
7145,2,11,33,2,-0.45455
7145,2,11,34,2,-0.36364
7145,2,11,35,2,-0.81818
7145,2,11,36,2,-0.81818
7145,2,11,37,2,0.36364
7145,2,11,38,2,-0.45455
7145,2,11,39,2,-0.18182
7145,2,11,40,1,-0.18182
7145,2,11,41,2,-0.36364
7145,2,11,42,1,0.81818
7145,2,11,43,2,0.18182
7145,2,11,44,2,-0.18182
7145,2,11,45,1,-0.27273
7145,2,11,46,2,-0.54545
7145,2,11,47,1,0.81818
7145,2,11,48,2,-0.63636
7145,2,11,49,2,-0.45455
7145,2,11,50,2,-0.81818
7145,2,11,51,2,-0.36364
7145,2,12,1,2,0.090909
7145,2,12,2,1,0.090909
7145,2,12,3,2,0.45455
7145,2,12,4,1,-0.54545
7145,2,12,5,2,0.18182
7145,2,12,6,2,-0.45455
7145,2,12,7,1,0.090909
7145,2,12,8,2,-0.54545
7145,2,12,9,2,0.27273
7145,2,12,10,1,0.36364
7145,2,12,11,2,-0.45455
7145,2,12,12,2,0.090909
7145,2,12,13,1,0.54545
7145,2,12,14,2,-0.45455
7145,2,12,15,1,0.090909
7145,2,12,16,2,-0.18182
7145,2,12,17,1,0.36364
7145,2,12,18,1,-0.18182
7145,2,12,19,1,0.27273
7145,2,12,20,2,-0.18182
7145,2,12,21,1,0.45455
7145,2,12,22,2,-0.36364
7145,2,12,23,2,-0.54545
7145,2,12,24,1,0.45455
7145,2,12,25,1,0.54545
7145,2,12,26,2,0.090909
7145,2,12,27,1,0.18182
7145,2,12,28,2,-0.36364
7145,2,12,29,1,-0.090909
7145,2,12,30,2,-0.54545
7145,2,12,31,2,0.090909
7145,2,12,32,2,-0.18182
7145,2,12,33,2,-0.54545
7145,2,12,34,2,-0.090909
7145,2,12,35,1,-0.27273
7145,2,12,36,2,-0.45455
7145,2,12,37,1,0.72727
7145,2,12,38,2,-0.45455
7145,2,12,39,2,-0.36364
7145,2,12,40,1,0.090909
7145,2,12,41,1,0.090909
7145,2,12,42,2,-0.54545
7145,2,12,43,1,0.36364
7145,2,12,44,1,0.18182
7145,2,12,45,1,0.63636
7145,2,12,46,2,0.090909
7145,2,12,47,2,-0.54545
7145,2,12,48,1,0.27273
7145,2,12,49,1,0.090909
7145,2,12,50,2,0.090909
7145,2,12,51,2,-0.45455
7145,3,13,1,1,0.090909
7145,3,13,2,2,-0.090909
7145,3,13,3,2,-0.090909
7145,3,13,4,2,0.36364
7145,3,13,5,1,0.27273
7145,3,13,6,2,-0.72727
7145,3,13,7,1,0.18182
7145,3,13,8,2,-0.45455
7145,3,13,9,1,0.090909
7145,3,13,10,2,-0.54545
7145,3,13,11,2,-0.54545
7145,3,13,12,2,0.090909
7145,3,13,13,2,-0.27273
7145,3,13,14,1,0.090909
7145,3,13,15,1,0.27273
7145,3,13,16,1,0.090909
7145,3,13,17,1,0.45455
7145,3,13,18,1,0.090909
7145,3,13,19,1,0.18182
7145,3,13,20,2,-0.45455
7145,3,13,21,2,-0.27273
7145,3,13,22,2,-0.45455
7145,3,13,23,2,-0.27273
7145,3,13,24,2,-0.45455
7145,3,13,25,1,0.36364
7145,3,13,26,1,0.090909
7145,3,13,27,1,-0.090909
7145,3,13,28,1,0.18182
7145,3,13,29,2,-0.45455
7145,3,13,30,1,-0.090909
7145,3,13,31,1,0.18182
7145,3,13,32,1,0.090909
7145,3,13,33,1,0.090909
7145,3,13,34,1,0.090909
7145,3,13,35,2,-0.27273
7145,3,13,36,2,-0.63636
7145,3,13,37,1,0.090909
7145,3,13,38,1,-0.27273
7145,3,13,39,1,0.45455
7145,3,13,40,1,0.36364
7145,3,13,41,2,-0.36364
7145,3,13,42,1,0.36364
7145,3,13,43,1,-0.090909
7145,3,13,44,2,-0.45455
7145,3,13,45,1,0.63636
7145,3,13,46,1,0.18182
7145,3,13,47,2,-0.090909
7145,3,13,48,1,-0.18182
7145,3,13,49,1,0.45455
7145,3,13,50,2,-0.63636
7145,3,13,51,2,-0.36364
7145,3,14,1,2,-0.090909
7145,3,14,2,2,-0.63636
7145,3,14,3,1,-0.090909
7145,3,14,4,1,0.36364
7145,3,14,5,1,0.18182
7145,3,14,6,1,-0.54545
7145,3,14,7,2,0.45455
7145,3,14,8,2,-0.27273
7145,3,14,9,1,-0.36364
7145,3,14,10,2,-0.36364
7145,3,14,11,2,-0.54545
7145,3,14,12,2,0.81818
7145,3,14,13,1,0.45455
7145,3,14,14,1,0.81818
7145,3,14,15,1,0.36364
7145,3,14,16,2,-0.27273
7145,3,14,17,1,0.36364
7145,3,14,18,1,-0.090909
7145,3,14,19,1,-0.090909
7145,3,14,20,2,-0.36364
7145,3,14,21,2,-0.54545
7145,3,14,22,1,0.36364
7145,3,14,23,2,0.72727
7145,3,14,24,2,-0.45455
7145,3,14,25,1,-0.81818
7145,3,14,26,2,-0.090909
7145,3,14,27,1,0.36364
7145,3,14,28,2,0.81818
7145,3,14,29,1,0.45455
7145,3,14,30,1,0.81818
7145,3,14,31,1,0.45455
7145,3,14,32,2,-0.36364
7145,3,14,33,2,-0.36364
7145,3,14,34,2,-0.27273
7145,3,14,35,1,0.36364
7145,3,14,36,2,-0.63636
7145,3,14,37,1,0.45455
7145,3,14,38,1,0.63636
7145,3,14,39,1,0.45455
7145,3,14,40,1,0.18182
7145,3,14,41,2,0.27273
7145,3,14,42,2,-0.36364
7145,3,14,43,1,-0.54545
7145,3,14,44,1,0.18182
7145,3,14,45,1,0.81818
7145,3,14,46,2,0.090909
7145,3,14,47,2,-0.54545
7145,3,14,48,1,0.81818
7145,3,14,49,2,-0.54545
7145,3,14,50,2,-0.63636
7145,3,14,51,1,-0.090909
7145,3,15,1,1,-0.18182
7145,3,15,2,2,-0.18182
7145,3,15,3,2,-0.45455
7145,3,15,4,1,0.27273
7145,3,15,5,1,0.72727
7145,3,15,6,2,-0.36364
7145,3,15,7,2,0.45455
7145,3,15,8,2,0.54545
7145,3,15,9,1,0.72727
7145,3,15,10,1,-0.27273
7145,3,15,11,2,-0.36364
7145,3,15,12,1,0.36364
7145,3,15,13,1,0.36364
7145,3,15,14,2,-0.45455
7145,3,15,15,1,0.27273
7145,3,15,16,1,0.27273
7145,3,15,17,1,-0.36364
7145,3,15,18,2,0.54545
7145,3,15,19,2,-0.27273
7145,3,15,20,2,-0.18182
7145,3,15,21,2,-0.45455
7145,3,15,22,1,0.72727
7145,3,15,23,1,0.36364
7145,3,15,24,2,-0.18182
7145,3,15,25,2,-0.36364
7145,3,15,26,1,0.36364
7145,3,15,27,2,0.63636
7145,3,15,28,2,-0.45455
7145,3,15,29,2,-0.18182
7145,3,15,30,2,0.45455
7145,3,15,31,1,0.27273
7145,3,15,32,2,-0.45455
7145,3,15,33,2,-0.18182
7145,3,15,34,1,0.72727
7145,3,15,35,2,-0.36364
7145,3,15,36,2,0.45455
7145,3,15,37,1,-0.63636
7145,3,15,38,1,0.27273
7145,3,15,39,1,-0.27273
7145,3,15,40,1,0.090909
7145,3,15,41,1,0.54545
7145,3,15,42,2,-0.72727
7145,3,15,43,1,0.27273
7145,3,15,44,1,0.72727
7145,3,15,45,1,0.72727
7145,3,15,46,1,0.36364
7145,3,15,47,2,-0.81818
7145,3,15,48,1,0.18182
7145,3,15,49,2,-0.45455
7145,3,15,50,2,0.36364
7145,3,15,51,2,-0.36364
7145,3,16,1,2,0.18182
7145,3,16,2,2,0.090909
7145,3,16,3,1,-0.18182
7145,3,16,4,1,0.18182
7145,3,16,5,1,-0.27273
7145,3,16,6,2,-0.36364
7145,3,16,7,2,0.45455
7145,3,16,8,1,-0.090909
7145,3,16,9,1,0.36364
7145,3,16,10,2,-0.090909
7145,3,16,11,1,0.54545
7145,3,16,12,2,0.36364
7145,3,16,13,2,-0.18182
7145,3,16,14,2,-0.18182
7145,3,16,15,1,0.45455
7145,3,16,16,1,0.090909
7145,3,16,17,1,0.45455
7145,3,16,18,2,-0.090909
7145,3,16,19,2,-0.090909
7145,3,16,20,2,0.18182
7145,3,16,21,2,-0.090909
7145,3,16,22,2,-0.36364
7145,3,16,23,1,0.18182
7145,3,16,24,1,0.54545
7145,3,16,25,2,-0.45455
7145,3,16,26,1,0.63636
7145,3,16,27,2,0.18182
7145,3,16,28,1,0.36364
7145,3,16,29,1,0.18182
7145,3,16,30,1,-0.18182
7145,3,16,31,1,0.27273
7145,3,16,32,1,0.45455
7145,3,16,33,1,0.45455
7145,3,16,34,2,-0.36364
7145,3,16,35,1,0.54545
7145,3,16,36,2,-0.090909
7145,3,16,37,2,-0.36364
7145,3,16,38,1,0.18182
7145,3,16,39,2,-0.18182
7145,3,16,40,2,-0.18182
7145,3,16,41,2,0.090909
7145,3,16,42,1,0.63636
7145,3,16,43,1,0.090909
7145,3,16,44,1,0.72727
7145,3,16,45,1,-0.090909
7145,3,16,46,1,0.54545
7145,3,16,47,2,0.18182
7145,3,16,48,2,0.090909
7145,3,16,49,2,-0.27273
7145,3,16,50,1,0.18182
7145,3,16,51,2,-0.36364
7145,3,17,1,2,-0.63636
7145,3,17,2,2,0.81818
7145,3,17,3,2,-0.81818
7145,3,17,4,2,-0.18182
7145,3,17,5,2,-0.63636
7145,3,17,6,1,0.81818
7145,3,17,7,2,-0.18182
7145,3,17,8,2,-0.36364
7145,3,17,9,1,-0.27273
7145,3,17,10,2,-0.54545
7145,3,17,11,2,-0.36364
7145,3,17,12,2,0.36364
7145,3,17,13,2,-0.45455
7145,3,17,14,2,-0.81818
7145,3,17,15,2,-0.45455
7145,3,17,16,2,0.63636
7145,3,17,17,2,0.090909
7145,3,17,18,2,-0.63636
7145,3,17,19,2,-0.63636
7145,3,17,20,1,0.27273
7145,3,17,21,2,-0.27273
7145,3,17,22,2,-0.45455
7145,3,17,23,2,0.72727
7145,3,17,24,2,-0.18182
7145,3,17,25,1,0.81818
7145,3,17,26,1,0.36364
7145,3,17,27,1,0.45455
7145,3,17,28,2,-0.81818
7145,3,17,29,2,-0.54545
7145,3,17,30,2,-0.36364
7145,3,17,31,1,0.81818
7145,3,17,32,2,-0.63636
7145,3,17,33,2,-0.45455
7145,3,17,34,2,-0.36364
7145,3,17,35,2,-0.81818
7145,3,17,36,2,-0.81818
7145,3,17,37,2,0.36364
7145,3,17,38,2,-0.45455
7145,3,17,39,2,-0.18182
7145,3,17,40,2,-0.18182
7145,3,17,41,2,-0.36364
7145,3,17,42,1,0.81818
7145,3,17,43,2,0.18182
7145,3,17,44,2,-0.18182
7145,3,17,45,1,-0.27273
7145,3,17,46,2,-0.54545
7145,3,17,47,1,0.81818
7145,3,17,48,1,-0.63636
7145,3,17,49,2,-0.45455
7145,3,17,50,2,-0.81818
7145,3,17,51,2,-0.36364
7145,3,18,1,2,0.090909
7145,3,18,2,1,0.090909
7145,3,18,3,1,0.45455
7145,3,18,4,1,-0.54545
7145,3,18,5,1,0.18182
7145,3,18,6,2,-0.45455
7145,3,18,7,1,0.090909
7145,3,18,8,2,-0.54545
7145,3,18,9,1,0.27273
7145,3,18,10,1,0.36364
7145,3,18,11,2,-0.45455
7145,3,18,12,2,0.090909
7145,3,18,13,1,0.54545
7145,3,18,14,2,-0.45455
7145,3,18,15,1,0.090909
7145,3,18,16,1,-0.18182
7145,3,18,17,1,0.36364
7145,3,18,18,2,-0.18182
7145,3,18,19,2,0.27273
7145,3,18,20,2,-0.18182
7145,3,18,21,1,0.45455
7145,3,18,22,2,-0.36364
7145,3,18,23,2,-0.54545
7145,3,18,24,1,0.45455
7145,3,18,25,1,0.54545
7145,3,18,26,2,0.090909
7145,3,18,27,1,0.18182
7145,3,18,28,2,-0.36364
7145,3,18,29,2,-0.090909
7145,3,18,30,2,-0.54545
7145,3,18,31,1,0.090909
7145,3,18,32,2,-0.18182
7145,3,18,33,2,-0.54545
7145,3,18,34,1,-0.090909
7145,3,18,35,1,-0.27273
7145,3,18,36,2,-0.45455
7145,3,18,37,1,0.72727
7145,3,18,38,2,-0.45455
7145,3,18,39,2,-0.36364
7145,3,18,40,1,0.090909
7145,3,18,41,1,0.090909
7145,3,18,42,2,-0.54545
7145,3,18,43,1,0.36364
7145,3,18,44,1,0.18182
7145,3,18,45,1,0.63636
7145,3,18,46,2,0.090909
7145,3,18,47,2,-0.54545
7145,3,18,48,1,0.27273
7145,3,18,49,2,0.090909
7145,3,18,50,2,0.090909
7145,3,18,51,2,-0.45455
7145,4,19,1,1,0.090909
7145,4,19,2,2,-0.090909
7145,4,19,3,1,-0.090909
7145,4,19,4,1,0.36364
7145,4,19,5,2,0.27273
7145,4,19,6,2,-0.72727
7145,4,19,7,1,0.18182
7145,4,19,8,2,-0.45455
7145,4,19,9,1,0.090909
7145,4,19,10,2,-0.54545
7145,4,19,11,2,-0.54545
7145,4,19,12,2,0.090909
7145,4,19,13,2,-0.27273
7145,4,19,14,1,0.090909
7145,4,19,15,1,0.27273
7145,4,19,16,1,0.090909
7145,4,19,17,2,0.45455
7145,4,19,18,1,0.090909
7145,4,19,19,2,0.18182
7145,4,19,20,2,-0.45455
7145,4,19,21,2,-0.27273
7145,4,19,22,2,-0.45455
7145,4,19,23,2,-0.27273
7145,4,19,24,2,-0.45455
7145,4,19,25,1,0.36364
7145,4,19,26,1,0.090909
7145,4,19,27,1,-0.090909
7145,4,19,28,1,0.18182
7145,4,19,29,2,-0.45455
7145,4,19,30,2,-0.090909
7145,4,19,31,1,0.18182
7145,4,19,32,2,0.090909
7145,4,19,33,2,0.090909
7145,4,19,34,1,0.090909
7145,4,19,35,2,-0.27273
7145,4,19,36,2,-0.63636
7145,4,19,37,1,0.090909
7145,4,19,38,1,-0.27273
7145,4,19,39,1,0.45455
7145,4,19,40,1,0.36364
7145,4,19,41,2,-0.36364
7145,4,19,42,2,0.36364
7145,4,19,43,1,-0.090909
7145,4,19,44,2,-0.45455
7145,4,19,45,1,0.63636
7145,4,19,46,1,0.18182
7145,4,19,47,2,-0.090909
7145,4,19,48,2,-0.18182
7145,4,19,49,1,0.45455
7145,4,19,50,2,-0.63636
7145,4,19,51,2,-0.36364
7145,4,20,1,1,-0.090909
7145,4,20,2,1,-0.63636
7145,4,20,3,1,-0.090909
7145,4,20,4,1,0.36364
7145,4,20,5,1,0.18182
7145,4,20,6,2,-0.54545
7145,4,20,7,2,0.45455
7145,4,20,8,2,-0.27273
7145,4,20,9,2,-0.36364
7145,4,20,10,2,-0.36364
7145,4,20,11,2,-0.54545
7145,4,20,12,2,0.81818
7145,4,20,13,2,0.45455
7145,4,20,14,1,0.81818
7145,4,20,15,1,0.36364
7145,4,20,16,1,-0.27273
7145,4,20,17,1,0.36364
7145,4,20,18,1,-0.090909
7145,4,20,19,2,-0.090909
7145,4,20,20,2,-0.36364
7145,4,20,21,1,-0.54545
7145,4,20,22,1,0.36364
7145,4,20,23,2,0.72727
7145,4,20,24,2,-0.45455
7145,4,20,25,2,-0.81818
7145,4,20,26,2,-0.090909
7145,4,20,27,1,0.36364
7145,4,20,28,1,0.81818
7145,4,20,29,1,0.45455
7145,4,20,30,1,0.81818
7145,4,20,31,1,0.45455
7145,4,20,32,1,-0.36364
7145,4,20,33,2,-0.36364
7145,4,20,34,1,-0.27273
7145,4,20,35,1,0.36364
7145,4,20,36,1,-0.63636
7145,4,20,37,2,0.45455
7145,4,20,38,1,0.63636
7145,4,20,39,1,0.45455
7145,4,20,40,1,0.18182
7145,4,20,41,2,0.27273
7145,4,20,42,2,-0.36364
7145,4,20,43,2,-0.54545
7145,4,20,44,1,0.18182
7145,4,20,45,1,0.81818
7145,4,20,46,2,0.090909
7145,4,20,47,2,-0.54545
7145,4,20,48,1,0.81818
7145,4,20,49,2,-0.54545
7145,4,20,50,2,-0.63636
7145,4,20,51,1,-0.090909
7145,4,21,1,2,-0.18182
7145,4,21,2,2,-0.18182
7145,4,21,3,2,-0.45455
7145,4,21,4,1,0.27273
7145,4,21,5,1,0.72727
7145,4,21,6,2,-0.36364
7145,4,21,7,2,0.45455
7145,4,21,8,2,0.54545
7145,4,21,9,1,0.72727
7145,4,21,10,1,-0.27273
7145,4,21,11,1,-0.36364
7145,4,21,12,1,0.36364
7145,4,21,13,1,0.36364
7145,4,21,14,1,-0.45455
7145,4,21,15,1,0.27273
7145,4,21,16,1,0.27273
7145,4,21,17,2,-0.36364
7145,4,21,18,2,0.54545
7145,4,21,19,1,-0.27273
7145,4,21,20,1,-0.18182
7145,4,21,21,2,-0.45455
7145,4,21,22,1,0.72727
7145,4,21,23,1,0.36364
7145,4,21,24,2,-0.18182
7145,4,21,25,2,-0.36364
7145,4,21,26,1,0.36364
7145,4,21,27,2,0.63636
7145,4,21,28,2,-0.45455
7145,4,21,29,2,-0.18182
7145,4,21,30,1,0.45455
7145,4,21,31,1,0.27273
7145,4,21,32,2,-0.45455
7145,4,21,33,1,-0.18182
7145,4,21,34,1,0.72727
7145,4,21,35,2,-0.36364
7145,4,21,36,1,0.45455
7145,4,21,37,1,-0.63636
7145,4,21,38,1,0.27273
7145,4,21,39,2,-0.27273
7145,4,21,40,2,0.090909
7145,4,21,41,1,0.54545
7145,4,21,42,2,-0.72727
7145,4,21,43,1,0.27273
7145,4,21,44,1,0.72727
7145,4,21,45,1,0.72727
7145,4,21,46,1,0.36364
7145,4,21,47,2,-0.81818
7145,4,21,48,2,0.18182
7145,4,21,49,2,-0.45455
7145,4,21,50,1,0.36364
7145,4,21,51,2,-0.36364
7145,4,22,1,2,0.18182
7145,4,22,2,1,0.090909
7145,4,22,3,2,-0.18182
7145,4,22,4,2,0.18182
7145,4,22,5,2,-0.27273
7145,4,22,6,2,-0.36364
7145,4,22,7,2,0.45455
7145,4,22,8,2,-0.090909
7145,4,22,9,1,0.36364
7145,4,22,10,2,-0.090909
7145,4,22,11,1,0.54545
7145,4,22,12,1,0.36364
7145,4,22,13,2,-0.18182
7145,4,22,14,2,-0.18182
7145,4,22,15,1,0.45455
7145,4,22,16,1,0.090909
7145,4,22,17,1,0.45455
7145,4,22,18,1,-0.090909
7145,4,22,19,2,-0.090909
7145,4,22,20,2,0.18182
7145,4,22,21,2,-0.090909
7145,4,22,22,2,-0.36364
7145,4,22,23,2,0.18182
7145,4,22,24,1,0.54545
7145,4,22,25,2,-0.45455
7145,4,22,26,1,0.63636
7145,4,22,27,2,0.18182
7145,4,22,28,1,0.36364
7145,4,22,29,1,0.18182
7145,4,22,30,1,-0.18182
7145,4,22,31,1,0.27273
7145,4,22,32,1,0.45455
7145,4,22,33,1,0.45455
7145,4,22,34,2,-0.36364
7145,4,22,35,1,0.54545
7145,4,22,36,2,-0.090909
7145,4,22,37,2,-0.36364
7145,4,22,38,1,0.18182
7145,4,22,39,2,-0.18182
7145,4,22,40,2,-0.18182
7145,4,22,41,1,0.090909
7145,4,22,42,1,0.63636
7145,4,22,43,1,0.090909
7145,4,22,44,1,0.72727
7145,4,22,45,1,-0.090909
7145,4,22,46,1,0.54545
7145,4,22,47,2,0.18182
7145,4,22,48,2,0.090909
7145,4,22,49,2,-0.27273
7145,4,22,50,1,0.18182
7145,4,22,51,2,-0.36364
7145,4,23,1,2,-0.63636
7145,4,23,2,2,0.81818
7145,4,23,3,2,-0.81818
7145,4,23,4,2,-0.18182
7145,4,23,5,1,-0.63636
7145,4,23,6,1,0.81818
7145,4,23,7,2,-0.18182
7145,4,23,8,2,-0.36364
7145,4,23,9,1,-0.27273
7145,4,23,10,2,-0.54545
7145,4,23,11,2,-0.36364
7145,4,23,12,2,0.36364
7145,4,23,13,2,-0.45455
7145,4,23,14,2,-0.81818
7145,4,23,15,2,-0.45455
7145,4,23,16,2,0.63636
7145,4,23,17,2,0.090909
7145,4,23,18,2,-0.63636
7145,4,23,19,2,-0.63636
7145,4,23,20,2,0.27273
7145,4,23,21,2,-0.27273
7145,4,23,22,2,-0.45455
7145,4,23,23,2,0.72727
7145,4,23,24,2,-0.18182
7145,4,23,25,1,0.81818
7145,4,23,26,1,0.36364
7145,4,23,27,2,0.45455
7145,4,23,28,2,-0.81818
7145,4,23,29,1,-0.54545
7145,4,23,30,1,-0.36364
7145,4,23,31,1,0.81818
7145,4,23,32,2,-0.63636
7145,4,23,33,2,-0.45455
7145,4,23,34,2,-0.36364
7145,4,23,35,2,-0.81818
7145,4,23,36,2,-0.81818
7145,4,23,37,2,0.36364
7145,4,23,38,2,-0.45455
7145,4,23,39,2,-0.18182
7145,4,23,40,2,-0.18182
7145,4,23,41,2,-0.36364
7145,4,23,42,1,0.81818
7145,4,23,43,2,0.18182
7145,4,23,44,2,-0.18182
7145,4,23,45,1,-0.27273
7145,4,23,46,2,-0.54545
7145,4,23,47,1,0.81818
7145,4,23,48,1,-0.63636
7145,4,23,49,2,-0.45455
7145,4,23,50,2,-0.81818
7145,4,23,51,2,-0.36364
7145,4,24,1,2,0.090909
7145,4,24,2,2,0.090909
7145,4,24,3,2,0.45455
7145,4,24,4,1,-0.54545
7145,4,24,5,1,0.18182
7145,4,24,6,2,-0.45455
7145,4,24,7,1,0.090909
7145,4,24,8,2,-0.54545
7145,4,24,9,1,0.27273
7145,4,24,10,1,0.36364
7145,4,24,11,2,-0.45455
7145,4,24,12,2,0.090909
7145,4,24,13,1,0.54545
7145,4,24,14,2,-0.45455
7145,4,24,15,1,0.090909
7145,4,24,16,2,-0.18182
7145,4,24,17,1,0.36364
7145,4,24,18,1,-0.18182
7145,4,24,19,1,0.27273
7145,4,24,20,2,-0.18182
7145,4,24,21,1,0.45455
7145,4,24,22,2,-0.36364
7145,4,24,23,2,-0.54545
7145,4,24,24,1,0.45455
7145,4,24,25,1,0.54545
7145,4,24,26,2,0.090909
7145,4,24,27,1,0.18182
7145,4,24,28,2,-0.36364
7145,4,24,29,2,-0.090909
7145,4,24,30,2,-0.54545
7145,4,24,31,1,0.090909
7145,4,24,32,1,-0.18182
7145,4,24,33,2,-0.54545
7145,4,24,34,2,-0.090909
7145,4,24,35,1,-0.27273
7145,4,24,36,2,-0.45455
7145,4,24,37,1,0.72727
7145,4,24,38,2,-0.45455
7145,4,24,39,2,-0.36364
7145,4,24,40,1,0.090909
7145,4,24,41,2,0.090909
7145,4,24,42,2,-0.54545
7145,4,24,43,1,0.36364
7145,4,24,44,1,0.18182
7145,4,24,45,1,0.63636
7145,4,24,46,2,0.090909
7145,4,24,47,2,-0.54545
7145,4,24,48,1,0.27273
7145,4,24,49,1,0.090909
7145,4,24,50,2,0.090909
7145,4,24,51,2,-0.45455
7145,5,25,1,2,0.090909
7145,5,25,2,2,-0.090909
7145,5,25,3,1,-0.090909
7145,5,25,4,2,0.36364
7145,5,25,5,1,0.27273
7145,5,25,6,2,-0.72727
7145,5,25,7,1,0.18182
7145,5,25,8,1,-0.45455
7145,5,25,9,1,0.090909
7145,5,25,10,2,-0.54545
7145,5,25,11,2,-0.54545
7145,5,25,12,2,0.090909
7145,5,25,13,2,-0.27273
7145,5,25,14,2,0.090909
7145,5,25,15,2,0.27273
7145,5,25,16,1,0.090909
7145,5,25,17,1,0.45455
7145,5,25,18,1,0.090909
7145,5,25,19,1,0.18182
7145,5,25,20,2,-0.45455
7145,5,25,21,2,-0.27273
7145,5,25,22,2,-0.45455
7145,5,25,23,2,-0.27273
7145,5,25,24,2,-0.45455
7145,5,25,25,1,0.36364
7145,5,25,26,1,0.090909
7145,5,25,27,1,-0.090909
7145,5,25,28,1,0.18182
7145,5,25,29,2,-0.45455
7145,5,25,30,2,-0.090909
7145,5,25,31,1,0.18182
7145,5,25,32,2,0.090909
7145,5,25,33,1,0.090909
7145,5,25,34,1,0.090909
7145,5,25,35,2,-0.27273
7145,5,25,36,2,-0.63636
7145,5,25,37,2,0.090909
7145,5,25,38,2,-0.27273
7145,5,25,39,1,0.45455
7145,5,25,40,1,0.36364
7145,5,25,41,2,-0.36364
7145,5,25,42,1,0.36364
7145,5,25,43,2,-0.090909
7145,5,25,44,2,-0.45455
7145,5,25,45,2,0.63636
7145,5,25,46,1,0.18182
7145,5,25,47,1,-0.090909
7145,5,25,48,1,-0.18182
7145,5,25,49,1,0.45455
7145,5,25,50,2,-0.63636
7145,5,25,51,2,-0.36364
7145,5,26,1,1,-0.090909
7145,5,26,2,1,-0.63636
7145,5,26,3,2,-0.090909
7145,5,26,4,2,0.36364
7145,5,26,5,2,0.18182
7145,5,26,6,1,-0.54545
7145,5,26,7,1,0.45455
7145,5,26,8,2,-0.27273
7145,5,26,9,1,-0.36364
7145,5,26,10,2,-0.36364
7145,5,26,11,2,-0.54545
7145,5,26,12,1,0.81818
7145,5,26,13,1,0.45455
7145,5,26,14,1,0.81818
7145,5,26,15,2,0.36364
7145,5,26,16,2,-0.27273
7145,5,26,17,2,0.36364
7145,5,26,18,1,-0.090909
7145,5,26,19,2,-0.090909
7145,5,26,20,1,-0.36364
7145,5,26,21,2,-0.54545
7145,5,26,22,1,0.36364
7145,5,26,23,1,0.72727
7145,5,26,24,1,-0.45455
7145,5,26,25,1,-0.81818
7145,5,26,26,2,-0.090909
7145,5,26,27,1,0.36364
7145,5,26,28,1,0.81818
7145,5,26,29,1,0.45455
7145,5,26,30,1,0.81818
7145,5,26,31,1,0.45455
7145,5,26,32,2,-0.36364
7145,5,26,33,2,-0.36364
7145,5,26,34,1,-0.27273
7145,5,26,35,1,0.36364
7145,5,26,36,1,-0.63636
7145,5,26,37,1,0.45455
7145,5,26,38,1,0.63636
7145,5,26,39,1,0.45455
7145,5,26,40,1,0.18182
7145,5,26,41,1,0.27273
7145,5,26,42,1,-0.36364
7145,5,26,43,2,-0.54545
7145,5,26,44,2,0.18182
7145,5,26,45,1,0.81818
7145,5,26,46,1,0.090909
7145,5,26,47,2,-0.54545
7145,5,26,48,1,0.81818
7145,5,26,49,2,-0.54545
7145,5,26,50,2,-0.63636
7145,5,26,51,1,-0.090909
7145,5,27,1,1,-0.18182
7145,5,27,2,1,-0.18182
7145,5,27,3,1,-0.45455
7145,5,27,4,1,0.27273
7145,5,27,5,2,0.72727
7145,5,27,6,2,-0.36364
7145,5,27,7,2,0.45455
7145,5,27,8,2,0.54545
7145,5,27,9,1,0.72727
7145,5,27,10,2,-0.27273
7145,5,27,11,2,-0.36364
7145,5,27,12,2,0.36364
7145,5,27,13,1,0.36364
7145,5,27,14,1,-0.45455
7145,5,27,15,1,0.27273
7145,5,27,16,1,0.27273
7145,5,27,17,2,-0.36364
7145,5,27,18,1,0.54545
7145,5,27,19,1,-0.27273
7145,5,27,20,2,-0.18182
7145,5,27,21,1,-0.45455
7145,5,27,22,1,0.72727
7145,5,27,23,2,0.36364
7145,5,27,24,2,-0.18182
7145,5,27,25,2,-0.36364
7145,5,27,26,1,0.36364
7145,5,27,27,1,0.63636
7145,5,27,28,2,-0.45455
7145,5,27,29,2,-0.18182
7145,5,27,30,2,0.45455
7145,5,27,31,1,0.27273
7145,5,27,32,2,-0.45455
7145,5,27,33,1,-0.18182
7145,5,27,34,1,0.72727
7145,5,27,35,2,-0.36364
7145,5,27,36,1,0.45455
7145,5,27,37,1,-0.63636
7145,5,27,38,1,0.27273
7145,5,27,39,1,-0.27273
7145,5,27,40,1,0.090909
7145,5,27,41,1,0.54545
7145,5,27,42,1,-0.72727
7145,5,27,43,1,0.27273
7145,5,27,44,1,0.72727
7145,5,27,45,1,0.72727
7145,5,27,46,2,0.36364
7145,5,27,47,1,-0.81818
7145,5,27,48,2,0.18182
7145,5,27,49,2,-0.45455
7145,5,27,50,1,0.36364
7145,5,27,51,2,-0.36364
7145,5,28,1,2,0.18182
7145,5,28,2,2,0.090909
7145,5,28,3,1,-0.18182
7145,5,28,4,2,0.18182
7145,5,28,5,2,-0.27273
7145,5,28,6,2,-0.36364
7145,5,28,7,2,0.45455
7145,5,28,8,2,-0.090909
7145,5,28,9,2,0.36364
7145,5,28,10,2,-0.090909
7145,5,28,11,1,0.54545
7145,5,28,12,1,0.36364
7145,5,28,13,1,-0.18182
7145,5,28,14,2,-0.18182
7145,5,28,15,2,0.45455
7145,5,28,16,1,0.090909
7145,5,28,17,1,0.45455
7145,5,28,18,1,-0.090909
7145,5,28,19,2,-0.090909
7145,5,28,20,1,0.18182
7145,5,28,21,1,-0.090909
7145,5,28,22,2,-0.36364
7145,5,28,23,2,0.18182
7145,5,28,24,1,0.54545
7145,5,28,25,2,-0.45455
7145,5,28,26,1,0.63636
7145,5,28,27,2,0.18182
7145,5,28,28,1,0.36364
7145,5,28,29,1,0.18182
7145,5,28,30,1,-0.18182
7145,5,28,31,1,0.27273
7145,5,28,32,1,0.45455
7145,5,28,33,1,0.45455
7145,5,28,34,2,-0.36364
7145,5,28,35,1,0.54545
7145,5,28,36,2,-0.090909
7145,5,28,37,1,-0.36364
7145,5,28,38,1,0.18182
7145,5,28,39,2,-0.18182
7145,5,28,40,2,-0.18182
7145,5,28,41,2,0.090909
7145,5,28,42,1,0.63636
7145,5,28,43,2,0.090909
7145,5,28,44,1,0.72727
7145,5,28,45,1,-0.090909
7145,5,28,46,1,0.54545
7145,5,28,47,2,0.18182
7145,5,28,48,1,0.090909
7145,5,28,49,2,-0.27273
7145,5,28,50,1,0.18182
7145,5,28,51,2,-0.36364
7145,5,29,1,1,-0.63636
7145,5,29,2,1,0.81818
7145,5,29,3,2,-0.81818
7145,5,29,4,1,-0.18182
7145,5,29,5,2,-0.63636
7145,5,29,6,1,0.81818
7145,5,29,7,2,-0.18182
7145,5,29,8,2,-0.36364
7145,5,29,9,2,-0.27273
7145,5,29,10,2,-0.54545
7145,5,29,11,2,-0.36364
7145,5,29,12,2,0.36364
7145,5,29,13,2,-0.45455
7145,5,29,14,1,-0.81818
7145,5,29,15,2,-0.45455
7145,5,29,16,2,0.63636
7145,5,29,17,1,0.090909
7145,5,29,18,2,-0.63636
7145,5,29,19,2,-0.63636
7145,5,29,20,2,0.27273
7145,5,29,21,2,-0.27273
7145,5,29,22,2,-0.45455
7145,5,29,23,2,0.72727
7145,5,29,24,1,-0.18182
7145,5,29,25,1,0.81818
7145,5,29,26,1,0.36364
7145,5,29,27,1,0.45455
7145,5,29,28,2,-0.81818
7145,5,29,29,2,-0.54545
7145,5,29,30,2,-0.36364
7145,5,29,31,1,0.81818
7145,5,29,32,2,-0.63636
7145,5,29,33,2,-0.45455
7145,5,29,34,2,-0.36364
7145,5,29,35,2,-0.81818
7145,5,29,36,2,-0.81818
7145,5,29,37,2,0.36364
7145,5,29,38,2,-0.45455
7145,5,29,39,2,-0.18182
7145,5,29,40,1,-0.18182
7145,5,29,41,2,-0.36364
7145,5,29,42,1,0.81818
7145,5,29,43,2,0.18182
7145,5,29,44,2,-0.18182
7145,5,29,45,1,-0.27273
7145,5,29,46,2,-0.54545
7145,5,29,47,1,0.81818
7145,5,29,48,2,-0.63636
7145,5,29,49,2,-0.45455
7145,5,29,50,2,-0.81818
7145,5,29,51,1,-0.36364
7145,5,30,1,1,0.090909
7145,5,30,2,2,0.090909
7145,5,30,3,2,0.45455
7145,5,30,4,2,-0.54545
7145,5,30,5,1,0.18182
7145,5,30,6,2,-0.45455
7145,5,30,7,1,0.090909
7145,5,30,8,2,-0.54545
7145,5,30,9,1,0.27273
7145,5,30,10,1,0.36364
7145,5,30,11,2,-0.45455
7145,5,30,12,2,0.090909
7145,5,30,13,1,0.54545
7145,5,30,14,2,-0.45455
7145,5,30,15,1,0.090909
7145,5,30,16,1,-0.18182
7145,5,30,17,1,0.36364
7145,5,30,18,1,-0.18182
7145,5,30,19,1,0.27273
7145,5,30,20,1,-0.18182
7145,5,30,21,1,0.45455
7145,5,30,22,2,-0.36364
7145,5,30,23,2,-0.54545
7145,5,30,24,1,0.45455
7145,5,30,25,1,0.54545
7145,5,30,26,2,0.090909
7145,5,30,27,1,0.18182
7145,5,30,28,2,-0.36364
7145,5,30,29,2,-0.090909
7145,5,30,30,2,-0.54545
7145,5,30,31,1,0.090909
7145,5,30,32,2,-0.18182
7145,5,30,33,2,-0.54545
7145,5,30,34,1,-0.090909
7145,5,30,35,2,-0.27273
7145,5,30,36,2,-0.45455
7145,5,30,37,1,0.72727
7145,5,30,38,2,-0.45455
7145,5,30,39,2,-0.36364
7145,5,30,40,1,0.090909
7145,5,30,41,2,0.090909
7145,5,30,42,2,-0.54545
7145,5,30,43,1,0.36364
7145,5,30,44,1,0.18182
7145,5,30,45,1,0.63636
7145,5,30,46,2,0.090909
7145,5,30,47,2,-0.54545
7145,5,30,48,1,0.27273
7145,5,30,49,1,0.090909
7145,5,30,50,1,0.090909
7145,5,30,51,2,-0.45455
7145,6,31,1,2,0.090909
7145,6,31,2,2,-0.090909
7145,6,31,3,2,-0.090909
7145,6,31,4,2,0.36364
7145,6,31,5,2,0.27273
7145,6,31,6,2,-0.72727
7145,6,31,7,2,0.18182
7145,6,31,8,1,-0.45455
7145,6,31,9,1,0.090909
7145,6,31,10,2,-0.54545
7145,6,31,11,2,-0.54545
7145,6,31,12,2,0.090909
7145,6,31,13,2,-0.27273
7145,6,31,14,2,0.090909
7145,6,31,15,2,0.27273
7145,6,31,16,1,0.090909
7145,6,31,17,1,0.45455
7145,6,31,18,1,0.090909
7145,6,31,19,1,0.18182
7145,6,31,20,2,-0.45455
7145,6,31,21,2,-0.27273
7145,6,31,22,2,-0.45455
7145,6,31,23,2,-0.27273
7145,6,31,24,2,-0.45455
7145,6,31,25,2,0.36364
7145,6,31,26,2,0.090909
7145,6,31,27,1,-0.090909
7145,6,31,28,1,0.18182
7145,6,31,29,2,-0.45455
7145,6,31,30,1,-0.090909
7145,6,31,31,2,0.18182
7145,6,31,32,1,0.090909
7145,6,31,33,1,0.090909
7145,6,31,34,1,0.090909
7145,6,31,35,2,-0.27273
7145,6,31,36,2,-0.63636
7145,6,31,37,2,0.090909
7145,6,31,38,1,-0.27273
7145,6,31,39,1,0.45455
7145,6,31,40,1,0.36364
7145,6,31,41,2,-0.36364
7145,6,31,42,1,0.36364
7145,6,31,43,1,-0.090909
7145,6,31,44,2,-0.45455
7145,6,31,45,1,0.63636
7145,6,31,46,1,0.18182
7145,6,31,47,2,-0.090909
7145,6,31,48,2,-0.18182
7145,6,31,49,1,0.45455
7145,6,31,50,2,-0.63636
7145,6,31,51,2,-0.36364
7145,6,32,1,2,-0.090909
7145,6,32,2,2,-0.63636
7145,6,32,3,2,-0.090909
7145,6,32,4,2,0.36364
7145,6,32,5,2,0.18182
7145,6,32,6,1,-0.54545
7145,6,32,7,2,0.45455
7145,6,32,8,1,-0.27273
7145,6,32,9,2,-0.36364
7145,6,32,10,2,-0.36364
7145,6,32,11,2,-0.54545
7145,6,32,12,2,0.81818
7145,6,32,13,2,0.45455
7145,6,32,14,2,0.81818
7145,6,32,15,2,0.36364
7145,6,32,16,1,-0.27273
7145,6,32,17,1,0.36364
7145,6,32,18,1,-0.090909
7145,6,32,19,2,-0.090909
7145,6,32,20,2,-0.36364
7145,6,32,21,2,-0.54545
7145,6,32,22,1,0.36364
7145,6,32,23,1,0.72727
7145,6,32,24,2,-0.45455
7145,6,32,25,2,-0.81818
7145,6,32,26,2,-0.090909
7145,6,32,27,2,0.36364
7145,6,32,28,1,0.81818
7145,6,32,29,1,0.45455
7145,6,32,30,1,0.81818
7145,6,32,31,1,0.45455
7145,6,32,32,2,-0.36364
7145,6,32,33,2,-0.36364
7145,6,32,34,1,-0.27273
7145,6,32,35,1,0.36364
7145,6,32,36,2,-0.63636
7145,6,32,37,2,0.45455
7145,6,32,38,2,0.63636
7145,6,32,39,1,0.45455
7145,6,32,40,1,0.18182
7145,6,32,41,1,0.27273
7145,6,32,42,2,-0.36364
7145,6,32,43,2,-0.54545
7145,6,32,44,1,0.18182
7145,6,32,45,1,0.81818
7145,6,32,46,1,0.090909
7145,6,32,47,2,-0.54545
7145,6,32,48,1,0.81818
7145,6,32,49,2,-0.54545
7145,6,32,50,2,-0.63636
7145,6,32,51,1,-0.090909
7145,6,33,1,1,-0.18182
7145,6,33,2,1,-0.18182
7145,6,33,3,2,-0.45455
7145,6,33,4,2,0.27273
7145,6,33,5,2,0.72727
7145,6,33,6,2,-0.36364
7145,6,33,7,1,0.45455
7145,6,33,8,2,0.54545
7145,6,33,9,1,0.72727
7145,6,33,10,1,-0.27273
7145,6,33,11,2,-0.36364
7145,6,33,12,2,0.36364
7145,6,33,13,1,0.36364
7145,6,33,14,1,-0.45455
7145,6,33,15,1,0.27273
7145,6,33,16,1,0.27273
7145,6,33,17,2,-0.36364
7145,6,33,18,1,0.54545
7145,6,33,19,1,-0.27273
7145,6,33,20,2,-0.18182
7145,6,33,21,2,-0.45455
7145,6,33,22,1,0.72727
7145,6,33,23,1,0.36364
7145,6,33,24,2,-0.18182
7145,6,33,25,1,-0.36364
7145,6,33,26,1,0.36364
7145,6,33,27,2,0.63636
7145,6,33,28,2,-0.45455
7145,6,33,29,2,-0.18182
7145,6,33,30,2,0.45455
7145,6,33,31,1,0.27273
7145,6,33,32,2,-0.45455
7145,6,33,33,2,-0.18182
7145,6,33,34,1,0.72727
7145,6,33,35,2,-0.36364
7145,6,33,36,1,0.45455
7145,6,33,37,1,-0.63636
7145,6,33,38,1,0.27273
7145,6,33,39,2,-0.27273
7145,6,33,40,1,0.090909
7145,6,33,41,1,0.54545
7145,6,33,42,2,-0.72727
7145,6,33,43,1,0.27273
7145,6,33,44,1,0.72727
7145,6,33,45,1,0.72727
7145,6,33,46,1,0.36364
7145,6,33,47,1,-0.81818
7145,6,33,48,2,0.18182
7145,6,33,49,2,-0.45455
7145,6,33,50,2,0.36364
7145,6,33,51,2,-0.36364
7145,6,34,1,2,0.18182
7145,6,34,2,2,0.090909
7145,6,34,3,1,-0.18182
7145,6,34,4,1,0.18182
7145,6,34,5,2,-0.27273
7145,6,34,6,1,-0.36364
7145,6,34,7,1,0.45455
7145,6,34,8,2,-0.090909
7145,6,34,9,2,0.36364
7145,6,34,10,1,-0.090909
7145,6,34,11,2,0.54545
7145,6,34,12,1,0.36364
7145,6,34,13,2,-0.18182
7145,6,34,14,1,-0.18182
7145,6,34,15,1,0.45455
7145,6,34,16,1,0.090909
7145,6,34,17,1,0.45455
7145,6,34,18,2,-0.090909
7145,6,34,19,2,-0.090909
7145,6,34,20,2,0.18182
7145,6,34,21,1,-0.090909
7145,6,34,22,2,-0.36364
7145,6,34,23,1,0.18182
7145,6,34,24,1,0.54545
7145,6,34,25,2,-0.45455
7145,6,34,26,1,0.63636
7145,6,34,27,2,0.18182
7145,6,34,28,1,0.36364
7145,6,34,29,1,0.18182
7145,6,34,30,2,-0.18182
7145,6,34,31,1,0.27273
7145,6,34,32,1,0.45455
7145,6,34,33,1,0.45455
7145,6,34,34,2,-0.36364
7145,6,34,35,1,0.54545
7145,6,34,36,2,-0.090909
7145,6,34,37,2,-0.36364
7145,6,34,38,1,0.18182
7145,6,34,39,2,-0.18182
7145,6,34,40,2,-0.18182
7145,6,34,41,2,0.090909
7145,6,34,42,1,0.63636
7145,6,34,43,2,0.090909
7145,6,34,44,1,0.72727
7145,6,34,45,1,-0.090909
7145,6,34,46,1,0.54545
7145,6,34,47,1,0.18182
7145,6,34,48,2,0.090909
7145,6,34,49,2,-0.27273
7145,6,34,50,1,0.18182
7145,6,34,51,2,-0.36364
7145,6,35,1,2,-0.63636
7145,6,35,2,1,0.81818
7145,6,35,3,2,-0.81818
7145,6,35,4,1,-0.18182
7145,6,35,5,2,-0.63636
7145,6,35,6,1,0.81818
7145,6,35,7,2,-0.18182
7145,6,35,8,2,-0.36364
7145,6,35,9,1,-0.27273
7145,6,35,10,2,-0.54545
7145,6,35,11,2,-0.36364
7145,6,35,12,2,0.36364
7145,6,35,13,2,-0.45455
7145,6,35,14,2,-0.81818
7145,6,35,15,2,-0.45455
7145,6,35,16,2,0.63636
7145,6,35,17,1,0.090909
7145,6,35,18,2,-0.63636
7145,6,35,19,2,-0.63636
7145,6,35,20,2,0.27273
7145,6,35,21,2,-0.27273
7145,6,35,22,2,-0.45455
7145,6,35,23,2,0.72727
7145,6,35,24,2,-0.18182
7145,6,35,25,1,0.81818
7145,6,35,26,2,0.36364
7145,6,35,27,1,0.45455
7145,6,35,28,2,-0.81818
7145,6,35,29,2,-0.54545
7145,6,35,30,2,-0.36364
7145,6,35,31,1,0.81818
7145,6,35,32,2,-0.63636
7145,6,35,33,2,-0.45455
7145,6,35,34,2,-0.36364
7145,6,35,35,2,-0.81818
7145,6,35,36,2,-0.81818
7145,6,35,37,2,0.36364
7145,6,35,38,2,-0.45455
7145,6,35,39,2,-0.18182
7145,6,35,40,2,-0.18182
7145,6,35,41,2,-0.36364
7145,6,35,42,1,0.81818
7145,6,35,43,2,0.18182
7145,6,35,44,2,-0.18182
7145,6,35,45,1,-0.27273
7145,6,35,46,2,-0.54545
7145,6,35,47,1,0.81818
7145,6,35,48,2,-0.63636
7145,6,35,49,2,-0.45455
7145,6,35,50,2,-0.81818
7145,6,35,51,2,-0.36364
7145,6,36,1,1,0.090909
7145,6,36,2,1,0.090909
7145,6,36,3,2,0.45455
7145,6,36,4,1,-0.54545
7145,6,36,5,1,0.18182
7145,6,36,6,1,-0.45455
7145,6,36,7,1,0.090909
7145,6,36,8,2,-0.54545
7145,6,36,9,1,0.27273
7145,6,36,10,1,0.36364
7145,6,36,11,2,-0.45455
7145,6,36,12,1,0.090909
7145,6,36,13,2,0.54545
7145,6,36,14,2,-0.45455
7145,6,36,15,1,0.090909
7145,6,36,16,2,-0.18182
7145,6,36,17,2,0.36364
7145,6,36,18,1,-0.18182
7145,6,36,19,1,0.27273
7145,6,36,20,2,-0.18182
7145,6,36,21,1,0.45455
7145,6,36,22,2,-0.36364
7145,6,36,23,2,-0.54545
7145,6,36,24,1,0.45455
7145,6,36,25,1,0.54545
7145,6,36,26,1,0.090909
7145,6,36,27,1,0.18182
7145,6,36,28,2,-0.36364
7145,6,36,29,1,-0.090909
7145,6,36,30,2,-0.54545
7145,6,36,31,1,0.090909
7145,6,36,32,2,-0.18182
7145,6,36,33,2,-0.54545
7145,6,36,34,2,-0.090909
7145,6,36,35,1,-0.27273
7145,6,36,36,2,-0.45455
7145,6,36,37,1,0.72727
7145,6,36,38,2,-0.45455
7145,6,36,39,2,-0.36364
7145,6,36,40,1,0.090909
7145,6,36,41,2,0.090909
7145,6,36,42,2,-0.54545
7145,6,36,43,1,0.36364
7145,6,36,44,1,0.18182
7145,6,36,45,1,0.63636
7145,6,36,46,1,0.090909
7145,6,36,47,2,-0.54545
7145,6,36,48,1,0.27273
7145,6,36,49,2,0.090909
7145,6,36,50,1,0.090909
7145,6,36,51,2,-0.45455
7145,7,37,1,1,0.090909
7145,7,37,2,2,-0.090909
7145,7,37,3,1,-0.090909
7145,7,37,4,1,0.36364
7145,7,37,5,1,0.27273
7145,7,37,6,2,-0.72727
7145,7,37,7,1,0.18182
7145,7,37,8,2,-0.45455
7145,7,37,9,1,0.090909
7145,7,37,10,2,-0.54545
7145,7,37,11,2,-0.54545
7145,7,37,12,1,0.090909
7145,7,37,13,2,-0.27273
7145,7,37,14,1,0.090909
7145,7,37,15,2,0.27273
7145,7,37,16,2,0.090909
7145,7,37,17,1,0.45455
7145,7,37,18,2,0.090909
7145,7,37,19,1,0.18182
7145,7,37,20,2,-0.45455
7145,7,37,21,2,-0.27273
7145,7,37,22,2,-0.45455
7145,7,37,23,2,-0.27273
7145,7,37,24,2,-0.45455
7145,7,37,25,2,0.36364
7145,7,37,26,1,0.090909
7145,7,37,27,2,-0.090909
7145,7,37,28,1,0.18182
7145,7,37,29,2,-0.45455
7145,7,37,30,2,-0.090909
7145,7,37,31,1,0.18182
7145,7,37,32,1,0.090909
7145,7,37,33,1,0.090909
7145,7,37,34,2,0.090909
7145,7,37,35,2,-0.27273
7145,7,37,36,2,-0.63636
7145,7,37,37,1,0.090909
7145,7,37,38,1,-0.27273
7145,7,37,39,1,0.45455
7145,7,37,40,1,0.36364
7145,7,37,41,2,-0.36364
7145,7,37,42,1,0.36364
7145,7,37,43,2,-0.090909
7145,7,37,44,2,-0.45455
7145,7,37,45,1,0.63636
7145,7,37,46,1,0.18182
7145,7,37,47,1,-0.090909
7145,7,37,48,2,-0.18182
7145,7,37,49,1,0.45455
7145,7,37,50,2,-0.63636
7145,7,37,51,2,-0.36364
7145,7,38,1,2,-0.090909
7145,7,38,2,2,-0.63636
7145,7,38,3,2,-0.090909
7145,7,38,4,2,0.36364
7145,7,38,5,2,0.18182
7145,7,38,6,2,-0.54545
7145,7,38,7,1,0.45455
7145,7,38,8,2,-0.27273
7145,7,38,9,2,-0.36364
7145,7,38,10,2,-0.36364
7145,7,38,11,2,-0.54545
7145,7,38,12,2,0.81818
7145,7,38,13,1,0.45455
7145,7,38,14,1,0.81818
7145,7,38,15,1,0.36364
7145,7,38,16,2,-0.27273
7145,7,38,17,1,0.36364
7145,7,38,18,2,-0.090909
7145,7,38,19,2,-0.090909
7145,7,38,20,2,-0.36364
7145,7,38,21,2,-0.54545
7145,7,38,22,1,0.36364
7145,7,38,23,2,0.72727
7145,7,38,24,2,-0.45455
7145,7,38,25,2,-0.81818
7145,7,38,26,2,-0.090909
7145,7,38,27,1,0.36364
7145,7,38,28,1,0.81818
7145,7,38,29,1,0.45455
7145,7,38,30,1,0.81818
7145,7,38,31,1,0.45455
7145,7,38,32,1,-0.36364
7145,7,38,33,2,-0.36364
7145,7,38,34,1,-0.27273
7145,7,38,35,1,0.36364
7145,7,38,36,2,-0.63636
7145,7,38,37,1,0.45455
7145,7,38,38,2,0.63636
7145,7,38,39,1,0.45455
7145,7,38,40,1,0.18182
7145,7,38,41,1,0.27273
7145,7,38,42,2,-0.36364
7145,7,38,43,2,-0.54545
7145,7,38,44,2,0.18182
7145,7,38,45,1,0.81818
7145,7,38,46,1,0.090909
7145,7,38,47,2,-0.54545
7145,7,38,48,1,0.81818
7145,7,38,49,2,-0.54545
7145,7,38,50,2,-0.63636
7145,7,38,51,1,-0.090909
7145,7,39,1,2,-0.18182
7145,7,39,2,2,-0.18182
7145,7,39,3,2,-0.45455
7145,7,39,4,2,0.27273
7145,7,39,5,2,0.72727
7145,7,39,6,2,-0.36364
7145,7,39,7,1,0.45455
7145,7,39,8,2,0.54545
7145,7,39,9,1,0.72727
7145,7,39,10,1,-0.27273
7145,7,39,11,2,-0.36364
7145,7,39,12,1,0.36364
7145,7,39,13,2,0.36364
7145,7,39,14,2,-0.45455
7145,7,39,15,1,0.27273
7145,7,39,16,1,0.27273
7145,7,39,17,2,-0.36364
7145,7,39,18,2,0.54545
7145,7,39,19,1,-0.27273
7145,7,39,20,2,-0.18182
7145,7,39,21,2,-0.45455
7145,7,39,22,1,0.72727
7145,7,39,23,1,0.36364
7145,7,39,24,1,-0.18182
7145,7,39,25,2,-0.36364
7145,7,39,26,1,0.36364
7145,7,39,27,2,0.63636
7145,7,39,28,2,-0.45455
7145,7,39,29,2,-0.18182
7145,7,39,30,2,0.45455
7145,7,39,31,1,0.27273
7145,7,39,32,2,-0.45455
7145,7,39,33,1,-0.18182
7145,7,39,34,1,0.72727
7145,7,39,35,2,-0.36364
7145,7,39,36,1,0.45455
7145,7,39,37,1,-0.63636
7145,7,39,38,2,0.27273
7145,7,39,39,2,-0.27273
7145,7,39,40,1,0.090909
7145,7,39,41,1,0.54545
7145,7,39,42,2,-0.72727
7145,7,39,43,1,0.27273
7145,7,39,44,1,0.72727
7145,7,39,45,1,0.72727
7145,7,39,46,1,0.36364
7145,7,39,47,1,-0.81818
7145,7,39,48,2,0.18182
7145,7,39,49,2,-0.45455
7145,7,39,50,2,0.36364
7145,7,39,51,2,-0.36364
7145,7,40,1,2,0.18182
7145,7,40,2,1,0.090909
7145,7,40,3,2,-0.18182
7145,7,40,4,2,0.18182
7145,7,40,5,2,-0.27273
7145,7,40,6,1,-0.36364
7145,7,40,7,1,0.45455
7145,7,40,8,1,-0.090909
7145,7,40,9,2,0.36364
7145,7,40,10,1,-0.090909
7145,7,40,11,1,0.54545
7145,7,40,12,1,0.36364
7145,7,40,13,1,-0.18182
7145,7,40,14,2,-0.18182
7145,7,40,15,1,0.45455
7145,7,40,16,2,0.090909
7145,7,40,17,1,0.45455
7145,7,40,18,2,-0.090909
7145,7,40,19,2,-0.090909
7145,7,40,20,2,0.18182
7145,7,40,21,1,-0.090909
7145,7,40,22,2,-0.36364
7145,7,40,23,2,0.18182
7145,7,40,24,1,0.54545
7145,7,40,25,2,-0.45455
7145,7,40,26,1,0.63636
7145,7,40,27,2,0.18182
7145,7,40,28,1,0.36364
7145,7,40,29,1,0.18182
7145,7,40,30,2,-0.18182
7145,7,40,31,1,0.27273
7145,7,40,32,1,0.45455
7145,7,40,33,1,0.45455
7145,7,40,34,2,-0.36364
7145,7,40,35,1,0.54545
7145,7,40,36,2,-0.090909
7145,7,40,37,2,-0.36364
7145,7,40,38,1,0.18182
7145,7,40,39,2,-0.18182
7145,7,40,40,2,-0.18182
7145,7,40,41,2,0.090909
7145,7,40,42,1,0.63636
7145,7,40,43,1,0.090909
7145,7,40,44,1,0.72727
7145,7,40,45,1,-0.090909
7145,7,40,46,1,0.54545
7145,7,40,47,2,0.18182
7145,7,40,48,2,0.090909
7145,7,40,49,2,-0.27273
7145,7,40,50,2,0.18182
7145,7,40,51,2,-0.36364
7145,7,41,1,2,-0.63636
7145,7,41,2,2,0.81818
7145,7,41,3,1,-0.81818
7145,7,41,4,1,-0.18182
7145,7,41,5,1,-0.63636
7145,7,41,6,2,0.81818
7145,7,41,7,2,-0.18182
7145,7,41,8,2,-0.36364
7145,7,41,9,2,-0.27273
7145,7,41,10,2,-0.54545
7145,7,41,11,2,-0.36364
7145,7,41,12,1,0.36364
7145,7,41,13,1,-0.45455
7145,7,41,14,2,-0.81818
7145,7,41,15,2,-0.45455
7145,7,41,16,2,0.63636
7145,7,41,17,1,0.090909
7145,7,41,18,2,-0.63636
7145,7,41,19,2,-0.63636
7145,7,41,20,2,0.27273
7145,7,41,21,2,-0.27273
7145,7,41,22,2,-0.45455
7145,7,41,23,2,0.72727
7145,7,41,24,2,-0.18182
7145,7,41,25,2,0.81818
7145,7,41,26,2,0.36364
7145,7,41,27,1,0.45455
7145,7,41,28,2,-0.81818
7145,7,41,29,2,-0.54545
7145,7,41,30,2,-0.36364
7145,7,41,31,1,0.81818
7145,7,41,32,1,-0.63636
7145,7,41,33,2,-0.45455
7145,7,41,34,2,-0.36364
7145,7,41,35,2,-0.81818
7145,7,41,36,2,-0.81818
7145,7,41,37,2,0.36364
7145,7,41,38,2,-0.45455
7145,7,41,39,2,-0.18182
7145,7,41,40,2,-0.18182
7145,7,41,41,2,-0.36364
7145,7,41,42,1,0.81818
7145,7,41,43,1,0.18182
7145,7,41,44,2,-0.18182
7145,7,41,45,1,-0.27273
7145,7,41,46,2,-0.54545
7145,7,41,47,1,0.81818
7145,7,41,48,1,-0.63636
7145,7,41,49,2,-0.45455
7145,7,41,50,2,-0.81818
7145,7,41,51,2,-0.36364
7145,7,42,1,1,0.090909
7145,7,42,2,2,0.090909
7145,7,42,3,1,0.45455
7145,7,42,4,2,-0.54545
7145,7,42,5,2,0.18182
7145,7,42,6,2,-0.45455
7145,7,42,7,1,0.090909
7145,7,42,8,2,-0.54545
7145,7,42,9,1,0.27273
7145,7,42,10,1,0.36364
7145,7,42,11,2,-0.45455
7145,7,42,12,2,0.090909
7145,7,42,13,2,0.54545
7145,7,42,14,2,-0.45455
7145,7,42,15,1,0.090909
7145,7,42,16,2,-0.18182
7145,7,42,17,1,0.36364
7145,7,42,18,1,-0.18182
7145,7,42,19,1,0.27273
7145,7,42,20,1,-0.18182
7145,7,42,21,1,0.45455
7145,7,42,22,2,-0.36364
7145,7,42,23,2,-0.54545
7145,7,42,24,1,0.45455
7145,7,42,25,1,0.54545
7145,7,42,26,2,0.090909
7145,7,42,27,1,0.18182
7145,7,42,28,2,-0.36364
7145,7,42,29,2,-0.090909
7145,7,42,30,2,-0.54545
7145,7,42,31,2,0.090909
7145,7,42,32,2,-0.18182
7145,7,42,33,2,-0.54545
7145,7,42,34,1,-0.090909
7145,7,42,35,2,-0.27273
7145,7,42,36,2,-0.45455
7145,7,42,37,1,0.72727
7145,7,42,38,2,-0.45455
7145,7,42,39,2,-0.36364
7145,7,42,40,1,0.090909
7145,7,42,41,1,0.090909
7145,7,42,42,2,-0.54545
7145,7,42,43,1,0.36364
7145,7,42,44,1,0.18182
7145,7,42,45,1,0.63636
7145,7,42,46,1,0.090909
7145,7,42,47,2,-0.54545
7145,7,42,48,1,0.27273
7145,7,42,49,1,0.090909
7145,7,42,50,2,0.090909
7145,7,42,51,2,-0.45455
7145,8,43,1,2,0.090909
7145,8,43,2,1,-0.090909
7145,8,43,3,2,-0.090909
7145,8,43,4,2,0.36364
7145,8,43,5,1,0.27273
7145,8,43,6,2,-0.72727
7145,8,43,7,1,0.18182
7145,8,43,8,2,-0.45455
7145,8,43,9,1,0.090909
7145,8,43,10,2,-0.54545
7145,8,43,11,2,-0.54545
7145,8,43,12,2,0.090909
7145,8,43,13,2,-0.27273
7145,8,43,14,2,0.090909
7145,8,43,15,2,0.27273
7145,8,43,16,1,0.090909
7145,8,43,17,2,0.45455
7145,8,43,18,1,0.090909
7145,8,43,19,2,0.18182
7145,8,43,20,2,-0.45455
7145,8,43,21,2,-0.27273
7145,8,43,22,2,-0.45455
7145,8,43,23,2,-0.27273
7145,8,43,24,2,-0.45455
7145,8,43,25,2,0.36364
7145,8,43,26,1,0.090909
7145,8,43,27,1,-0.090909
7145,8,43,28,1,0.18182
7145,8,43,29,2,-0.45455
7145,8,43,30,1,-0.090909
7145,8,43,31,1,0.18182
7145,8,43,32,1,0.090909
7145,8,43,33,1,0.090909
7145,8,43,34,1,0.090909
7145,8,43,35,2,-0.27273
7145,8,43,36,2,-0.63636
7145,8,43,37,1,0.090909
7145,8,43,38,1,-0.27273
7145,8,43,39,1,0.45455
7145,8,43,40,2,0.36364
7145,8,43,41,2,-0.36364
7145,8,43,42,1,0.36364
7145,8,43,43,1,-0.090909
7145,8,43,44,2,-0.45455
7145,8,43,45,1,0.63636
7145,8,43,46,1,0.18182
7145,8,43,47,1,-0.090909
7145,8,43,48,2,-0.18182
7145,8,43,49,1,0.45455
7145,8,43,50,2,-0.63636
7145,8,43,51,2,-0.36364
7145,8,44,1,2,-0.090909
7145,8,44,2,2,-0.63636
7145,8,44,3,2,-0.090909
7145,8,44,4,1,0.36364
7145,8,44,5,1,0.18182
7145,8,44,6,1,-0.54545
7145,8,44,7,2,0.45455
7145,8,44,8,2,-0.27273
7145,8,44,9,2,-0.36364
7145,8,44,10,2,-0.36364
7145,8,44,11,2,-0.54545
7145,8,44,12,1,0.81818
7145,8,44,13,1,0.45455
7145,8,44,14,1,0.81818
7145,8,44,15,2,0.36364
7145,8,44,16,2,-0.27273
7145,8,44,17,2,0.36364
7145,8,44,18,1,-0.090909
7145,8,44,19,1,-0.090909
7145,8,44,20,1,-0.36364
7145,8,44,21,2,-0.54545
7145,8,44,22,2,0.36364
7145,8,44,23,2,0.72727
7145,8,44,24,2,-0.45455
7145,8,44,25,1,-0.81818
7145,8,44,26,1,-0.090909
7145,8,44,27,1,0.36364
7145,8,44,28,1,0.81818
7145,8,44,29,1,0.45455
7145,8,44,30,1,0.81818
7145,8,44,31,2,0.45455
7145,8,44,32,1,-0.36364
7145,8,44,33,1,-0.36364
7145,8,44,34,1,-0.27273
7145,8,44,35,1,0.36364
7145,8,44,36,1,-0.63636
7145,8,44,37,1,0.45455
7145,8,44,38,2,0.63636
7145,8,44,39,1,0.45455
7145,8,44,40,1,0.18182
7145,8,44,41,1,0.27273
7145,8,44,42,2,-0.36364
7145,8,44,43,2,-0.54545
7145,8,44,44,1,0.18182
7145,8,44,45,1,0.81818
7145,8,44,46,2,0.090909
7145,8,44,47,2,-0.54545
7145,8,44,48,1,0.81818
7145,8,44,49,2,-0.54545
7145,8,44,50,2,-0.63636
7145,8,44,51,1,-0.090909
7145,8,45,1,2,-0.18182
7145,8,45,2,2,-0.18182
7145,8,45,3,1,-0.45455
7145,8,45,4,2,0.27273
7145,8,45,5,2,0.72727
7145,8,45,6,2,-0.36364
7145,8,45,7,2,0.45455
7145,8,45,8,2,0.54545
7145,8,45,9,1,0.72727
7145,8,45,10,1,-0.27273
7145,8,45,11,2,-0.36364
7145,8,45,12,1,0.36364
7145,8,45,13,2,0.36364
7145,8,45,14,1,-0.45455
7145,8,45,15,1,0.27273
7145,8,45,16,1,0.27273
7145,8,45,17,2,-0.36364
7145,8,45,18,2,0.54545
7145,8,45,19,1,-0.27273
7145,8,45,20,2,-0.18182
7145,8,45,21,2,-0.45455
7145,8,45,22,1,0.72727
7145,8,45,23,2,0.36364
7145,8,45,24,1,-0.18182
7145,8,45,25,2,-0.36364
7145,8,45,26,1,0.36364
7145,8,45,27,2,0.63636
7145,8,45,28,2,-0.45455
7145,8,45,29,2,-0.18182
7145,8,45,30,2,0.45455
7145,8,45,31,1,0.27273
7145,8,45,32,2,-0.45455
7145,8,45,33,1,-0.18182
7145,8,45,34,1,0.72727
7145,8,45,35,1,-0.36364
7145,8,45,36,2,0.45455
7145,8,45,37,1,-0.63636
7145,8,45,38,1,0.27273
7145,8,45,39,1,-0.27273
7145,8,45,40,1,0.090909
7145,8,45,41,1,0.54545
7145,8,45,42,1,-0.72727
7145,8,45,43,1,0.27273
7145,8,45,44,1,0.72727
7145,8,45,45,1,0.72727
7145,8,45,46,1,0.36364
7145,8,45,47,1,-0.81818
7145,8,45,48,2,0.18182
7145,8,45,49,2,-0.45455
7145,8,45,50,1,0.36364
7145,8,45,51,2,-0.36364
7145,8,46,1,2,0.18182
7145,8,46,2,1,0.090909
7145,8,46,3,1,-0.18182
7145,8,46,4,1,0.18182
7145,8,46,5,2,-0.27273
7145,8,46,6,1,-0.36364
7145,8,46,7,2,0.45455
7145,8,46,8,1,-0.090909
7145,8,46,9,1,0.36364
7145,8,46,10,1,-0.090909
7145,8,46,11,2,0.54545
7145,8,46,12,1,0.36364
7145,8,46,13,2,-0.18182
7145,8,46,14,2,-0.18182
7145,8,46,15,1,0.45455
7145,8,46,16,2,0.090909
7145,8,46,17,2,0.45455
7145,8,46,18,2,-0.090909
7145,8,46,19,2,-0.090909
7145,8,46,20,2,0.18182
7145,8,46,21,2,-0.090909
7145,8,46,22,2,-0.36364
7145,8,46,23,1,0.18182
7145,8,46,24,1,0.54545
7145,8,46,25,2,-0.45455
7145,8,46,26,1,0.63636
7145,8,46,27,1,0.18182
7145,8,46,28,1,0.36364
7145,8,46,29,2,0.18182
7145,8,46,30,1,-0.18182
7145,8,46,31,2,0.27273
7145,8,46,32,1,0.45455
7145,8,46,33,1,0.45455
7145,8,46,34,2,-0.36364
7145,8,46,35,1,0.54545
7145,8,46,36,2,-0.090909
7145,8,46,37,2,-0.36364
7145,8,46,38,1,0.18182
7145,8,46,39,2,-0.18182
7145,8,46,40,2,-0.18182
7145,8,46,41,1,0.090909
7145,8,46,42,1,0.63636
7145,8,46,43,1,0.090909
7145,8,46,44,1,0.72727
7145,8,46,45,2,-0.090909
7145,8,46,46,1,0.54545
7145,8,46,47,1,0.18182
7145,8,46,48,2,0.090909
7145,8,46,49,2,-0.27273
7145,8,46,50,2,0.18182
7145,8,46,51,1,-0.36364
7145,8,47,1,1,-0.63636
7145,8,47,2,2,0.81818
7145,8,47,3,2,-0.81818
7145,8,47,4,2,-0.18182
7145,8,47,5,2,-0.63636
7145,8,47,6,1,0.81818
7145,8,47,7,2,-0.18182
7145,8,47,8,1,-0.36364
7145,8,47,9,2,-0.27273
7145,8,47,10,1,-0.54545
7145,8,47,11,2,-0.36364
7145,8,47,12,2,0.36364
7145,8,47,13,2,-0.45455
7145,8,47,14,2,-0.81818
7145,8,47,15,2,-0.45455
7145,8,47,16,2,0.63636
7145,8,47,17,2,0.090909
7145,8,47,18,1,-0.63636
7145,8,47,19,2,-0.63636
7145,8,47,20,2,0.27273
7145,8,47,21,2,-0.27273
7145,8,47,22,2,-0.45455
7145,8,47,23,2,0.72727
7145,8,47,24,2,-0.18182
7145,8,47,25,2,0.81818
7145,8,47,26,2,0.36364
7145,8,47,27,2,0.45455
7145,8,47,28,1,-0.81818
7145,8,47,29,1,-0.54545
7145,8,47,30,2,-0.36364
7145,8,47,31,1,0.81818
7145,8,47,32,1,-0.63636
7145,8,47,33,2,-0.45455
7145,8,47,34,2,-0.36364
7145,8,47,35,2,-0.81818
7145,8,47,36,2,-0.81818
7145,8,47,37,1,0.36364
7145,8,47,38,2,-0.45455
7145,8,47,39,2,-0.18182
7145,8,47,40,2,-0.18182
7145,8,47,41,2,-0.36364
7145,8,47,42,1,0.81818
7145,8,47,43,2,0.18182
7145,8,47,44,2,-0.18182
7145,8,47,45,1,-0.27273
7145,8,47,46,1,-0.54545
7145,8,47,47,1,0.81818
7145,8,47,48,2,-0.63636
7145,8,47,49,2,-0.45455
7145,8,47,50,2,-0.81818
7145,8,47,51,2,-0.36364
7145,8,48,1,2,0.090909
7145,8,48,2,2,0.090909
7145,8,48,3,1,0.45455
7145,8,48,4,1,-0.54545
7145,8,48,5,1,0.18182
7145,8,48,6,2,-0.45455
7145,8,48,7,1,0.090909
7145,8,48,8,2,-0.54545
7145,8,48,9,1,0.27273
7145,8,48,10,1,0.36364
7145,8,48,11,2,-0.45455
7145,8,48,12,2,0.090909
7145,8,48,13,2,0.54545
7145,8,48,14,2,-0.45455
7145,8,48,15,2,0.090909
7145,8,48,16,2,-0.18182
7145,8,48,17,1,0.36364
7145,8,48,18,2,-0.18182
7145,8,48,19,1,0.27273
7145,8,48,20,2,-0.18182
7145,8,48,21,1,0.45455
7145,8,48,22,2,-0.36364
7145,8,48,23,2,-0.54545
7145,8,48,24,1,0.45455
7145,8,48,25,1,0.54545
7145,8,48,26,2,0.090909
7145,8,48,27,1,0.18182
7145,8,48,28,2,-0.36364
7145,8,48,29,2,-0.090909
7145,8,48,30,2,-0.54545
7145,8,48,31,1,0.090909
7145,8,48,32,2,-0.18182
7145,8,48,33,2,-0.54545
7145,8,48,34,1,-0.090909
7145,8,48,35,2,-0.27273
7145,8,48,36,2,-0.45455
7145,8,48,37,1,0.72727
7145,8,48,38,2,-0.45455
7145,8,48,39,2,-0.36364
7145,8,48,40,1,0.090909
7145,8,48,41,2,0.090909
7145,8,48,42,2,-0.54545
7145,8,48,43,1,0.36364
7145,8,48,44,1,0.18182
7145,8,48,45,1,0.63636
7145,8,48,46,1,0.090909
7145,8,48,47,2,-0.54545
7145,8,48,48,1,0.27273
7145,8,48,49,2,0.090909
7145,8,48,50,2,0.090909
7145,8,48,51,2,-0.45455
7145,9,49,1,1,0.090909
7145,9,49,2,2,-0.090909
7145,9,49,3,2,-0.090909
7145,9,49,4,1,0.36364
7145,9,49,5,1,0.27273
7145,9,49,6,1,-0.72727
7145,9,49,7,1,0.18182
7145,9,49,8,2,-0.45455
7145,9,49,9,1,0.090909
7145,9,49,10,2,-0.54545
7145,9,49,11,2,-0.54545
7145,9,49,12,2,0.090909
7145,9,49,13,2,-0.27273
7145,9,49,14,1,0.090909
7145,9,49,15,1,0.27273
7145,9,49,16,1,0.090909
7145,9,49,17,1,0.45455
7145,9,49,18,1,0.090909
7145,9,49,19,2,0.18182
7145,9,49,20,2,-0.45455
7145,9,49,21,2,-0.27273
7145,9,49,22,2,-0.45455
7145,9,49,23,2,-0.27273
7145,9,49,24,2,-0.45455
7145,9,49,25,1,0.36364
7145,9,49,26,2,0.090909
7145,9,49,27,1,-0.090909
7145,9,49,28,1,0.18182
7145,9,49,29,2,-0.45455
7145,9,49,30,1,-0.090909
7145,9,49,31,2,0.18182
7145,9,49,32,2,0.090909
7145,9,49,33,1,0.090909
7145,9,49,34,1,0.090909
7145,9,49,35,2,-0.27273
7145,9,49,36,2,-0.63636
7145,9,49,37,2,0.090909
7145,9,49,38,1,-0.27273
7145,9,49,39,1,0.45455
7145,9,49,40,1,0.36364
7145,9,49,41,2,-0.36364
7145,9,49,42,1,0.36364
7145,9,49,43,2,-0.090909
7145,9,49,44,2,-0.45455
7145,9,49,45,1,0.63636
7145,9,49,46,1,0.18182
7145,9,49,47,2,-0.090909
7145,9,49,48,1,-0.18182
7145,9,49,49,1,0.45455
7145,9,49,50,2,-0.63636
7145,9,49,51,2,-0.36364
7145,9,50,1,1,-0.090909
7145,9,50,2,1,-0.63636
7145,9,50,3,1,-0.090909
7145,9,50,4,2,0.36364
7145,9,50,5,1,0.18182
7145,9,50,6,1,-0.54545
7145,9,50,7,2,0.45455
7145,9,50,8,1,-0.27273
7145,9,50,9,2,-0.36364
7145,9,50,10,2,-0.36364
7145,9,50,11,2,-0.54545
7145,9,50,12,2,0.81818
7145,9,50,13,1,0.45455
7145,9,50,14,1,0.81818
7145,9,50,15,2,0.36364
7145,9,50,16,1,-0.27273
7145,9,50,17,1,0.36364
7145,9,50,18,1,-0.090909
7145,9,50,19,2,-0.090909
7145,9,50,20,1,-0.36364
7145,9,50,21,2,-0.54545
7145,9,50,22,1,0.36364
7145,9,50,23,1,0.72727
7145,9,50,24,1,-0.45455
7145,9,50,25,1,-0.81818
7145,9,50,26,2,-0.090909
7145,9,50,27,1,0.36364
7145,9,50,28,1,0.81818
7145,9,50,29,1,0.45455
7145,9,50,30,1,0.81818
7145,9,50,31,1,0.45455
7145,9,50,32,1,-0.36364
7145,9,50,33,2,-0.36364
7145,9,50,34,1,-0.27273
7145,9,50,35,1,0.36364
7145,9,50,36,1,-0.63636
7145,9,50,37,1,0.45455
7145,9,50,38,1,0.63636
7145,9,50,39,1,0.45455
7145,9,50,40,2,0.18182
7145,9,50,41,1,0.27273
7145,9,50,42,2,-0.36364
7145,9,50,43,2,-0.54545
7145,9,50,44,1,0.18182
7145,9,50,45,1,0.81818
7145,9,50,46,1,0.090909
7145,9,50,47,2,-0.54545
7145,9,50,48,1,0.81818
7145,9,50,49,2,-0.54545
7145,9,50,50,2,-0.63636
7145,9,50,51,1,-0.090909
7145,9,51,1,1,-0.18182
7145,9,51,2,2,-0.18182
7145,9,51,3,1,-0.45455
7145,9,51,4,1,0.27273
7145,9,51,5,1,0.72727
7145,9,51,6,2,-0.36364
7145,9,51,7,2,0.45455
7145,9,51,8,2,0.54545
7145,9,51,9,1,0.72727
7145,9,51,10,1,-0.27273
7145,9,51,11,2,-0.36364
7145,9,51,12,2,0.36364
7145,9,51,13,1,0.36364
7145,9,51,14,1,-0.45455
7145,9,51,15,1,0.27273
7145,9,51,16,1,0.27273
7145,9,51,17,2,-0.36364
7145,9,51,18,1,0.54545
7145,9,51,19,1,-0.27273
7145,9,51,20,2,-0.18182
7145,9,51,21,2,-0.45455
7145,9,51,22,1,0.72727
7145,9,51,23,1,0.36364
7145,9,51,24,2,-0.18182
7145,9,51,25,2,-0.36364
7145,9,51,26,2,0.36364
7145,9,51,27,2,0.63636
7145,9,51,28,2,-0.45455
7145,9,51,29,2,-0.18182
7145,9,51,30,1,0.45455
7145,9,51,31,1,0.27273
7145,9,51,32,1,-0.45455
7145,9,51,33,2,-0.18182
7145,9,51,34,1,0.72727
7145,9,51,35,2,-0.36364
7145,9,51,36,1,0.45455
7145,9,51,37,1,-0.63636
7145,9,51,38,2,0.27273
7145,9,51,39,1,-0.27273
7145,9,51,40,2,0.090909
7145,9,51,41,1,0.54545
7145,9,51,42,1,-0.72727
7145,9,51,43,1,0.27273
7145,9,51,44,1,0.72727
7145,9,51,45,1,0.72727
7145,9,51,46,1,0.36364
7145,9,51,47,1,-0.81818
7145,9,51,48,2,0.18182
7145,9,51,49,2,-0.45455
7145,9,51,50,1,0.36364
7145,9,51,51,2,-0.36364
7145,9,52,1,1,0.18182
7145,9,52,2,1,0.090909
7145,9,52,3,2,-0.18182
7145,9,52,4,1,0.18182
7145,9,52,5,1,-0.27273
7145,9,52,6,2,-0.36364
7145,9,52,7,1,0.45455
7145,9,52,8,1,-0.090909
7145,9,52,9,1,0.36364
7145,9,52,10,2,-0.090909
7145,9,52,11,1,0.54545
7145,9,52,12,1,0.36364
7145,9,52,13,2,-0.18182
7145,9,52,14,2,-0.18182
7145,9,52,15,1,0.45455
7145,9,52,16,2,0.090909
7145,9,52,17,1,0.45455
7145,9,52,18,2,-0.090909
7145,9,52,19,2,-0.090909
7145,9,52,20,2,0.18182
7145,9,52,21,2,-0.090909
7145,9,52,22,1,-0.36364
7145,9,52,23,1,0.18182
7145,9,52,24,1,0.54545
7145,9,52,25,1,-0.45455
7145,9,52,26,1,0.63636
7145,9,52,27,1,0.18182
7145,9,52,28,1,0.36364
7145,9,52,29,1,0.18182
7145,9,52,30,2,-0.18182
7145,9,52,31,1,0.27273
7145,9,52,32,1,0.45455
7145,9,52,33,1,0.45455
7145,9,52,34,2,-0.36364
7145,9,52,35,1,0.54545
7145,9,52,36,2,-0.090909
7145,9,52,37,2,-0.36364
7145,9,52,38,1,0.18182
7145,9,52,39,2,-0.18182
7145,9,52,40,2,-0.18182
7145,9,52,41,2,0.090909
7145,9,52,42,1,0.63636
7145,9,52,43,2,0.090909
7145,9,52,44,1,0.72727
7145,9,52,45,1,-0.090909
7145,9,52,46,1,0.54545
7145,9,52,47,1,0.18182
7145,9,52,48,2,0.090909
7145,9,52,49,2,-0.27273
7145,9,52,50,1,0.18182
7145,9,52,51,2,-0.36364
7145,9,53,1,2,-0.63636
7145,9,53,2,1,0.81818
7145,9,53,3,1,-0.81818
7145,9,53,4,1,-0.18182
7145,9,53,5,2,-0.63636
7145,9,53,6,2,0.81818
7145,9,53,7,1,-0.18182
7145,9,53,8,1,-0.36364
7145,9,53,9,2,-0.27273
7145,9,53,10,2,-0.54545
7145,9,53,11,2,-0.36364
7145,9,53,12,2,0.36364
7145,9,53,13,1,-0.45455
7145,9,53,14,2,-0.81818
7145,9,53,15,2,-0.45455
7145,9,53,16,2,0.63636
7145,9,53,17,2,0.090909
7145,9,53,18,2,-0.63636
7145,9,53,19,2,-0.63636
7145,9,53,20,2,0.27273
7145,9,53,21,2,-0.27273
7145,9,53,22,2,-0.45455
7145,9,53,23,2,0.72727
7145,9,53,24,2,-0.18182
7145,9,53,25,2,0.81818
7145,9,53,26,2,0.36364
7145,9,53,27,1,0.45455
7145,9,53,28,2,-0.81818
7145,9,53,29,2,-0.54545
7145,9,53,30,2,-0.36364
7145,9,53,31,1,0.81818
7145,9,53,32,2,-0.63636
7145,9,53,33,2,-0.45455
7145,9,53,34,2,-0.36364
7145,9,53,35,2,-0.81818
7145,9,53,36,2,-0.81818
7145,9,53,37,2,0.36364
7145,9,53,38,2,-0.45455
7145,9,53,39,2,-0.18182
7145,9,53,40,2,-0.18182
7145,9,53,41,2,-0.36364
7145,9,53,42,1,0.81818
7145,9,53,43,2,0.18182
7145,9,53,44,2,-0.18182
7145,9,53,45,2,-0.27273
7145,9,53,46,2,-0.54545
7145,9,53,47,1,0.81818
7145,9,53,48,2,-0.63636
7145,9,53,49,2,-0.45455
7145,9,53,50,2,-0.81818
7145,9,53,51,2,-0.36364
7145,9,54,1,2,0.090909
7145,9,54,2,1,0.090909
7145,9,54,3,2,0.45455
7145,9,54,4,1,-0.54545
7145,9,54,5,2,0.18182
7145,9,54,6,2,-0.45455
7145,9,54,7,2,0.090909
7145,9,54,8,2,-0.54545
7145,9,54,9,1,0.27273
7145,9,54,10,1,0.36364
7145,9,54,11,2,-0.45455
7145,9,54,12,1,0.090909
7145,9,54,13,1,0.54545
7145,9,54,14,2,-0.45455
7145,9,54,15,2,0.090909
7145,9,54,16,1,-0.18182
7145,9,54,17,1,0.36364
7145,9,54,18,2,-0.18182
7145,9,54,19,1,0.27273
7145,9,54,20,2,-0.18182
7145,9,54,21,1,0.45455
7145,9,54,22,2,-0.36364
7145,9,54,23,2,-0.54545
7145,9,54,24,1,0.45455
7145,9,54,25,1,0.54545
7145,9,54,26,1,0.090909
7145,9,54,27,1,0.18182
7145,9,54,28,2,-0.36364
7145,9,54,29,2,-0.090909
7145,9,54,30,2,-0.54545
7145,9,54,31,2,0.090909
7145,9,54,32,2,-0.18182
7145,9,54,33,2,-0.54545
7145,9,54,34,2,-0.090909
7145,9,54,35,2,-0.27273
7145,9,54,36,2,-0.45455
7145,9,54,37,1,0.72727
7145,9,54,38,2,-0.45455
7145,9,54,39,2,-0.36364
7145,9,54,40,1,0.090909
7145,9,54,41,1,0.090909
7145,9,54,42,2,-0.54545
7145,9,54,43,1,0.36364
7145,9,54,44,1,0.18182
7145,9,54,45,1,0.63636
7145,9,54,46,2,0.090909
7145,9,54,47,2,-0.54545
7145,9,54,48,1,0.27273
7145,9,54,49,1,0.090909
7145,9,54,50,1,0.090909
7145,9,54,51,2,-0.45455
7145,10,55,1,2,0.090909
7145,10,55,2,1,-0.090909
7145,10,55,3,2,-0.090909
7145,10,55,4,2,0.36364
7145,10,55,5,1,0.27273
7145,10,55,6,2,-0.72727
7145,10,55,7,2,0.18182
7145,10,55,8,2,-0.45455
7145,10,55,9,1,0.090909
7145,10,55,10,2,-0.54545
7145,10,55,11,2,-0.54545
7145,10,55,12,1,0.090909
7145,10,55,13,2,-0.27273
7145,10,55,14,2,0.090909
7145,10,55,15,1,0.27273
7145,10,55,16,1,0.090909
7145,10,55,17,1,0.45455
7145,10,55,18,1,0.090909
7145,10,55,19,1,0.18182
7145,10,55,20,2,-0.45455
7145,10,55,21,2,-0.27273
7145,10,55,22,2,-0.45455
7145,10,55,23,2,-0.27273
7145,10,55,24,2,-0.45455
7145,10,55,25,1,0.36364
7145,10,55,26,2,0.090909
7145,10,55,27,1,-0.090909
7145,10,55,28,1,0.18182
7145,10,55,29,2,-0.45455
7145,10,55,30,2,-0.090909
7145,10,55,31,1,0.18182
7145,10,55,32,1,0.090909
7145,10,55,33,1,0.090909
7145,10,55,34,2,0.090909
7145,10,55,35,2,-0.27273
7145,10,55,36,2,-0.63636
7145,10,55,37,1,0.090909
7145,10,55,38,2,-0.27273
7145,10,55,39,1,0.45455
7145,10,55,40,1,0.36364
7145,10,55,41,2,-0.36364
7145,10,55,42,1,0.36364
7145,10,55,43,2,-0.090909
7145,10,55,44,2,-0.45455
7145,10,55,45,1,0.63636
7145,10,55,46,1,0.18182
7145,10,55,47,2,-0.090909
7145,10,55,48,2,-0.18182
7145,10,55,49,1,0.45455
7145,10,55,50,2,-0.63636
7145,10,55,51,2,-0.36364
7145,10,56,1,2,-0.090909
7145,10,56,2,1,-0.63636
7145,10,56,3,1,-0.090909
7145,10,56,4,2,0.36364
7145,10,56,5,1,0.18182
7145,10,56,6,2,-0.54545
7145,10,56,7,2,0.45455
7145,10,56,8,1,-0.27273
7145,10,56,9,2,-0.36364
7145,10,56,10,2,-0.36364
7145,10,56,11,1,-0.54545
7145,10,56,12,2,0.81818
7145,10,56,13,1,0.45455
7145,10,56,14,1,0.81818
7145,10,56,15,2,0.36364
7145,10,56,16,1,-0.27273
7145,10,56,17,1,0.36364
7145,10,56,18,2,-0.090909
7145,10,56,19,2,-0.090909
7145,10,56,20,2,-0.36364
7145,10,56,21,2,-0.54545
7145,10,56,22,1,0.36364
7145,10,56,23,2,0.72727
7145,10,56,24,2,-0.45455
7145,10,56,25,2,-0.81818
7145,10,56,26,2,-0.090909
7145,10,56,27,1,0.36364
7145,10,56,28,1,0.81818
7145,10,56,29,1,0.45455
7145,10,56,30,1,0.81818
7145,10,56,31,1,0.45455
7145,10,56,32,1,-0.36364
7145,10,56,33,1,-0.36364
7145,10,56,34,1,-0.27273
7145,10,56,35,1,0.36364
7145,10,56,36,2,-0.63636
7145,10,56,37,1,0.45455
7145,10,56,38,2,0.63636
7145,10,56,39,1,0.45455
7145,10,56,40,1,0.18182
7145,10,56,41,1,0.27273
7145,10,56,42,2,-0.36364
7145,10,56,43,2,-0.54545
7145,10,56,44,1,0.18182
7145,10,56,45,1,0.81818
7145,10,56,46,2,0.090909
7145,10,56,47,2,-0.54545
7145,10,56,48,1,0.81818
7145,10,56,49,2,-0.54545
7145,10,56,50,2,-0.63636
7145,10,56,51,1,-0.090909
7145,10,57,1,1,-0.18182
7145,10,57,2,2,-0.18182
7145,10,57,3,2,-0.45455
7145,10,57,4,1,0.27273
7145,10,57,5,1,0.72727
7145,10,57,6,2,-0.36364
7145,10,57,7,2,0.45455
7145,10,57,8,1,0.54545
7145,10,57,9,1,0.72727
7145,10,57,10,1,-0.27273
7145,10,57,11,2,-0.36364
7145,10,57,12,2,0.36364
7145,10,57,13,1,0.36364
7145,10,57,14,1,-0.45455
7145,10,57,15,2,0.27273
7145,10,57,16,1,0.27273
7145,10,57,17,2,-0.36364
7145,10,57,18,1,0.54545
7145,10,57,19,2,-0.27273
7145,10,57,20,2,-0.18182
7145,10,57,21,2,-0.45455
7145,10,57,22,1,0.72727
7145,10,57,23,1,0.36364
7145,10,57,24,2,-0.18182
7145,10,57,25,2,-0.36364
7145,10,57,26,1,0.36364
7145,10,57,27,2,0.63636
7145,10,57,28,1,-0.45455
7145,10,57,29,2,-0.18182
7145,10,57,30,1,0.45455
7145,10,57,31,1,0.27273
7145,10,57,32,2,-0.45455
7145,10,57,33,2,-0.18182
7145,10,57,34,1,0.72727
7145,10,57,35,2,-0.36364
7145,10,57,36,1,0.45455
7145,10,57,37,1,-0.63636
7145,10,57,38,1,0.27273
7145,10,57,39,2,-0.27273
7145,10,57,40,1,0.090909
7145,10,57,41,1,0.54545
7145,10,57,42,2,-0.72727
7145,10,57,43,1,0.27273
7145,10,57,44,1,0.72727
7145,10,57,45,1,0.72727
7145,10,57,46,1,0.36364
7145,10,57,47,1,-0.81818
7145,10,57,48,2,0.18182
7145,10,57,49,2,-0.45455
7145,10,57,50,2,0.36364
7145,10,57,51,2,-0.36364
7145,10,58,1,2,0.18182
7145,10,58,2,1,0.090909
7145,10,58,3,2,-0.18182
7145,10,58,4,2,0.18182
7145,10,58,5,2,-0.27273
7145,10,58,6,2,-0.36364
7145,10,58,7,1,0.45455
7145,10,58,8,1,-0.090909
7145,10,58,9,1,0.36364
7145,10,58,10,2,-0.090909
7145,10,58,11,1,0.54545
7145,10,58,12,1,0.36364
7145,10,58,13,2,-0.18182
7145,10,58,14,2,-0.18182
7145,10,58,15,1,0.45455
7145,10,58,16,2,0.090909
7145,10,58,17,1,0.45455
7145,10,58,18,2,-0.090909
7145,10,58,19,2,-0.090909
7145,10,58,20,2,0.18182
7145,10,58,21,1,-0.090909
7145,10,58,22,1,-0.36364
7145,10,58,23,2,0.18182
7145,10,58,24,1,0.54545
7145,10,58,25,2,-0.45455
7145,10,58,26,1,0.63636
7145,10,58,27,2,0.18182
7145,10,58,28,1,0.36364
7145,10,58,29,1,0.18182
7145,10,58,30,2,-0.18182
7145,10,58,31,1,0.27273
7145,10,58,32,1,0.45455
7145,10,58,33,1,0.45455
7145,10,58,34,2,-0.36364
7145,10,58,35,1,0.54545
7145,10,58,36,1,-0.090909
7145,10,58,37,2,-0.36364
7145,10,58,38,1,0.18182
7145,10,58,39,2,-0.18182
7145,10,58,40,2,-0.18182
7145,10,58,41,2,0.090909
7145,10,58,42,1,0.63636
7145,10,58,43,2,0.090909
7145,10,58,44,1,0.72727
7145,10,58,45,1,-0.090909
7145,10,58,46,1,0.54545
7145,10,58,47,1,0.18182
7145,10,58,48,2,0.090909
7145,10,58,49,1,-0.27273
7145,10,58,50,1,0.18182
7145,10,58,51,2,-0.36364
7145,10,59,1,2,-0.63636
7145,10,59,2,2,0.81818
7145,10,59,3,2,-0.81818
7145,10,59,4,2,-0.18182
7145,10,59,5,1,-0.63636
7145,10,59,6,1,0.81818
7145,10,59,7,2,-0.18182
7145,10,59,8,2,-0.36364
7145,10,59,9,1,-0.27273
7145,10,59,10,2,-0.54545
7145,10,59,11,1,-0.36364
7145,10,59,12,2,0.36364
7145,10,59,13,2,-0.45455
7145,10,59,14,2,-0.81818
7145,10,59,15,2,-0.45455
7145,10,59,16,2,0.63636
7145,10,59,17,2,0.090909
7145,10,59,18,2,-0.63636
7145,10,59,19,2,-0.63636
7145,10,59,20,2,0.27273
7145,10,59,21,2,-0.27273
7145,10,59,22,2,-0.45455
7145,10,59,23,2,0.72727
7145,10,59,24,1,-0.18182
7145,10,59,25,2,0.81818
7145,10,59,26,1,0.36364
7145,10,59,27,2,0.45455
7145,10,59,28,2,-0.81818
7145,10,59,29,2,-0.54545
7145,10,59,30,2,-0.36364
7145,10,59,31,1,0.81818
7145,10,59,32,2,-0.63636
7145,10,59,33,2,-0.45455
7145,10,59,34,2,-0.36364
7145,10,59,35,2,-0.81818
7145,10,59,36,2,-0.81818
7145,10,59,37,2,0.36364
7145,10,59,38,2,-0.45455
7145,10,59,39,2,-0.18182
7145,10,59,40,2,-0.18182
7145,10,59,41,2,-0.36364
7145,10,59,42,1,0.81818
7145,10,59,43,2,0.18182
7145,10,59,44,2,-0.18182
7145,10,59,45,1,-0.27273
7145,10,59,46,1,-0.54545
7145,10,59,47,1,0.81818
7145,10,59,48,2,-0.63636
7145,10,59,49,2,-0.45455
7145,10,59,50,2,-0.81818
7145,10,59,51,2,-0.36364
7145,10,60,1,2,0.090909
7145,10,60,2,1,0.090909
7145,10,60,3,2,0.45455
7145,10,60,4,2,-0.54545
7145,10,60,5,2,0.18182
7145,10,60,6,2,-0.45455
7145,10,60,7,1,0.090909
7145,10,60,8,2,-0.54545
7145,10,60,9,1,0.27273
7145,10,60,10,2,0.36364
7145,10,60,11,2,-0.45455
7145,10,60,12,1,0.090909
7145,10,60,13,1,0.54545
7145,10,60,14,2,-0.45455
7145,10,60,15,2,0.090909
7145,10,60,16,1,-0.18182
7145,10,60,17,1,0.36364
7145,10,60,18,2,-0.18182
7145,10,60,19,1,0.27273
7145,10,60,20,2,-0.18182
7145,10,60,21,1,0.45455
7145,10,60,22,2,-0.36364
7145,10,60,23,2,-0.54545
7145,10,60,24,1,0.45455
7145,10,60,25,1,0.54545
7145,10,60,26,2,0.090909
7145,10,60,27,1,0.18182
7145,10,60,28,2,-0.36364
7145,10,60,29,1,-0.090909
7145,10,60,30,2,-0.54545
7145,10,60,31,1,0.090909
7145,10,60,32,2,-0.18182
7145,10,60,33,2,-0.54545
7145,10,60,34,2,-0.090909
7145,10,60,35,1,-0.27273
7145,10,60,36,2,-0.45455
7145,10,60,37,1,0.72727
7145,10,60,38,2,-0.45455
7145,10,60,39,2,-0.36364
7145,10,60,40,1,0.090909
7145,10,60,41,2,0.090909
7145,10,60,42,2,-0.54545
7145,10,60,43,1,0.36364
7145,10,60,44,1,0.18182
7145,10,60,45,1,0.63636
7145,10,60,46,2,0.090909
7145,10,60,47,2,-0.54545
7145,10,60,48,1,0.27273
7145,10,60,49,2,0.090909
7145,10,60,50,1,0.090909
7145,10,60,51,2,-0.45455
7145,11,61,1,1,0.090909
7145,11,61,2,2,-0.090909
7145,11,61,3,2,-0.090909
7145,11,61,4,2,0.36364
7145,11,61,5,1,0.27273
7145,11,61,6,1,-0.72727
7145,11,61,7,1,0.18182
7145,11,61,8,2,-0.45455
7145,11,61,9,1,0.090909
7145,11,61,10,2,-0.54545
7145,11,61,11,2,-0.54545
7145,11,61,12,2,0.090909
7145,11,61,13,2,-0.27273
7145,11,61,14,2,0.090909
7145,11,61,15,1,0.27273
7145,11,61,16,1,0.090909
7145,11,61,17,1,0.45455
7145,11,61,18,1,0.090909
7145,11,61,19,1,0.18182
7145,11,61,20,2,-0.45455
7145,11,61,21,2,-0.27273
7145,11,61,22,2,-0.45455
7145,11,61,23,2,-0.27273
7145,11,61,24,2,-0.45455
7145,11,61,25,1,0.36364
7145,11,61,26,2,0.090909
7145,11,61,27,2,-0.090909
7145,11,61,28,1,0.18182
7145,11,61,29,2,-0.45455
7145,11,61,30,1,-0.090909
7145,11,61,31,1,0.18182
7145,11,61,32,1,0.090909
7145,11,61,33,1,0.090909
7145,11,61,34,1,0.090909
7145,11,61,35,2,-0.27273
7145,11,61,36,2,-0.63636
7145,11,61,37,1,0.090909
7145,11,61,38,2,-0.27273
7145,11,61,39,1,0.45455
7145,11,61,40,1,0.36364
7145,11,61,41,2,-0.36364
7145,11,61,42,1,0.36364
7145,11,61,43,1,-0.090909
7145,11,61,44,2,-0.45455
7145,11,61,45,1,0.63636
7145,11,61,46,1,0.18182
7145,11,61,47,2,-0.090909
7145,11,61,48,2,-0.18182
7145,11,61,49,1,0.45455
7145,11,61,50,2,-0.63636
7145,11,61,51,2,-0.36364
7145,11,62,1,2,-0.090909
7145,11,62,2,1,-0.63636
7145,11,62,3,2,-0.090909
7145,11,62,4,1,0.36364
7145,11,62,5,2,0.18182
7145,11,62,6,1,-0.54545
7145,11,62,7,2,0.45455
7145,11,62,8,2,-0.27273
7145,11,62,9,2,-0.36364
7145,11,62,10,2,-0.36364
7145,11,62,11,2,-0.54545
7145,11,62,12,1,0.81818
7145,11,62,13,2,0.45455
7145,11,62,14,1,0.81818
7145,11,62,15,2,0.36364
7145,11,62,16,1,-0.27273
7145,11,62,17,1,0.36364
7145,11,62,18,2,-0.090909
7145,11,62,19,1,-0.090909
7145,11,62,20,2,-0.36364
7145,11,62,21,2,-0.54545
7145,11,62,22,1,0.36364
7145,11,62,23,2,0.72727
7145,11,62,24,1,-0.45455
7145,11,62,25,2,-0.81818
7145,11,62,26,2,-0.090909
7145,11,62,27,1,0.36364
7145,11,62,28,1,0.81818
7145,11,62,29,1,0.45455
7145,11,62,30,1,0.81818
7145,11,62,31,1,0.45455
7145,11,62,32,2,-0.36364
7145,11,62,33,2,-0.36364
7145,11,62,34,1,-0.27273
7145,11,62,35,2,0.36364
7145,11,62,36,1,-0.63636
7145,11,62,37,1,0.45455
7145,11,62,38,1,0.63636
7145,11,62,39,1,0.45455
7145,11,62,40,1,0.18182
7145,11,62,41,1,0.27273
7145,11,62,42,2,-0.36364
7145,11,62,43,2,-0.54545
7145,11,62,44,1,0.18182
7145,11,62,45,1,0.81818
7145,11,62,46,2,0.090909
7145,11,62,47,2,-0.54545
7145,11,62,48,1,0.81818
7145,11,62,49,2,-0.54545
7145,11,62,50,2,-0.63636
7145,11,62,51,1,-0.090909
7145,11,63,1,2,-0.18182
7145,11,63,2,2,-0.18182
7145,11,63,3,2,-0.45455
7145,11,63,4,1,0.27273
7145,11,63,5,2,0.72727
7145,11,63,6,2,-0.36364
7145,11,63,7,1,0.45455
7145,11,63,8,2,0.54545
7145,11,63,9,1,0.72727
7145,11,63,10,1,-0.27273
7145,11,63,11,2,-0.36364
7145,11,63,12,1,0.36364
7145,11,63,13,1,0.36364
7145,11,63,14,1,-0.45455
7145,11,63,15,1,0.27273
7145,11,63,16,1,0.27273
7145,11,63,17,2,-0.36364
7145,11,63,18,1,0.54545
7145,11,63,19,2,-0.27273
7145,11,63,20,2,-0.18182
7145,11,63,21,2,-0.45455
7145,11,63,22,1,0.72727
7145,11,63,23,1,0.36364
7145,11,63,24,2,-0.18182
7145,11,63,25,2,-0.36364
7145,11,63,26,1,0.36364
7145,11,63,27,2,0.63636
7145,11,63,28,1,-0.45455
7145,11,63,29,2,-0.18182
7145,11,63,30,1,0.45455
7145,11,63,31,1,0.27273
7145,11,63,32,2,-0.45455
7145,11,63,33,2,-0.18182
7145,11,63,34,1,0.72727
7145,11,63,35,2,-0.36364
7145,11,63,36,1,0.45455
7145,11,63,37,1,-0.63636
7145,11,63,38,1,0.27273
7145,11,63,39,1,-0.27273
7145,11,63,40,2,0.090909
7145,11,63,41,1,0.54545
7145,11,63,42,2,-0.72727
7145,11,63,43,1,0.27273
7145,11,63,44,1,0.72727
7145,11,63,45,1,0.72727
7145,11,63,46,1,0.36364
7145,11,63,47,2,-0.81818
7145,11,63,48,2,0.18182
7145,11,63,49,2,-0.45455
7145,11,63,50,1,0.36364
7145,11,63,51,2,-0.36364
7145,11,64,1,2,0.18182
7145,11,64,2,1,0.090909
7145,11,64,3,2,-0.18182
7145,11,64,4,2,0.18182
7145,11,64,5,2,-0.27273
7145,11,64,6,2,-0.36364
7145,11,64,7,2,0.45455
7145,11,64,8,1,-0.090909
7145,11,64,9,2,0.36364
7145,11,64,10,2,-0.090909
7145,11,64,11,2,0.54545
7145,11,64,12,1,0.36364
7145,11,64,13,2,-0.18182
7145,11,64,14,2,-0.18182
7145,11,64,15,1,0.45455
7145,11,64,16,2,0.090909
7145,11,64,17,1,0.45455
7145,11,64,18,1,-0.090909
7145,11,64,19,2,-0.090909
7145,11,64,20,2,0.18182
7145,11,64,21,1,-0.090909
7145,11,64,22,1,-0.36364
7145,11,64,23,2,0.18182
7145,11,64,24,1,0.54545
7145,11,64,25,2,-0.45455
7145,11,64,26,1,0.63636
7145,11,64,27,2,0.18182
7145,11,64,28,1,0.36364
7145,11,64,29,2,0.18182
7145,11,64,30,2,-0.18182
7145,11,64,31,1,0.27273
7145,11,64,32,1,0.45455
7145,11,64,33,1,0.45455
7145,11,64,34,2,-0.36364
7145,11,64,35,1,0.54545
7145,11,64,36,2,-0.090909
7145,11,64,37,2,-0.36364
7145,11,64,38,1,0.18182
7145,11,64,39,2,-0.18182
7145,11,64,40,2,-0.18182
7145,11,64,41,2,0.090909
7145,11,64,42,1,0.63636
7145,11,64,43,1,0.090909
7145,11,64,44,1,0.72727
7145,11,64,45,2,-0.090909
7145,11,64,46,1,0.54545
7145,11,64,47,1,0.18182
7145,11,64,48,1,0.090909
7145,11,64,49,2,-0.27273
7145,11,64,50,1,0.18182
7145,11,64,51,2,-0.36364
7145,11,65,1,1,-0.63636
7145,11,65,2,2,0.81818
7145,11,65,3,2,-0.81818
7145,11,65,4,1,-0.18182
7145,11,65,5,1,-0.63636
7145,11,65,6,1,0.81818
7145,11,65,7,1,-0.18182
7145,11,65,8,1,-0.36364
7145,11,65,9,1,-0.27273
7145,11,65,10,1,-0.54545
7145,11,65,11,2,-0.36364
7145,11,65,12,2,0.36364
7145,11,65,13,2,-0.45455
7145,11,65,14,2,-0.81818
7145,11,65,15,2,-0.45455
7145,11,65,16,1,0.63636
7145,11,65,17,2,0.090909
7145,11,65,18,2,-0.63636
7145,11,65,19,2,-0.63636
7145,11,65,20,1,0.27273
7145,11,65,21,2,-0.27273
7145,11,65,22,2,-0.45455
7145,11,65,23,2,0.72727
7145,11,65,24,2,-0.18182
7145,11,65,25,1,0.81818
7145,11,65,26,1,0.36364
7145,11,65,27,2,0.45455
7145,11,65,28,2,-0.81818
7145,11,65,29,2,-0.54545
7145,11,65,30,2,-0.36364
7145,11,65,31,1,0.81818
7145,11,65,32,1,-0.63636
7145,11,65,33,2,-0.45455
7145,11,65,34,2,-0.36364
7145,11,65,35,2,-0.81818
7145,11,65,36,2,-0.81818
7145,11,65,37,2,0.36364
7145,11,65,38,2,-0.45455
7145,11,65,39,2,-0.18182
7145,11,65,40,2,-0.18182
7145,11,65,41,2,-0.36364
7145,11,65,42,1,0.81818
7145,11,65,43,2,0.18182
7145,11,65,44,2,-0.18182
7145,11,65,45,2,-0.27273
7145,11,65,46,2,-0.54545
7145,11,65,47,1,0.81818
7145,11,65,48,2,-0.63636
7145,11,65,49,2,-0.45455
7145,11,65,50,2,-0.81818
7145,11,65,51,2,-0.36364
7145,11,66,1,2,0.090909
7145,11,66,2,2,0.090909
7145,11,66,3,1,0.45455
7145,11,66,4,1,-0.54545
7145,11,66,5,2,0.18182
7145,11,66,6,2,-0.45455
7145,11,66,7,2,0.090909
7145,11,66,8,2,-0.54545
7145,11,66,9,2,0.27273
7145,11,66,10,1,0.36364
7145,11,66,11,1,-0.45455
7145,11,66,12,2,0.090909
7145,11,66,13,1,0.54545
7145,11,66,14,2,-0.45455
7145,11,66,15,2,0.090909
7145,11,66,16,1,-0.18182
7145,11,66,17,1,0.36364
7145,11,66,18,2,-0.18182
7145,11,66,19,1,0.27273
7145,11,66,20,2,-0.18182
7145,11,66,21,1,0.45455
7145,11,66,22,2,-0.36364
7145,11,66,23,2,-0.54545
7145,11,66,24,1,0.45455
7145,11,66,25,1,0.54545
7145,11,66,26,2,0.090909
7145,11,66,27,1,0.18182
7145,11,66,28,2,-0.36364
7145,11,66,29,1,-0.090909
7145,11,66,30,2,-0.54545
7145,11,66,31,2,0.090909
7145,11,66,32,2,-0.18182
7145,11,66,33,2,-0.54545
7145,11,66,34,1,-0.090909
7145,11,66,35,1,-0.27273
7145,11,66,36,2,-0.45455
7145,11,66,37,1,0.72727
7145,11,66,38,2,-0.45455
7145,11,66,39,2,-0.36364
7145,11,66,40,1,0.090909
7145,11,66,41,2,0.090909
7145,11,66,42,2,-0.54545
7145,11,66,43,1,0.36364
7145,11,66,44,1,0.18182
7145,11,66,45,1,0.63636
7145,11,66,46,2,0.090909
7145,11,66,47,2,-0.54545
7145,11,66,48,1,0.27273
7145,11,66,49,2,0.090909
7145,11,66,50,1,0.090909
7145,11,66,51,2,-0.45455
7145,12,67,1,1,0.090909
7145,12,67,2,1,-0.090909
7145,12,67,3,1,-0.090909
7145,12,67,4,2,0.36364
7145,12,67,5,2,0.27273
7145,12,67,6,2,-0.72727
7145,12,67,7,2,0.18182
7145,12,67,8,2,-0.45455
7145,12,67,9,1,0.090909
7145,12,67,10,2,-0.54545
7145,12,67,11,2,-0.54545
7145,12,67,12,1,0.090909
7145,12,67,13,2,-0.27273
7145,12,67,14,1,0.090909
7145,12,67,15,2,0.27273
7145,12,67,16,1,0.090909
7145,12,67,17,1,0.45455
7145,12,67,18,1,0.090909
7145,12,67,19,1,0.18182
7145,12,67,20,2,-0.45455
7145,12,67,21,2,-0.27273
7145,12,67,22,2,-0.45455
7145,12,67,23,2,-0.27273
7145,12,67,24,2,-0.45455
7145,12,67,25,1,0.36364
7145,12,67,26,2,0.090909
7145,12,67,27,2,-0.090909
7145,12,67,28,1,0.18182
7145,12,67,29,2,-0.45455
7145,12,67,30,1,-0.090909
7145,12,67,31,2,0.18182
7145,12,67,32,1,0.090909
7145,12,67,33,1,0.090909
7145,12,67,34,2,0.090909
7145,12,67,35,2,-0.27273
7145,12,67,36,2,-0.63636
7145,12,67,37,2,0.090909
7145,12,67,38,1,-0.27273
7145,12,67,39,2,0.45455
7145,12,67,40,1,0.36364
7145,12,67,41,2,-0.36364
7145,12,67,42,1,0.36364
7145,12,67,43,1,-0.090909
7145,12,67,44,2,-0.45455
7145,12,67,45,1,0.63636
7145,12,67,46,1,0.18182
7145,12,67,47,2,-0.090909
7145,12,67,48,2,-0.18182
7145,12,67,49,1,0.45455
7145,12,67,50,2,-0.63636
7145,12,67,51,2,-0.36364
7145,12,68,1,2,-0.090909
7145,12,68,2,1,-0.63636
7145,12,68,3,2,-0.090909
7145,12,68,4,2,0.36364
7145,12,68,5,1,0.18182
7145,12,68,6,1,-0.54545
7145,12,68,7,2,0.45455
7145,12,68,8,2,-0.27273
7145,12,68,9,1,-0.36364
7145,12,68,10,2,-0.36364
7145,12,68,11,2,-0.54545
7145,12,68,12,1,0.81818
7145,12,68,13,2,0.45455
7145,12,68,14,1,0.81818
7145,12,68,15,1,0.36364
7145,12,68,16,1,-0.27273
7145,12,68,17,2,0.36364
7145,12,68,18,1,-0.090909
7145,12,68,19,1,-0.090909
7145,12,68,20,1,-0.36364
7145,12,68,21,2,-0.54545
7145,12,68,22,2,0.36364
7145,12,68,23,2,0.72727
7145,12,68,24,2,-0.45455
7145,12,68,25,2,-0.81818
7145,12,68,26,2,-0.090909
7145,12,68,27,1,0.36364
7145,12,68,28,1,0.81818
7145,12,68,29,1,0.45455
7145,12,68,30,1,0.81818
7145,12,68,31,1,0.45455
7145,12,68,32,1,-0.36364
7145,12,68,33,2,-0.36364
7145,12,68,34,1,-0.27273
7145,12,68,35,1,0.36364
7145,12,68,36,2,-0.63636
7145,12,68,37,1,0.45455
7145,12,68,38,2,0.63636
7145,12,68,39,2,0.45455
7145,12,68,40,1,0.18182
7145,12,68,41,1,0.27273
7145,12,68,42,2,-0.36364
7145,12,68,43,2,-0.54545
7145,12,68,44,1,0.18182
7145,12,68,45,1,0.81818
7145,12,68,46,1,0.090909
7145,12,68,47,2,-0.54545
7145,12,68,48,1,0.81818
7145,12,68,49,2,-0.54545
7145,12,68,50,1,-0.63636
7145,12,68,51,1,-0.090909
7145,12,69,1,2,-0.18182
7145,12,69,2,2,-0.18182
7145,12,69,3,2,-0.45455
7145,12,69,4,2,0.27273
7145,12,69,5,2,0.72727
7145,12,69,6,2,-0.36364
7145,12,69,7,2,0.45455
7145,12,69,8,2,0.54545
7145,12,69,9,1,0.72727
7145,12,69,10,1,-0.27273
7145,12,69,11,2,-0.36364
7145,12,69,12,1,0.36364
7145,12,69,13,2,0.36364
7145,12,69,14,2,-0.45455
7145,12,69,15,1,0.27273
7145,12,69,16,1,0.27273
7145,12,69,17,2,-0.36364
7145,12,69,18,2,0.54545
7145,12,69,19,2,-0.27273
7145,12,69,20,2,-0.18182
7145,12,69,21,1,-0.45455
7145,12,69,22,1,0.72727
7145,12,69,23,1,0.36364
7145,12,69,24,2,-0.18182
7145,12,69,25,2,-0.36364
7145,12,69,26,1,0.36364
7145,12,69,27,2,0.63636
7145,12,69,28,2,-0.45455
7145,12,69,29,1,-0.18182
7145,12,69,30,1,0.45455
7145,12,69,31,1,0.27273
7145,12,69,32,2,-0.45455
7145,12,69,33,1,-0.18182
7145,12,69,34,1,0.72727
7145,12,69,35,2,-0.36364
7145,12,69,36,1,0.45455
7145,12,69,37,1,-0.63636
7145,12,69,38,1,0.27273
7145,12,69,39,1,-0.27273
7145,12,69,40,1,0.090909
7145,12,69,41,1,0.54545
7145,12,69,42,1,-0.72727
7145,12,69,43,1,0.27273
7145,12,69,44,1,0.72727
7145,12,69,45,1,0.72727
7145,12,69,46,1,0.36364
7145,12,69,47,1,-0.81818
7145,12,69,48,2,0.18182
7145,12,69,49,2,-0.45455
7145,12,69,50,1,0.36364
7145,12,69,51,2,-0.36364
7145,12,70,1,2,0.18182
7145,12,70,2,1,0.090909
7145,12,70,3,1,-0.18182
7145,12,70,4,1,0.18182
7145,12,70,5,2,-0.27273
7145,12,70,6,2,-0.36364
7145,12,70,7,2,0.45455
7145,12,70,8,1,-0.090909
7145,12,70,9,1,0.36364
7145,12,70,10,2,-0.090909
7145,12,70,11,2,0.54545
7145,12,70,12,1,0.36364
7145,12,70,13,2,-0.18182
7145,12,70,14,1,-0.18182
7145,12,70,15,1,0.45455
7145,12,70,16,1,0.090909
7145,12,70,17,1,0.45455
7145,12,70,18,1,-0.090909
7145,12,70,19,2,-0.090909
7145,12,70,20,2,0.18182
7145,12,70,21,1,-0.090909
7145,12,70,22,2,-0.36364
7145,12,70,23,1,0.18182
7145,12,70,24,1,0.54545
7145,12,70,25,2,-0.45455
7145,12,70,26,1,0.63636
7145,12,70,27,2,0.18182
7145,12,70,28,1,0.36364
7145,12,70,29,1,0.18182
7145,12,70,30,2,-0.18182
7145,12,70,31,1,0.27273
7145,12,70,32,1,0.45455
7145,12,70,33,1,0.45455
7145,12,70,34,1,-0.36364
7145,12,70,35,1,0.54545
7145,12,70,36,1,-0.090909
7145,12,70,37,1,-0.36364
7145,12,70,38,1,0.18182
7145,12,70,39,2,-0.18182
7145,12,70,40,2,-0.18182
7145,12,70,41,1,0.090909
7145,12,70,42,1,0.63636
7145,12,70,43,1,0.090909
7145,12,70,44,1,0.72727
7145,12,70,45,2,-0.090909
7145,12,70,46,1,0.54545
7145,12,70,47,2,0.18182
7145,12,70,48,1,0.090909
7145,12,70,49,2,-0.27273
7145,12,70,50,2,0.18182
7145,12,70,51,2,-0.36364
7145,12,71,1,2,-0.63636
7145,12,71,2,2,0.81818
7145,12,71,3,2,-0.81818
7145,12,71,4,2,-0.18182
7145,12,71,5,2,-0.63636
7145,12,71,6,2,0.81818
7145,12,71,7,1,-0.18182
7145,12,71,8,1,-0.36364
7145,12,71,9,2,-0.27273
7145,12,71,10,2,-0.54545
7145,12,71,11,2,-0.36364
7145,12,71,12,2,0.36364
7145,12,71,13,1,-0.45455
7145,12,71,14,2,-0.81818
7145,12,71,15,2,-0.45455
7145,12,71,16,2,0.63636
7145,12,71,17,2,0.090909
7145,12,71,18,2,-0.63636
7145,12,71,19,2,-0.63636
7145,12,71,20,2,0.27273
7145,12,71,21,2,-0.27273
7145,12,71,22,2,-0.45455
7145,12,71,23,2,0.72727
7145,12,71,24,2,-0.18182
7145,12,71,25,1,0.81818
7145,12,71,26,1,0.36364
7145,12,71,27,2,0.45455
7145,12,71,28,2,-0.81818
7145,12,71,29,2,-0.54545
7145,12,71,30,1,-0.36364
7145,12,71,31,1,0.81818
7145,12,71,32,1,-0.63636
7145,12,71,33,2,-0.45455
7145,12,71,34,2,-0.36364
7145,12,71,35,2,-0.81818
7145,12,71,36,2,-0.81818
7145,12,71,37,2,0.36364
7145,12,71,38,2,-0.45455
7145,12,71,39,2,-0.18182
7145,12,71,40,2,-0.18182
7145,12,71,41,2,-0.36364
7145,12,71,42,1,0.81818
7145,12,71,43,2,0.18182
7145,12,71,44,2,-0.18182
7145,12,71,45,2,-0.27273
7145,12,71,46,2,-0.54545
7145,12,71,47,1,0.81818
7145,12,71,48,2,-0.63636
7145,12,71,49,2,-0.45455
7145,12,71,50,2,-0.81818
7145,12,71,51,2,-0.36364
7145,12,72,1,2,0.090909
7145,12,72,2,2,0.090909
7145,12,72,3,2,0.45455
7145,12,72,4,2,-0.54545
7145,12,72,5,2,0.18182
7145,12,72,6,2,-0.45455
7145,12,72,7,1,0.090909
7145,12,72,8,2,-0.54545
7145,12,72,9,2,0.27273
7145,12,72,10,1,0.36364
7145,12,72,11,2,-0.45455
7145,12,72,12,2,0.090909
7145,12,72,13,1,0.54545
7145,12,72,14,2,-0.45455
7145,12,72,15,2,0.090909
7145,12,72,16,2,-0.18182
7145,12,72,17,1,0.36364
7145,12,72,18,2,-0.18182
7145,12,72,19,1,0.27273
7145,12,72,20,2,-0.18182
7145,12,72,21,2,0.45455
7145,12,72,22,1,-0.36364
7145,12,72,23,2,-0.54545
7145,12,72,24,1,0.45455
7145,12,72,25,1,0.54545
7145,12,72,26,2,0.090909
7145,12,72,27,1,0.18182
7145,12,72,28,2,-0.36364
7145,12,72,29,1,-0.090909
7145,12,72,30,2,-0.54545
7145,12,72,31,1,0.090909
7145,12,72,32,2,-0.18182
7145,12,72,33,2,-0.54545
7145,12,72,34,2,-0.090909
7145,12,72,35,1,-0.27273
7145,12,72,36,2,-0.45455
7145,12,72,37,1,0.72727
7145,12,72,38,2,-0.45455
7145,12,72,39,2,-0.36364
7145,12,72,40,1,0.090909
7145,12,72,41,2,0.090909
7145,12,72,42,2,-0.54545
7145,12,72,43,1,0.36364
7145,12,72,44,1,0.18182
7145,12,72,45,1,0.63636
7145,12,72,46,2,0.090909
7145,12,72,47,2,-0.54545
7145,12,72,48,1,0.27273
7145,12,72,49,1,0.090909
7145,12,72,50,2,0.090909
7145,12,72,51,2,-0.45455
7145,13,73,1,1,0.090909
7145,13,73,2,1,-0.090909
7145,13,73,3,1,-0.090909
7145,13,73,4,2,0.36364
7145,13,73,5,2,0.27273
7145,13,73,6,1,-0.72727
7145,13,73,7,1,0.18182
7145,13,73,8,1,-0.45455
7145,13,73,9,1,0.090909
7145,13,73,10,2,-0.54545
7145,13,73,11,2,-0.54545
7145,13,73,12,1,0.090909
7145,13,73,13,2,-0.27273
7145,13,73,14,2,0.090909
7145,13,73,15,2,0.27273
7145,13,73,16,1,0.090909
7145,13,73,17,1,0.45455
7145,13,73,18,1,0.090909
7145,13,73,19,1,0.18182
7145,13,73,20,2,-0.45455
7145,13,73,21,2,-0.27273
7145,13,73,22,2,-0.45455
7145,13,73,23,2,-0.27273
7145,13,73,24,2,-0.45455
7145,13,73,25,1,0.36364
7145,13,73,26,2,0.090909
7145,13,73,27,1,-0.090909
7145,13,73,28,1,0.18182
7145,13,73,29,2,-0.45455
7145,13,73,30,1,-0.090909
7145,13,73,31,2,0.18182
7145,13,73,32,2,0.090909
7145,13,73,33,1,0.090909
7145,13,73,34,1,0.090909
7145,13,73,35,2,-0.27273
7145,13,73,36,2,-0.63636
7145,13,73,37,2,0.090909
7145,13,73,38,1,-0.27273
7145,13,73,39,1,0.45455
7145,13,73,40,1,0.36364
7145,13,73,41,2,-0.36364
7145,13,73,42,1,0.36364
7145,13,73,43,1,-0.090909
7145,13,73,44,2,-0.45455
7145,13,73,45,1,0.63636
7145,13,73,46,1,0.18182
7145,13,73,47,1,-0.090909
7145,13,73,48,2,-0.18182
7145,13,73,49,1,0.45455
7145,13,73,50,2,-0.63636
7145,13,73,51,2,-0.36364
7145,13,74,1,1,-0.090909
7145,13,74,2,2,-0.63636
7145,13,74,3,2,-0.090909
7145,13,74,4,2,0.36364
7145,13,74,5,1,0.18182
7145,13,74,6,1,-0.54545
7145,13,74,7,1,0.45455
7145,13,74,8,2,-0.27273
7145,13,74,9,2,-0.36364
7145,13,74,10,2,-0.36364
7145,13,74,11,2,-0.54545
7145,13,74,12,2,0.81818
7145,13,74,13,2,0.45455
7145,13,74,14,1,0.81818
7145,13,74,15,2,0.36364
7145,13,74,16,1,-0.27273
7145,13,74,17,2,0.36364
7145,13,74,18,2,-0.090909
7145,13,74,19,1,-0.090909
7145,13,74,20,2,-0.36364
7145,13,74,21,1,-0.54545
7145,13,74,22,1,0.36364
7145,13,74,23,2,0.72727
7145,13,74,24,2,-0.45455
7145,13,74,25,2,-0.81818
7145,13,74,26,2,-0.090909
7145,13,74,27,1,0.36364
7145,13,74,28,1,0.81818
7145,13,74,29,1,0.45455
7145,13,74,30,1,0.81818
7145,13,74,31,1,0.45455
7145,13,74,32,1,-0.36364
7145,13,74,33,2,-0.36364
7145,13,74,34,2,-0.27273
7145,13,74,35,2,0.36364
7145,13,74,36,2,-0.63636
7145,13,74,37,1,0.45455
7145,13,74,38,2,0.63636
7145,13,74,39,1,0.45455
7145,13,74,40,1,0.18182
7145,13,74,41,1,0.27273
7145,13,74,42,2,-0.36364
7145,13,74,43,2,-0.54545
7145,13,74,44,1,0.18182
7145,13,74,45,1,0.81818
7145,13,74,46,2,0.090909
7145,13,74,47,2,-0.54545
7145,13,74,48,1,0.81818
7145,13,74,49,2,-0.54545
7145,13,74,50,2,-0.63636
7145,13,74,51,1,-0.090909
7145,13,75,1,1,-0.18182
7145,13,75,2,1,-0.18182
7145,13,75,3,1,-0.45455
7145,13,75,4,2,0.27273
7145,13,75,5,2,0.72727
7145,13,75,6,2,-0.36364
7145,13,75,7,2,0.45455
7145,13,75,8,2,0.54545
7145,13,75,9,1,0.72727
7145,13,75,10,1,-0.27273
7145,13,75,11,1,-0.36364
7145,13,75,12,1,0.36364
7145,13,75,13,1,0.36364
7145,13,75,14,2,-0.45455
7145,13,75,15,1,0.27273
7145,13,75,16,1,0.27273
7145,13,75,17,2,-0.36364
7145,13,75,18,1,0.54545
7145,13,75,19,1,-0.27273
7145,13,75,20,2,-0.18182
7145,13,75,21,1,-0.45455
7145,13,75,22,1,0.72727
7145,13,75,23,1,0.36364
7145,13,75,24,2,-0.18182
7145,13,75,25,2,-0.36364
7145,13,75,26,1,0.36364
7145,13,75,27,2,0.63636
7145,13,75,28,2,-0.45455
7145,13,75,29,2,-0.18182
7145,13,75,30,2,0.45455
7145,13,75,31,1,0.27273
7145,13,75,32,2,-0.45455
7145,13,75,33,2,-0.18182
7145,13,75,34,1,0.72727
7145,13,75,35,2,-0.36364
7145,13,75,36,1,0.45455
7145,13,75,37,1,-0.63636
7145,13,75,38,1,0.27273
7145,13,75,39,2,-0.27273
7145,13,75,40,2,0.090909
7145,13,75,41,2,0.54545
7145,13,75,42,1,-0.72727
7145,13,75,43,1,0.27273
7145,13,75,44,1,0.72727
7145,13,75,45,1,0.72727
7145,13,75,46,1,0.36364
7145,13,75,47,1,-0.81818
7145,13,75,48,2,0.18182
7145,13,75,49,2,-0.45455
7145,13,75,50,1,0.36364
7145,13,75,51,2,-0.36364
7145,13,76,1,2,0.18182
7145,13,76,2,2,0.090909
7145,13,76,3,2,-0.18182
7145,13,76,4,2,0.18182
7145,13,76,5,2,-0.27273
7145,13,76,6,2,-0.36364
7145,13,76,7,2,0.45455
7145,13,76,8,1,-0.090909
7145,13,76,9,1,0.36364
7145,13,76,10,1,-0.090909
7145,13,76,11,2,0.54545
7145,13,76,12,1,0.36364
7145,13,76,13,1,-0.18182
7145,13,76,14,2,-0.18182
7145,13,76,15,1,0.45455
7145,13,76,16,2,0.090909
7145,13,76,17,1,0.45455
7145,13,76,18,2,-0.090909
7145,13,76,19,2,-0.090909
7145,13,76,20,2,0.18182
7145,13,76,21,1,-0.090909
7145,13,76,22,2,-0.36364
7145,13,76,23,1,0.18182
7145,13,76,24,1,0.54545
7145,13,76,25,2,-0.45455
7145,13,76,26,1,0.63636
7145,13,76,27,2,0.18182
7145,13,76,28,1,0.36364
7145,13,76,29,2,0.18182
7145,13,76,30,1,-0.18182
7145,13,76,31,1,0.27273
7145,13,76,32,1,0.45455
7145,13,76,33,1,0.45455
7145,13,76,34,2,-0.36364
7145,13,76,35,1,0.54545
7145,13,76,36,2,-0.090909
7145,13,76,37,2,-0.36364
7145,13,76,38,1,0.18182
7145,13,76,39,2,-0.18182
7145,13,76,40,2,-0.18182
7145,13,76,41,2,0.090909
7145,13,76,42,1,0.63636
7145,13,76,43,1,0.090909
7145,13,76,44,1,0.72727
7145,13,76,45,2,-0.090909
7145,13,76,46,1,0.54545
7145,13,76,47,2,0.18182
7145,13,76,48,1,0.090909
7145,13,76,49,2,-0.27273
7145,13,76,50,1,0.18182
7145,13,76,51,2,-0.36364
7145,13,77,1,2,-0.63636
7145,13,77,2,1,0.81818
7145,13,77,3,2,-0.81818
7145,13,77,4,1,-0.18182
7145,13,77,5,2,-0.63636
7145,13,77,6,1,0.81818
7145,13,77,7,2,-0.18182
7145,13,77,8,2,-0.36364
7145,13,77,9,1,-0.27273
7145,13,77,10,2,-0.54545
7145,13,77,11,1,-0.36364
7145,13,77,12,2,0.36364
7145,13,77,13,2,-0.45455
7145,13,77,14,1,-0.81818
7145,13,77,15,2,-0.45455
7145,13,77,16,2,0.63636
7145,13,77,17,1,0.090909
7145,13,77,18,2,-0.63636
7145,13,77,19,2,-0.63636
7145,13,77,20,2,0.27273
7145,13,77,21,2,-0.27273
7145,13,77,22,2,-0.45455
7145,13,77,23,2,0.72727
7145,13,77,24,1,-0.18182
7145,13,77,25,2,0.81818
7145,13,77,26,2,0.36364
7145,13,77,27,1,0.45455
7145,13,77,28,2,-0.81818
7145,13,77,29,2,-0.54545
7145,13,77,30,2,-0.36364
7145,13,77,31,1,0.81818
7145,13,77,32,1,-0.63636
7145,13,77,33,2,-0.45455
7145,13,77,34,2,-0.36364
7145,13,77,35,2,-0.81818
7145,13,77,36,2,-0.81818
7145,13,77,37,2,0.36364
7145,13,77,38,2,-0.45455
7145,13,77,39,2,-0.18182
7145,13,77,40,2,-0.18182
7145,13,77,41,2,-0.36364
7145,13,77,42,1,0.81818
7145,13,77,43,2,0.18182
7145,13,77,44,2,-0.18182
7145,13,77,45,2,-0.27273
7145,13,77,46,2,-0.54545
7145,13,77,47,1,0.81818
7145,13,77,48,1,-0.63636
7145,13,77,49,2,-0.45455
7145,13,77,50,2,-0.81818
7145,13,77,51,2,-0.36364
7145,13,78,1,1,0.090909
7145,13,78,2,1,0.090909
7145,13,78,3,2,0.45455
7145,13,78,4,1,-0.54545
7145,13,78,5,1,0.18182
7145,13,78,6,2,-0.45455
7145,13,78,7,1,0.090909
7145,13,78,8,2,-0.54545
7145,13,78,9,1,0.27273
7145,13,78,10,1,0.36364
7145,13,78,11,1,-0.45455
7145,13,78,12,1,0.090909
7145,13,78,13,1,0.54545
7145,13,78,14,2,-0.45455
7145,13,78,15,1,0.090909
7145,13,78,16,2,-0.18182
7145,13,78,17,1,0.36364
7145,13,78,18,2,-0.18182
7145,13,78,19,1,0.27273
7145,13,78,20,2,-0.18182
7145,13,78,21,1,0.45455
7145,13,78,22,2,-0.36364
7145,13,78,23,2,-0.54545
7145,13,78,24,1,0.45455
7145,13,78,25,1,0.54545
7145,13,78,26,2,0.090909
7145,13,78,27,1,0.18182
7145,13,78,28,1,-0.36364
7145,13,78,29,2,-0.090909
7145,13,78,30,2,-0.54545
7145,13,78,31,1,0.090909
7145,13,78,32,2,-0.18182
7145,13,78,33,2,-0.54545
7145,13,78,34,1,-0.090909
7145,13,78,35,2,-0.27273
7145,13,78,36,2,-0.45455
7145,13,78,37,1,0.72727
7145,13,78,38,2,-0.45455
7145,13,78,39,2,-0.36364
7145,13,78,40,1,0.090909
7145,13,78,41,2,0.090909
7145,13,78,42,2,-0.54545
7145,13,78,43,1,0.36364
7145,13,78,44,1,0.18182
7145,13,78,45,1,0.63636
7145,13,78,46,1,0.090909
7145,13,78,47,2,-0.54545
7145,13,78,48,1,0.27273
7145,13,78,49,1,0.090909
7145,13,78,50,1,0.090909
7145,13,78,51,2,-0.45455
7145,14,79,1,2,0.090909
7145,14,79,2,2,-0.090909
7145,14,79,3,2,-0.090909
7145,14,79,4,2,0.36364
7145,14,79,5,2,0.27273
7145,14,79,6,1,-0.72727
7145,14,79,7,1,0.18182
7145,14,79,8,2,-0.45455
7145,14,79,9,2,0.090909
7145,14,79,10,2,-0.54545
7145,14,79,11,2,-0.54545
7145,14,79,12,2,0.090909
7145,14,79,13,2,-0.27273
7145,14,79,14,2,0.090909
7145,14,79,15,2,0.27273
7145,14,79,16,1,0.090909
7145,14,79,17,1,0.45455
7145,14,79,18,1,0.090909
7145,14,79,19,1,0.18182
7145,14,79,20,2,-0.45455
7145,14,79,21,2,-0.27273
7145,14,79,22,2,-0.45455
7145,14,79,23,2,-0.27273
7145,14,79,24,2,-0.45455
7145,14,79,25,1,0.36364
7145,14,79,26,1,0.090909
7145,14,79,27,2,-0.090909
7145,14,79,28,1,0.18182
7145,14,79,29,2,-0.45455
7145,14,79,30,1,-0.090909
7145,14,79,31,1,0.18182
7145,14,79,32,1,0.090909
7145,14,79,33,1,0.090909
7145,14,79,34,2,0.090909
7145,14,79,35,2,-0.27273
7145,14,79,36,2,-0.63636
7145,14,79,37,1,0.090909
7145,14,79,38,2,-0.27273
7145,14,79,39,1,0.45455
7145,14,79,40,1,0.36364
7145,14,79,41,2,-0.36364
7145,14,79,42,1,0.36364
7145,14,79,43,2,-0.090909
7145,14,79,44,2,-0.45455
7145,14,79,45,1,0.63636
7145,14,79,46,1,0.18182
7145,14,79,47,1,-0.090909
7145,14,79,48,1,-0.18182
7145,14,79,49,1,0.45455
7145,14,79,50,2,-0.63636
7145,14,79,51,2,-0.36364
7145,14,80,1,1,-0.090909
7145,14,80,2,1,-0.63636
7145,14,80,3,2,-0.090909
7145,14,80,4,2,0.36364
7145,14,80,5,1,0.18182
7145,14,80,6,1,-0.54545
7145,14,80,7,2,0.45455
7145,14,80,8,2,-0.27273
7145,14,80,9,2,-0.36364
7145,14,80,10,2,-0.36364
7145,14,80,11,2,-0.54545
7145,14,80,12,2,0.81818
7145,14,80,13,1,0.45455
7145,14,80,14,1,0.81818
7145,14,80,15,2,0.36364
7145,14,80,16,1,-0.27273
7145,14,80,17,2,0.36364
7145,14,80,18,2,-0.090909
7145,14,80,19,2,-0.090909
7145,14,80,20,2,-0.36364
7145,14,80,21,2,-0.54545
7145,14,80,22,2,0.36364
7145,14,80,23,1,0.72727
7145,14,80,24,2,-0.45455
7145,14,80,25,1,-0.81818
7145,14,80,26,2,-0.090909
7145,14,80,27,1,0.36364
7145,14,80,28,1,0.81818
7145,14,80,29,1,0.45455
7145,14,80,30,1,0.81818
7145,14,80,31,1,0.45455
7145,14,80,32,2,-0.36364
7145,14,80,33,2,-0.36364
7145,14,80,34,2,-0.27273
7145,14,80,35,1,0.36364
7145,14,80,36,1,-0.63636
7145,14,80,37,2,0.45455
7145,14,80,38,1,0.63636
7145,14,80,39,1,0.45455
7145,14,80,40,1,0.18182
7145,14,80,41,1,0.27273
7145,14,80,42,2,-0.36364
7145,14,80,43,1,-0.54545
7145,14,80,44,2,0.18182
7145,14,80,45,1,0.81818
7145,14,80,46,1,0.090909
7145,14,80,47,2,-0.54545
7145,14,80,48,1,0.81818
7145,14,80,49,2,-0.54545
7145,14,80,50,2,-0.63636
7145,14,80,51,1,-0.090909
7145,14,81,1,2,-0.18182
7145,14,81,2,2,-0.18182
7145,14,81,3,2,-0.45455
7145,14,81,4,2,0.27273
7145,14,81,5,1,0.72727
7145,14,81,6,2,-0.36364
7145,14,81,7,2,0.45455
7145,14,81,8,2,0.54545
7145,14,81,9,1,0.72727
7145,14,81,10,1,-0.27273
7145,14,81,11,2,-0.36364
7145,14,81,12,1,0.36364
7145,14,81,13,1,0.36364
7145,14,81,14,1,-0.45455
7145,14,81,15,1,0.27273
7145,14,81,16,1,0.27273
7145,14,81,17,2,-0.36364
7145,14,81,18,1,0.54545
7145,14,81,19,1,-0.27273
7145,14,81,20,2,-0.18182
7145,14,81,21,1,-0.45455
7145,14,81,22,1,0.72727
7145,14,81,23,1,0.36364
7145,14,81,24,2,-0.18182
7145,14,81,25,2,-0.36364
7145,14,81,26,1,0.36364
7145,14,81,27,2,0.63636
7145,14,81,28,2,-0.45455
7145,14,81,29,2,-0.18182
7145,14,81,30,1,0.45455
7145,14,81,31,1,0.27273
7145,14,81,32,2,-0.45455
7145,14,81,33,2,-0.18182
7145,14,81,34,1,0.72727
7145,14,81,35,2,-0.36364
7145,14,81,36,1,0.45455
7145,14,81,37,1,-0.63636
7145,14,81,38,1,0.27273
7145,14,81,39,1,-0.27273
7145,14,81,40,2,0.090909
7145,14,81,41,1,0.54545
7145,14,81,42,2,-0.72727
7145,14,81,43,1,0.27273
7145,14,81,44,1,0.72727
7145,14,81,45,1,0.72727
7145,14,81,46,2,0.36364
7145,14,81,47,1,-0.81818
7145,14,81,48,2,0.18182
7145,14,81,49,2,-0.45455
7145,14,81,50,2,0.36364
7145,14,81,51,2,-0.36364
7145,14,82,1,2,0.18182
7145,14,82,2,2,0.090909
7145,14,82,3,1,-0.18182
7145,14,82,4,1,0.18182
7145,14,82,5,2,-0.27273
7145,14,82,6,2,-0.36364
7145,14,82,7,1,0.45455
7145,14,82,8,1,-0.090909
7145,14,82,9,1,0.36364
7145,14,82,10,2,-0.090909
7145,14,82,11,1,0.54545
7145,14,82,12,1,0.36364
7145,14,82,13,2,-0.18182
7145,14,82,14,1,-0.18182
7145,14,82,15,1,0.45455
7145,14,82,16,2,0.090909
7145,14,82,17,1,0.45455
7145,14,82,18,2,-0.090909
7145,14,82,19,2,-0.090909
7145,14,82,20,2,0.18182
7145,14,82,21,2,-0.090909
7145,14,82,22,2,-0.36364
7145,14,82,23,2,0.18182
7145,14,82,24,1,0.54545
7145,14,82,25,2,-0.45455
7145,14,82,26,1,0.63636
7145,14,82,27,2,0.18182
7145,14,82,28,1,0.36364
7145,14,82,29,2,0.18182
7145,14,82,30,1,-0.18182
7145,14,82,31,1,0.27273
7145,14,82,32,1,0.45455
7145,14,82,33,1,0.45455
7145,14,82,34,1,-0.36364
7145,14,82,35,1,0.54545
7145,14,82,36,2,-0.090909
7145,14,82,37,2,-0.36364
7145,14,82,38,1,0.18182
7145,14,82,39,2,-0.18182
7145,14,82,40,2,-0.18182
7145,14,82,41,2,0.090909
7145,14,82,42,1,0.63636
7145,14,82,43,2,0.090909
7145,14,82,44,1,0.72727
7145,14,82,45,1,-0.090909
7145,14,82,46,1,0.54545
7145,14,82,47,1,0.18182
7145,14,82,48,2,0.090909
7145,14,82,49,2,-0.27273
7145,14,82,50,2,0.18182
7145,14,82,51,2,-0.36364
7145,14,83,1,2,-0.63636
7145,14,83,2,2,0.81818
7145,14,83,3,1,-0.81818
7145,14,83,4,1,-0.18182
7145,14,83,5,1,-0.63636
7145,14,83,6,2,0.81818
7145,14,83,7,2,-0.18182
7145,14,83,8,2,-0.36364
7145,14,83,9,1,-0.27273
7145,14,83,10,2,-0.54545
7145,14,83,11,2,-0.36364
7145,14,83,12,2,0.36364
7145,14,83,13,1,-0.45455
7145,14,83,14,2,-0.81818
7145,14,83,15,2,-0.45455
7145,14,83,16,2,0.63636
7145,14,83,17,2,0.090909
7145,14,83,18,1,-0.63636
7145,14,83,19,2,-0.63636
7145,14,83,20,2,0.27273
7145,14,83,21,2,-0.27273
7145,14,83,22,2,-0.45455
7145,14,83,23,2,0.72727
7145,14,83,24,1,-0.18182
7145,14,83,25,1,0.81818
7145,14,83,26,1,0.36364
7145,14,83,27,1,0.45455
7145,14,83,28,2,-0.81818
7145,14,83,29,2,-0.54545
7145,14,83,30,2,-0.36364
7145,14,83,31,1,0.81818
7145,14,83,32,2,-0.63636
7145,14,83,33,2,-0.45455
7145,14,83,34,2,-0.36364
7145,14,83,35,2,-0.81818
7145,14,83,36,2,-0.81818
7145,14,83,37,2,0.36364
7145,14,83,38,2,-0.45455
7145,14,83,39,1,-0.18182
7145,14,83,40,2,-0.18182
7145,14,83,41,2,-0.36364
7145,14,83,42,1,0.81818
7145,14,83,43,2,0.18182
7145,14,83,44,2,-0.18182
7145,14,83,45,1,-0.27273
7145,14,83,46,2,-0.54545
7145,14,83,47,1,0.81818
7145,14,83,48,1,-0.63636
7145,14,83,49,2,-0.45455
7145,14,83,50,2,-0.81818
7145,14,83,51,2,-0.36364
7145,14,84,1,1,0.090909
7145,14,84,2,1,0.090909
7145,14,84,3,2,0.45455
7145,14,84,4,2,-0.54545
7145,14,84,5,1,0.18182
7145,14,84,6,2,-0.45455
7145,14,84,7,1,0.090909
7145,14,84,8,2,-0.54545
7145,14,84,9,1,0.27273
7145,14,84,10,1,0.36364
7145,14,84,11,2,-0.45455
7145,14,84,12,2,0.090909
7145,14,84,13,1,0.54545
7145,14,84,14,2,-0.45455
7145,14,84,15,2,0.090909
7145,14,84,16,1,-0.18182
7145,14,84,17,1,0.36364
7145,14,84,18,2,-0.18182
7145,14,84,19,1,0.27273
7145,14,84,20,1,-0.18182
7145,14,84,21,1,0.45455
7145,14,84,22,2,-0.36364
7145,14,84,23,2,-0.54545
7145,14,84,24,1,0.45455
7145,14,84,25,1,0.54545
7145,14,84,26,2,0.090909
7145,14,84,27,1,0.18182
7145,14,84,28,2,-0.36364
7145,14,84,29,2,-0.090909
7145,14,84,30,2,-0.54545
7145,14,84,31,2,0.090909
7145,14,84,32,2,-0.18182
7145,14,84,33,2,-0.54545
7145,14,84,34,1,-0.090909
7145,14,84,35,2,-0.27273
7145,14,84,36,2,-0.45455
7145,14,84,37,1,0.72727
7145,14,84,38,2,-0.45455
7145,14,84,39,2,-0.36364
7145,14,84,40,1,0.090909
7145,14,84,41,2,0.090909
7145,14,84,42,2,-0.54545
7145,14,84,43,1,0.36364
7145,14,84,44,1,0.18182
7145,14,84,45,1,0.63636
7145,14,84,46,2,0.090909
7145,14,84,47,2,-0.54545
7145,14,84,48,1,0.27273
7145,14,84,49,2,0.090909
7145,14,84,50,1,0.090909
7145,14,84,51,2,-0.45455
7145,15,85,1,1,0.090909
7145,15,85,2,2,-0.090909
7145,15,85,3,2,-0.090909
7145,15,85,4,2,0.36364
7145,15,85,5,1,0.27273
7145,15,85,6,2,-0.72727
7145,15,85,7,1,0.18182
7145,15,85,8,2,-0.45455
7145,15,85,9,1,0.090909
7145,15,85,10,2,-0.54545
7145,15,85,11,2,-0.54545
7145,15,85,12,1,0.090909
7145,15,85,13,2,-0.27273
7145,15,85,14,1,0.090909
7145,15,85,15,1,0.27273
7145,15,85,16,2,0.090909
7145,15,85,17,2,0.45455
7145,15,85,18,1,0.090909
7145,15,85,19,2,0.18182
7145,15,85,20,2,-0.45455
7145,15,85,21,2,-0.27273
7145,15,85,22,2,-0.45455
7145,15,85,23,2,-0.27273
7145,15,85,24,2,-0.45455
7145,15,85,25,1,0.36364
7145,15,85,26,1,0.090909
7145,15,85,27,1,-0.090909
7145,15,85,28,1,0.18182
7145,15,85,29,2,-0.45455
7145,15,85,30,2,-0.090909
7145,15,85,31,1,0.18182
7145,15,85,32,1,0.090909
7145,15,85,33,1,0.090909
7145,15,85,34,2,0.090909
7145,15,85,35,2,-0.27273
7145,15,85,36,2,-0.63636
7145,15,85,37,2,0.090909
7145,15,85,38,1,-0.27273
7145,15,85,39,1,0.45455
7145,15,85,40,1,0.36364
7145,15,85,41,2,-0.36364
7145,15,85,42,1,0.36364
7145,15,85,43,1,-0.090909
7145,15,85,44,2,-0.45455
7145,15,85,45,1,0.63636
7145,15,85,46,1,0.18182
7145,15,85,47,1,-0.090909
7145,15,85,48,2,-0.18182
7145,15,85,49,1,0.45455
7145,15,85,50,2,-0.63636
7145,15,85,51,2,-0.36364
7145,15,86,1,2,-0.090909
7145,15,86,2,1,-0.63636
7145,15,86,3,2,-0.090909
7145,15,86,4,2,0.36364
7145,15,86,5,2,0.18182
7145,15,86,6,1,-0.54545
7145,15,86,7,2,0.45455
7145,15,86,8,2,-0.27273
7145,15,86,9,2,-0.36364
7145,15,86,10,2,-0.36364
7145,15,86,11,2,-0.54545
7145,15,86,12,2,0.81818
7145,15,86,13,2,0.45455
7145,15,86,14,1,0.81818
7145,15,86,15,2,0.36364
7145,15,86,16,1,-0.27273
7145,15,86,17,1,0.36364
7145,15,86,18,2,-0.090909
7145,15,86,19,2,-0.090909
7145,15,86,20,2,-0.36364
7145,15,86,21,2,-0.54545
7145,15,86,22,1,0.36364
7145,15,86,23,2,0.72727
7145,15,86,24,2,-0.45455
7145,15,86,25,2,-0.81818
7145,15,86,26,2,-0.090909
7145,15,86,27,2,0.36364
7145,15,86,28,1,0.81818
7145,15,86,29,1,0.45455
7145,15,86,30,1,0.81818
7145,15,86,31,1,0.45455
7145,15,86,32,2,-0.36364
7145,15,86,33,2,-0.36364
7145,15,86,34,1,-0.27273
7145,15,86,35,2,0.36364
7145,15,86,36,2,-0.63636
7145,15,86,37,1,0.45455
7145,15,86,38,1,0.63636
7145,15,86,39,1,0.45455
7145,15,86,40,1,0.18182
7145,15,86,41,2,0.27273
7145,15,86,42,2,-0.36364
7145,15,86,43,2,-0.54545
7145,15,86,44,1,0.18182
7145,15,86,45,1,0.81818
7145,15,86,46,2,0.090909
7145,15,86,47,2,-0.54545
7145,15,86,48,1,0.81818
7145,15,86,49,2,-0.54545
7145,15,86,50,2,-0.63636
7145,15,86,51,1,-0.090909
7145,15,87,1,2,-0.18182
7145,15,87,2,2,-0.18182
7145,15,87,3,1,-0.45455
7145,15,87,4,1,0.27273
7145,15,87,5,1,0.72727
7145,15,87,6,2,-0.36364
7145,15,87,7,1,0.45455
7145,15,87,8,2,0.54545
7145,15,87,9,1,0.72727
7145,15,87,10,1,-0.27273
7145,15,87,11,2,-0.36364
7145,15,87,12,2,0.36364
7145,15,87,13,2,0.36364
7145,15,87,14,1,-0.45455
7145,15,87,15,1,0.27273
7145,15,87,16,1,0.27273
7145,15,87,17,2,-0.36364
7145,15,87,18,2,0.54545
7145,15,87,19,1,-0.27273
7145,15,87,20,2,-0.18182
7145,15,87,21,1,-0.45455
7145,15,87,22,1,0.72727
7145,15,87,23,2,0.36364
7145,15,87,24,2,-0.18182
7145,15,87,25,2,-0.36364
7145,15,87,26,1,0.36364
7145,15,87,27,2,0.63636
7145,15,87,28,1,-0.45455
7145,15,87,29,2,-0.18182
7145,15,87,30,1,0.45455
7145,15,87,31,1,0.27273
7145,15,87,32,2,-0.45455
7145,15,87,33,2,-0.18182
7145,15,87,34,1,0.72727
7145,15,87,35,2,-0.36364
7145,15,87,36,1,0.45455
7145,15,87,37,1,-0.63636
7145,15,87,38,1,0.27273
7145,15,87,39,2,-0.27273
7145,15,87,40,1,0.090909
7145,15,87,41,1,0.54545
7145,15,87,42,2,-0.72727
7145,15,87,43,2,0.27273
7145,15,87,44,1,0.72727
7145,15,87,45,1,0.72727
7145,15,87,46,1,0.36364
7145,15,87,47,1,-0.81818
7145,15,87,48,2,0.18182
7145,15,87,49,2,-0.45455
7145,15,87,50,1,0.36364
7145,15,87,51,2,-0.36364
7145,15,88,1,2,0.18182
7145,15,88,2,2,0.090909
7145,15,88,3,1,-0.18182
7145,15,88,4,2,0.18182
7145,15,88,5,2,-0.27273
7145,15,88,6,2,-0.36364
7145,15,88,7,2,0.45455
7145,15,88,8,1,-0.090909
7145,15,88,9,1,0.36364
7145,15,88,10,1,-0.090909
7145,15,88,11,1,0.54545
7145,15,88,12,1,0.36364
7145,15,88,13,1,-0.18182
7145,15,88,14,2,-0.18182
7145,15,88,15,1,0.45455
7145,15,88,16,2,0.090909
7145,15,88,17,1,0.45455
7145,15,88,18,2,-0.090909
7145,15,88,19,2,-0.090909
7145,15,88,20,2,0.18182
7145,15,88,21,1,-0.090909
7145,15,88,22,1,-0.36364
7145,15,88,23,1,0.18182
7145,15,88,24,1,0.54545
7145,15,88,25,2,-0.45455
7145,15,88,26,1,0.63636
7145,15,88,27,2,0.18182
7145,15,88,28,1,0.36364
7145,15,88,29,1,0.18182
7145,15,88,30,2,-0.18182
7145,15,88,31,2,0.27273
7145,15,88,32,1,0.45455
7145,15,88,33,1,0.45455
7145,15,88,34,2,-0.36364
7145,15,88,35,1,0.54545
7145,15,88,36,2,-0.090909
7145,15,88,37,2,-0.36364
7145,15,88,38,1,0.18182
7145,15,88,39,2,-0.18182
7145,15,88,40,2,-0.18182
7145,15,88,41,2,0.090909
7145,15,88,42,1,0.63636
7145,15,88,43,1,0.090909
7145,15,88,44,1,0.72727
7145,15,88,45,1,-0.090909
7145,15,88,46,1,0.54545
7145,15,88,47,2,0.18182
7145,15,88,48,1,0.090909
7145,15,88,49,2,-0.27273
7145,15,88,50,1,0.18182
7145,15,88,51,2,-0.36364
7145,15,89,1,2,-0.63636
7145,15,89,2,2,0.81818
7145,15,89,3,2,-0.81818
7145,15,89,4,2,-0.18182
7145,15,89,5,2,-0.63636
7145,15,89,6,1,0.81818
7145,15,89,7,2,-0.18182
7145,15,89,8,2,-0.36364
7145,15,89,9,2,-0.27273
7145,15,89,10,2,-0.54545
7145,15,89,11,2,-0.36364
7145,15,89,12,2,0.36364
7145,15,89,13,2,-0.45455
7145,15,89,14,1,-0.81818
7145,15,89,15,2,-0.45455
7145,15,89,16,2,0.63636
7145,15,89,17,2,0.090909
7145,15,89,18,2,-0.63636
7145,15,89,19,2,-0.63636
7145,15,89,20,2,0.27273
7145,15,89,21,2,-0.27273
7145,15,89,22,2,-0.45455
7145,15,89,23,2,0.72727
7145,15,89,24,2,-0.18182
7145,15,89,25,2,0.81818
7145,15,89,26,1,0.36364
7145,15,89,27,1,0.45455
7145,15,89,28,2,-0.81818
7145,15,89,29,2,-0.54545
7145,15,89,30,2,-0.36364
7145,15,89,31,1,0.81818
7145,15,89,32,2,-0.63636
7145,15,89,33,2,-0.45455
7145,15,89,34,2,-0.36364
7145,15,89,35,2,-0.81818
7145,15,89,36,2,-0.81818
7145,15,89,37,2,0.36364
7145,15,89,38,2,-0.45455
7145,15,89,39,2,-0.18182
7145,15,89,40,2,-0.18182
7145,15,89,41,2,-0.36364
7145,15,89,42,1,0.81818
7145,15,89,43,2,0.18182
7145,15,89,44,2,-0.18182
7145,15,89,45,1,-0.27273
7145,15,89,46,2,-0.54545
7145,15,89,47,1,0.81818
7145,15,89,48,2,-0.63636
7145,15,89,49,2,-0.45455
7145,15,89,50,2,-0.81818
7145,15,89,51,2,-0.36364
7145,15,90,1,2,0.090909
7145,15,90,2,2,0.090909
7145,15,90,3,1,0.45455
7145,15,90,4,1,-0.54545
7145,15,90,5,2,0.18182
7145,15,90,6,2,-0.45455
7145,15,90,7,1,0.090909
7145,15,90,8,2,-0.54545
7145,15,90,9,1,0.27273
7145,15,90,10,1,0.36364
7145,15,90,11,2,-0.45455
7145,15,90,12,2,0.090909
7145,15,90,13,1,0.54545
7145,15,90,14,2,-0.45455
7145,15,90,15,1,0.090909
7145,15,90,16,2,-0.18182
7145,15,90,17,1,0.36364
7145,15,90,18,2,-0.18182
7145,15,90,19,1,0.27273
7145,15,90,20,2,-0.18182
7145,15,90,21,1,0.45455
7145,15,90,22,2,-0.36364
7145,15,90,23,2,-0.54545
7145,15,90,24,2,0.45455
7145,15,90,25,1,0.54545
7145,15,90,26,2,0.090909
7145,15,90,27,1,0.18182
7145,15,90,28,2,-0.36364
7145,15,90,29,1,-0.090909
7145,15,90,30,2,-0.54545
7145,15,90,31,1,0.090909
7145,15,90,32,2,-0.18182
7145,15,90,33,2,-0.54545
7145,15,90,34,1,-0.090909
7145,15,90,35,1,-0.27273
7145,15,90,36,2,-0.45455
7145,15,90,37,1,0.72727
7145,15,90,38,2,-0.45455
7145,15,90,39,2,-0.36364
7145,15,90,40,1,0.090909
7145,15,90,41,2,0.090909
7145,15,90,42,2,-0.54545
7145,15,90,43,1,0.36364
7145,15,90,44,1,0.18182
7145,15,90,45,2,0.63636
7145,15,90,46,2,0.090909
7145,15,90,47,2,-0.54545
7145,15,90,48,1,0.27273
7145,15,90,49,2,0.090909
7145,15,90,50,2,0.090909
7145,15,90,51,2,-0.45455
7145,16,91,1,2,0.090909
7145,16,91,2,1,-0.090909
7145,16,91,3,1,-0.090909
7145,16,91,4,1,0.36364
7145,16,91,5,1,0.27273
7145,16,91,6,1,-0.72727
7145,16,91,7,1,0.18182
7145,16,91,8,2,-0.45455
7145,16,91,9,1,0.090909
7145,16,91,10,2,-0.54545
7145,16,91,11,2,-0.54545
7145,16,91,12,2,0.090909
7145,16,91,13,2,-0.27273
7145,16,91,14,1,0.090909
7145,16,91,15,2,0.27273
7145,16,91,16,1,0.090909
7145,16,91,17,1,0.45455
7145,16,91,18,1,0.090909
7145,16,91,19,1,0.18182
7145,16,91,20,2,-0.45455
7145,16,91,21,2,-0.27273
7145,16,91,22,2,-0.45455
7145,16,91,23,2,-0.27273
7145,16,91,24,2,-0.45455
7145,16,91,25,1,0.36364
7145,16,91,26,2,0.090909
7145,16,91,27,2,-0.090909
7145,16,91,28,2,0.18182
7145,16,91,29,2,-0.45455
7145,16,91,30,2,-0.090909
7145,16,91,31,1,0.18182
7145,16,91,32,2,0.090909
7145,16,91,33,1,0.090909
7145,16,91,34,2,0.090909
7145,16,91,35,2,-0.27273
7145,16,91,36,2,-0.63636
7145,16,91,37,1,0.090909
7145,16,91,38,1,-0.27273
7145,16,91,39,2,0.45455
7145,16,91,40,1,0.36364
7145,16,91,41,2,-0.36364
7145,16,91,42,1,0.36364
7145,16,91,43,2,-0.090909
7145,16,91,44,2,-0.45455
7145,16,91,45,1,0.63636
7145,16,91,46,1,0.18182
7145,16,91,47,1,-0.090909
7145,16,91,48,2,-0.18182
7145,16,91,49,1,0.45455
7145,16,91,50,2,-0.63636
7145,16,91,51,2,-0.36364
7145,16,92,1,1,-0.090909
7145,16,92,2,2,-0.63636
7145,16,92,3,2,-0.090909
7145,16,92,4,2,0.36364
7145,16,92,5,1,0.18182
7145,16,92,6,2,-0.54545
7145,16,92,7,2,0.45455
7145,16,92,8,2,-0.27273
7145,16,92,9,2,-0.36364
7145,16,92,10,2,-0.36364
7145,16,92,11,1,-0.54545
7145,16,92,12,1,0.81818
7145,16,92,13,2,0.45455
7145,16,92,14,1,0.81818
7145,16,92,15,1,0.36364
7145,16,92,16,1,-0.27273
7145,16,92,17,1,0.36364
7145,16,92,18,2,-0.090909
7145,16,92,19,1,-0.090909
7145,16,92,20,2,-0.36364
7145,16,92,21,2,-0.54545
7145,16,92,22,1,0.36364
7145,16,92,23,2,0.72727
7145,16,92,24,2,-0.45455
7145,16,92,25,2,-0.81818
7145,16,92,26,1,-0.090909
7145,16,92,27,1,0.36364
7145,16,92,28,1,0.81818
7145,16,92,29,1,0.45455
7145,16,92,30,1,0.81818
7145,16,92,31,1,0.45455
7145,16,92,32,2,-0.36364
7145,16,92,33,2,-0.36364
7145,16,92,34,2,-0.27273
7145,16,92,35,1,0.36364
7145,16,92,36,2,-0.63636
7145,16,92,37,1,0.45455
7145,16,92,38,1,0.63636
7145,16,92,39,1,0.45455
7145,16,92,40,2,0.18182
7145,16,92,41,2,0.27273
7145,16,92,42,2,-0.36364
7145,16,92,43,2,-0.54545
7145,16,92,44,2,0.18182
7145,16,92,45,1,0.81818
7145,16,92,46,1,0.090909
7145,16,92,47,2,-0.54545
7145,16,92,48,1,0.81818
7145,16,92,49,2,-0.54545
7145,16,92,50,2,-0.63636
7145,16,92,51,1,-0.090909
7145,16,93,1,1,-0.18182
7145,16,93,2,2,-0.18182
7145,16,93,3,1,-0.45455
7145,16,93,4,2,0.27273
7145,16,93,5,2,0.72727
7145,16,93,6,2,-0.36364
7145,16,93,7,2,0.45455
7145,16,93,8,2,0.54545
7145,16,93,9,1,0.72727
7145,16,93,10,1,-0.27273
7145,16,93,11,2,-0.36364
7145,16,93,12,1,0.36364
7145,16,93,13,2,0.36364
7145,16,93,14,1,-0.45455
7145,16,93,15,1,0.27273
7145,16,93,16,1,0.27273
7145,16,93,17,1,-0.36364
7145,16,93,18,1,0.54545
7145,16,93,19,1,-0.27273
7145,16,93,20,2,-0.18182
7145,16,93,21,2,-0.45455
7145,16,93,22,1,0.72727
7145,16,93,23,1,0.36364
7145,16,93,24,2,-0.18182
7145,16,93,25,2,-0.36364
7145,16,93,26,1,0.36364
7145,16,93,27,2,0.63636
7145,16,93,28,1,-0.45455
7145,16,93,29,2,-0.18182
7145,16,93,30,2,0.45455
7145,16,93,31,1,0.27273
7145,16,93,32,1,-0.45455
7145,16,93,33,1,-0.18182
7145,16,93,34,1,0.72727
7145,16,93,35,2,-0.36364
7145,16,93,36,2,0.45455
7145,16,93,37,1,-0.63636
7145,16,93,38,1,0.27273
7145,16,93,39,2,-0.27273
7145,16,93,40,1,0.090909
7145,16,93,41,1,0.54545
7145,16,93,42,2,-0.72727
7145,16,93,43,1,0.27273
7145,16,93,44,1,0.72727
7145,16,93,45,1,0.72727
7145,16,93,46,1,0.36364
7145,16,93,47,1,-0.81818
7145,16,93,48,2,0.18182
7145,16,93,49,2,-0.45455
7145,16,93,50,1,0.36364
7145,16,93,51,2,-0.36364
7145,16,94,1,2,0.18182
7145,16,94,2,1,0.090909
7145,16,94,3,1,-0.18182
7145,16,94,4,1,0.18182
7145,16,94,5,1,-0.27273
7145,16,94,6,2,-0.36364
7145,16,94,7,2,0.45455
7145,16,94,8,1,-0.090909
7145,16,94,9,1,0.36364
7145,16,94,10,1,-0.090909
7145,16,94,11,1,0.54545
7145,16,94,12,1,0.36364
7145,16,94,13,2,-0.18182
7145,16,94,14,2,-0.18182
7145,16,94,15,1,0.45455
7145,16,94,16,2,0.090909
7145,16,94,17,1,0.45455
7145,16,94,18,2,-0.090909
7145,16,94,19,2,-0.090909
7145,16,94,20,2,0.18182
7145,16,94,21,2,-0.090909
7145,16,94,22,2,-0.36364
7145,16,94,23,1,0.18182
7145,16,94,24,1,0.54545
7145,16,94,25,2,-0.45455
7145,16,94,26,1,0.63636
7145,16,94,27,2,0.18182
7145,16,94,28,1,0.36364
7145,16,94,29,1,0.18182
7145,16,94,30,1,-0.18182
7145,16,94,31,1,0.27273
7145,16,94,32,1,0.45455
7145,16,94,33,1,0.45455
7145,16,94,34,2,-0.36364
7145,16,94,35,1,0.54545
7145,16,94,36,2,-0.090909
7145,16,94,37,1,-0.36364
7145,16,94,38,1,0.18182
7145,16,94,39,2,-0.18182
7145,16,94,40,2,-0.18182
7145,16,94,41,2,0.090909
7145,16,94,42,1,0.63636
7145,16,94,43,1,0.090909
7145,16,94,44,1,0.72727
7145,16,94,45,1,-0.090909
7145,16,94,46,1,0.54545
7145,16,94,47,2,0.18182
7145,16,94,48,2,0.090909
7145,16,94,49,2,-0.27273
7145,16,94,50,1,0.18182
7145,16,94,51,2,-0.36364
7145,16,95,1,1,-0.63636
7145,16,95,2,2,0.81818
7145,16,95,3,1,-0.81818
7145,16,95,4,2,-0.18182
7145,16,95,5,2,-0.63636
7145,16,95,6,1,0.81818
7145,16,95,7,2,-0.18182
7145,16,95,8,2,-0.36364
7145,16,95,9,1,-0.27273
7145,16,95,10,2,-0.54545
7145,16,95,11,2,-0.36364
7145,16,95,12,2,0.36364
7145,16,95,13,2,-0.45455
7145,16,95,14,2,-0.81818
7145,16,95,15,2,-0.45455
7145,16,95,16,2,0.63636
7145,16,95,17,2,0.090909
7145,16,95,18,1,-0.63636
7145,16,95,19,2,-0.63636
7145,16,95,20,2,0.27273
7145,16,95,21,1,-0.27273
7145,16,95,22,2,-0.45455
7145,16,95,23,2,0.72727
7145,16,95,24,2,-0.18182
7145,16,95,25,2,0.81818
7145,16,95,26,1,0.36364
7145,16,95,27,2,0.45455
7145,16,95,28,2,-0.81818
7145,16,95,29,2,-0.54545
7145,16,95,30,2,-0.36364
7145,16,95,31,1,0.81818
7145,16,95,32,2,-0.63636
7145,16,95,33,2,-0.45455
7145,16,95,34,2,-0.36364
7145,16,95,35,2,-0.81818
7145,16,95,36,2,-0.81818
7145,16,95,37,1,0.36364
7145,16,95,38,2,-0.45455
7145,16,95,39,2,-0.18182
7145,16,95,40,2,-0.18182
7145,16,95,41,2,-0.36364
7145,16,95,42,1,0.81818
7145,16,95,43,2,0.18182
7145,16,95,44,2,-0.18182
7145,16,95,45,1,-0.27273
7145,16,95,46,2,-0.54545
7145,16,95,47,1,0.81818
7145,16,95,48,2,-0.63636
7145,16,95,49,2,-0.45455
7145,16,95,50,2,-0.81818
7145,16,95,51,2,-0.36364
7145,16,96,1,2,0.090909
7145,16,96,2,1,0.090909
7145,16,96,3,1,0.45455
7145,16,96,4,2,-0.54545
7145,16,96,5,2,0.18182
7145,16,96,6,2,-0.45455
7145,16,96,7,1,0.090909
7145,16,96,8,2,-0.54545
7145,16,96,9,1,0.27273
7145,16,96,10,1,0.36364
7145,16,96,11,2,-0.45455
7145,16,96,12,2,0.090909
7145,16,96,13,1,0.54545
7145,16,96,14,2,-0.45455
7145,16,96,15,1,0.090909
7145,16,96,16,1,-0.18182
7145,16,96,17,1,0.36364
7145,16,96,18,2,-0.18182
7145,16,96,19,1,0.27273
7145,16,96,20,1,-0.18182
7145,16,96,21,1,0.45455
7145,16,96,22,2,-0.36364
7145,16,96,23,2,-0.54545
7145,16,96,24,1,0.45455
7145,16,96,25,1,0.54545
7145,16,96,26,2,0.090909
7145,16,96,27,1,0.18182
7145,16,96,28,2,-0.36364
7145,16,96,29,2,-0.090909
7145,16,96,30,2,-0.54545
7145,16,96,31,2,0.090909
7145,16,96,32,2,-0.18182
7145,16,96,33,2,-0.54545
7145,16,96,34,1,-0.090909
7145,16,96,35,2,-0.27273
7145,16,96,36,2,-0.45455
7145,16,96,37,1,0.72727
7145,16,96,38,2,-0.45455
7145,16,96,39,2,-0.36364
7145,16,96,40,1,0.090909
7145,16,96,41,2,0.090909
7145,16,96,42,2,-0.54545
7145,16,96,43,1,0.36364
7145,16,96,44,1,0.18182
7145,16,96,45,1,0.63636
7145,16,96,46,2,0.090909
7145,16,96,47,2,-0.54545
7145,16,96,48,1,0.27273
7145,16,96,49,2,0.090909
7145,16,96,50,2,0.090909
7145,16,96,51,2,-0.45455
7145,17,97,1,2,0.090909
7145,17,97,2,2,-0.090909
7145,17,97,3,2,-0.090909
7145,17,97,4,2,0.36364
7145,17,97,5,2,0.27273
7145,17,97,6,2,-0.72727
7145,17,97,7,1,0.18182
7145,17,97,8,2,-0.45455
7145,17,97,9,2,0.090909
7145,17,97,10,2,-0.54545
7145,17,97,11,2,-0.54545
7145,17,97,12,2,0.090909
7145,17,97,13,2,-0.27273
7145,17,97,14,1,0.090909
7145,17,97,15,2,0.27273
7145,17,97,16,1,0.090909
7145,17,97,17,1,0.45455
7145,17,97,18,1,0.090909
7145,17,97,19,1,0.18182
7145,17,97,20,2,-0.45455
7145,17,97,21,2,-0.27273
7145,17,97,22,2,-0.45455
7145,17,97,23,2,-0.27273
7145,17,97,24,2,-0.45455
7145,17,97,25,1,0.36364
7145,17,97,26,2,0.090909
7145,17,97,27,1,-0.090909
7145,17,97,28,1,0.18182
7145,17,97,29,2,-0.45455
7145,17,97,30,1,-0.090909
7145,17,97,31,1,0.18182
7145,17,97,32,2,0.090909
7145,17,97,33,1,0.090909
7145,17,97,34,1,0.090909
7145,17,97,35,2,-0.27273
7145,17,97,36,2,-0.63636
7145,17,97,37,1,0.090909
7145,17,97,38,1,-0.27273
7145,17,97,39,1,0.45455
7145,17,97,40,1,0.36364
7145,17,97,41,2,-0.36364
7145,17,97,42,1,0.36364
7145,17,97,43,2,-0.090909
7145,17,97,44,2,-0.45455
7145,17,97,45,1,0.63636
7145,17,97,46,1,0.18182
7145,17,97,47,2,-0.090909
7145,17,97,48,1,-0.18182
7145,17,97,49,1,0.45455
7145,17,97,50,2,-0.63636
7145,17,97,51,2,-0.36364
7145,17,98,1,1,-0.090909
7145,17,98,2,2,-0.63636
7145,17,98,3,2,-0.090909
7145,17,98,4,1,0.36364
7145,17,98,5,2,0.18182
7145,17,98,6,1,-0.54545
7145,17,98,7,2,0.45455
7145,17,98,8,2,-0.27273
7145,17,98,9,2,-0.36364
7145,17,98,10,2,-0.36364
7145,17,98,11,2,-0.54545
7145,17,98,12,2,0.81818
7145,17,98,13,1,0.45455
7145,17,98,14,1,0.81818
7145,17,98,15,2,0.36364
7145,17,98,16,1,-0.27273
7145,17,98,17,1,0.36364
7145,17,98,18,1,-0.090909
7145,17,98,19,1,-0.090909
7145,17,98,20,2,-0.36364
7145,17,98,21,2,-0.54545
7145,17,98,22,2,0.36364
7145,17,98,23,2,0.72727
7145,17,98,24,2,-0.45455
7145,17,98,25,1,-0.81818
7145,17,98,26,2,-0.090909
7145,17,98,27,1,0.36364
7145,17,98,28,1,0.81818
7145,17,98,29,2,0.45455
7145,17,98,30,1,0.81818
7145,17,98,31,1,0.45455
7145,17,98,32,1,-0.36364
7145,17,98,33,1,-0.36364
7145,17,98,34,1,-0.27273
7145,17,98,35,1,0.36364
7145,17,98,36,2,-0.63636
7145,17,98,37,1,0.45455
7145,17,98,38,2,0.63636
7145,17,98,39,1,0.45455
7145,17,98,40,1,0.18182
7145,17,98,41,2,0.27273
7145,17,98,42,2,-0.36364
7145,17,98,43,2,-0.54545
7145,17,98,44,2,0.18182
7145,17,98,45,1,0.81818
7145,17,98,46,2,0.090909
7145,17,98,47,2,-0.54545
7145,17,98,48,1,0.81818
7145,17,98,49,2,-0.54545
7145,17,98,50,2,-0.63636
7145,17,98,51,1,-0.090909
7145,17,99,1,1,-0.18182
7145,17,99,2,2,-0.18182
7145,17,99,3,1,-0.45455
7145,17,99,4,1,0.27273
7145,17,99,5,1,0.72727
7145,17,99,6,2,-0.36364
7145,17,99,7,1,0.45455
7145,17,99,8,2,0.54545
7145,17,99,9,1,0.72727
7145,17,99,10,1,-0.27273
7145,17,99,11,1,-0.36364
7145,17,99,12,1,0.36364
7145,17,99,13,1,0.36364
7145,17,99,14,1,-0.45455
7145,17,99,15,1,0.27273
7145,17,99,16,1,0.27273
7145,17,99,17,2,-0.36364
7145,17,99,18,2,0.54545
7145,17,99,19,2,-0.27273
7145,17,99,20,2,-0.18182
7145,17,99,21,1,-0.45455
7145,17,99,22,1,0.72727
7145,17,99,23,2,0.36364
7145,17,99,24,2,-0.18182
7145,17,99,25,1,-0.36364
7145,17,99,26,1,0.36364
7145,17,99,27,2,0.63636
7145,17,99,28,2,-0.45455
7145,17,99,29,2,-0.18182
7145,17,99,30,2,0.45455
7145,17,99,31,1,0.27273
7145,17,99,32,2,-0.45455
7145,17,99,33,2,-0.18182
7145,17,99,34,1,0.72727
7145,17,99,35,2,-0.36364
7145,17,99,36,2,0.45455
7145,17,99,37,1,-0.63636
7145,17,99,38,1,0.27273
7145,17,99,39,2,-0.27273
7145,17,99,40,2,0.090909
7145,17,99,41,2,0.54545
7145,17,99,42,2,-0.72727
7145,17,99,43,2,0.27273
7145,17,99,44,1,0.72727
7145,17,99,45,1,0.72727
7145,17,99,46,1,0.36364
7145,17,99,47,2,-0.81818
7145,17,99,48,2,0.18182
7145,17,99,49,2,-0.45455
7145,17,99,50,1,0.36364
7145,17,99,51,2,-0.36364
7145,17,100,1,2,0.18182
7145,17,100,2,2,0.090909
7145,17,100,3,1,-0.18182
7145,17,100,4,2,0.18182
7145,17,100,5,2,-0.27273
7145,17,100,6,2,-0.36364
7145,17,100,7,1,0.45455
7145,17,100,8,1,-0.090909
7145,17,100,9,1,0.36364
7145,17,100,10,2,-0.090909
7145,17,100,11,1,0.54545
7145,17,100,12,1,0.36364
7145,17,100,13,2,-0.18182
7145,17,100,14,2,-0.18182
7145,17,100,15,2,0.45455
7145,17,100,16,2,0.090909
7145,17,100,17,1,0.45455
7145,17,100,18,2,-0.090909
7145,17,100,19,1,-0.090909
7145,17,100,20,2,0.18182
7145,17,100,21,1,-0.090909
7145,17,100,22,1,-0.36364
7145,17,100,23,2,0.18182
7145,17,100,24,1,0.54545
7145,17,100,25,1,-0.45455
7145,17,100,26,1,0.63636
7145,17,100,27,2,0.18182
7145,17,100,28,1,0.36364
7145,17,100,29,1,0.18182
7145,17,100,30,2,-0.18182
7145,17,100,31,1,0.27273
7145,17,100,32,1,0.45455
7145,17,100,33,1,0.45455
7145,17,100,34,2,-0.36364
7145,17,100,35,1,0.54545
7145,17,100,36,2,-0.090909
7145,17,100,37,2,-0.36364
7145,17,100,38,1,0.18182
7145,17,100,39,2,-0.18182
7145,17,100,40,2,-0.18182
7145,17,100,41,1,0.090909
7145,17,100,42,1,0.63636
7145,17,100,43,1,0.090909
7145,17,100,44,1,0.72727
7145,17,100,45,1,-0.090909
7145,17,100,46,1,0.54545
7145,17,100,47,1,0.18182
7145,17,100,48,2,0.090909
7145,17,100,49,2,-0.27273
7145,17,100,50,1,0.18182
7145,17,100,51,2,-0.36364
7145,17,101,1,1,-0.63636
7145,17,101,2,2,0.81818
7145,17,101,3,2,-0.81818
7145,17,101,4,2,-0.18182
7145,17,101,5,1,-0.63636
7145,17,101,6,1,0.81818
7145,17,101,7,2,-0.18182
7145,17,101,8,2,-0.36364
7145,17,101,9,1,-0.27273
7145,17,101,10,2,-0.54545
7145,17,101,11,1,-0.36364
7145,17,101,12,2,0.36364
7145,17,101,13,1,-0.45455
7145,17,101,14,2,-0.81818
7145,17,101,15,2,-0.45455
7145,17,101,16,2,0.63636
7145,17,101,17,1,0.090909
7145,17,101,18,2,-0.63636
7145,17,101,19,2,-0.63636
7145,17,101,20,2,0.27273
7145,17,101,21,2,-0.27273
7145,17,101,22,2,-0.45455
7145,17,101,23,2,0.72727
7145,17,101,24,1,-0.18182
7145,17,101,25,2,0.81818
7145,17,101,26,2,0.36364
7145,17,101,27,2,0.45455
7145,17,101,28,2,-0.81818
7145,17,101,29,2,-0.54545
7145,17,101,30,2,-0.36364
7145,17,101,31,1,0.81818
7145,17,101,32,2,-0.63636
7145,17,101,33,2,-0.45455
7145,17,101,34,2,-0.36364
7145,17,101,35,2,-0.81818
7145,17,101,36,2,-0.81818
7145,17,101,37,2,0.36364
7145,17,101,38,2,-0.45455
7145,17,101,39,2,-0.18182
7145,17,101,40,2,-0.18182
7145,17,101,41,2,-0.36364
7145,17,101,42,1,0.81818
7145,17,101,43,2,0.18182
7145,17,101,44,2,-0.18182
7145,17,101,45,2,-0.27273
7145,17,101,46,2,-0.54545
7145,17,101,47,1,0.81818
7145,17,101,48,2,-0.63636
7145,17,101,49,2,-0.45455
7145,17,101,50,2,-0.81818
7145,17,101,51,2,-0.36364
7145,17,102,1,2,0.090909
7145,17,102,2,1,0.090909
7145,17,102,3,1,0.45455
7145,17,102,4,2,-0.54545
7145,17,102,5,2,0.18182
7145,17,102,6,2,-0.45455
7145,17,102,7,1,0.090909
7145,17,102,8,2,-0.54545
7145,17,102,9,1,0.27273
7145,17,102,10,1,0.36364
7145,17,102,11,1,-0.45455
7145,17,102,12,1,0.090909
7145,17,102,13,1,0.54545
7145,17,102,14,2,-0.45455
7145,17,102,15,2,0.090909
7145,17,102,16,2,-0.18182
7145,17,102,17,1,0.36364
7145,17,102,18,2,-0.18182
7145,17,102,19,2,0.27273
7145,17,102,20,2,-0.18182
7145,17,102,21,1,0.45455
7145,17,102,22,2,-0.36364
7145,17,102,23,2,-0.54545
7145,17,102,24,1,0.45455
7145,17,102,25,1,0.54545
7145,17,102,26,1,0.090909
7145,17,102,27,1,0.18182
7145,17,102,28,2,-0.36364
7145,17,102,29,2,-0.090909
7145,17,102,30,2,-0.54545
7145,17,102,31,2,0.090909
7145,17,102,32,2,-0.18182
7145,17,102,33,2,-0.54545
7145,17,102,34,2,-0.090909
7145,17,102,35,1,-0.27273
7145,17,102,36,2,-0.45455
7145,17,102,37,1,0.72727
7145,17,102,38,2,-0.45455
7145,17,102,39,2,-0.36364
7145,17,102,40,1,0.090909
7145,17,102,41,2,0.090909
7145,17,102,42,2,-0.54545
7145,17,102,43,1,0.36364
7145,17,102,44,1,0.18182
7145,17,102,45,1,0.63636
7145,17,102,46,1,0.090909
7145,17,102,47,2,-0.54545
7145,17,102,48,1,0.27273
7145,17,102,49,2,0.090909
7145,17,102,50,2,0.090909
7145,17,102,51,2,-0.45455
7145,18,103,1,2,0.090909
7145,18,103,2,2,-0.090909
7145,18,103,3,2,-0.090909
7145,18,103,4,2,0.36364
7145,18,103,5,2,0.27273
7145,18,103,6,2,-0.72727
7145,18,103,7,1,0.18182
7145,18,103,8,2,-0.45455
7145,18,103,9,1,0.090909
7145,18,103,10,2,-0.54545
7145,18,103,11,2,-0.54545
7145,18,103,12,2,0.090909
7145,18,103,13,2,-0.27273
7145,18,103,14,1,0.090909
7145,18,103,15,1,0.27273
7145,18,103,16,1,0.090909
7145,18,103,17,1,0.45455
7145,18,103,18,1,0.090909
7145,18,103,19,1,0.18182
7145,18,103,20,2,-0.45455
7145,18,103,21,2,-0.27273
7145,18,103,22,1,-0.45455
7145,18,103,23,2,-0.27273
7145,18,103,24,2,-0.45455
7145,18,103,25,1,0.36364
7145,18,103,26,1,0.090909
7145,18,103,27,1,-0.090909
7145,18,103,28,2,0.18182
7145,18,103,29,2,-0.45455
7145,18,103,30,1,-0.090909
7145,18,103,31,1,0.18182
7145,18,103,32,2,0.090909
7145,18,103,33,1,0.090909
7145,18,103,34,2,0.090909
7145,18,103,35,2,-0.27273
7145,18,103,36,2,-0.63636
7145,18,103,37,1,0.090909
7145,18,103,38,2,-0.27273
7145,18,103,39,1,0.45455
7145,18,103,40,2,0.36364
7145,18,103,41,2,-0.36364
7145,18,103,42,1,0.36364
7145,18,103,43,1,-0.090909
7145,18,103,44,2,-0.45455
7145,18,103,45,1,0.63636
7145,18,103,46,1,0.18182
7145,18,103,47,2,-0.090909
7145,18,103,48,2,-0.18182
7145,18,103,49,1,0.45455
7145,18,103,50,2,-0.63636
7145,18,103,51,2,-0.36364
7145,18,104,1,2,-0.090909
7145,18,104,2,1,-0.63636
7145,18,104,3,2,-0.090909
7145,18,104,4,2,0.36364
7145,18,104,5,2,0.18182
7145,18,104,6,2,-0.54545
7145,18,104,7,2,0.45455
7145,18,104,8,2,-0.27273
7145,18,104,9,1,-0.36364
7145,18,104,10,1,-0.36364
7145,18,104,11,2,-0.54545
7145,18,104,12,2,0.81818
7145,18,104,13,1,0.45455
7145,18,104,14,1,0.81818
7145,18,104,15,1,0.36364
7145,18,104,16,1,-0.27273
7145,18,104,17,2,0.36364
7145,18,104,18,1,-0.090909
7145,18,104,19,1,-0.090909
7145,18,104,20,1,-0.36364
7145,18,104,21,2,-0.54545
7145,18,104,22,1,0.36364
7145,18,104,23,2,0.72727
7145,18,104,24,2,-0.45455
7145,18,104,25,2,-0.81818
7145,18,104,26,2,-0.090909
7145,18,104,27,1,0.36364
7145,18,104,28,1,0.81818
7145,18,104,29,1,0.45455
7145,18,104,30,1,0.81818
7145,18,104,31,1,0.45455
7145,18,104,32,1,-0.36364
7145,18,104,33,2,-0.36364
7145,18,104,34,2,-0.27273
7145,18,104,35,1,0.36364
7145,18,104,36,2,-0.63636
7145,18,104,37,1,0.45455
7145,18,104,38,2,0.63636
7145,18,104,39,1,0.45455
7145,18,104,40,1,0.18182
7145,18,104,41,1,0.27273
7145,18,104,42,2,-0.36364
7145,18,104,43,2,-0.54545
7145,18,104,44,1,0.18182
7145,18,104,45,1,0.81818
7145,18,104,46,2,0.090909
7145,18,104,47,2,-0.54545
7145,18,104,48,1,0.81818
7145,18,104,49,2,-0.54545
7145,18,104,50,2,-0.63636
7145,18,104,51,1,-0.090909
7145,18,105,1,1,-0.18182
7145,18,105,2,2,-0.18182
7145,18,105,3,2,-0.45455
7145,18,105,4,1,0.27273
7145,18,105,5,2,0.72727
7145,18,105,6,1,-0.36364
7145,18,105,7,2,0.45455
7145,18,105,8,1,0.54545
7145,18,105,9,1,0.72727
7145,18,105,10,1,-0.27273
7145,18,105,11,1,-0.36364
7145,18,105,12,2,0.36364
7145,18,105,13,1,0.36364
7145,18,105,14,1,-0.45455
7145,18,105,15,1,0.27273
7145,18,105,16,1,0.27273
7145,18,105,17,2,-0.36364
7145,18,105,18,1,0.54545
7145,18,105,19,1,-0.27273
7145,18,105,20,2,-0.18182
7145,18,105,21,2,-0.45455
7145,18,105,22,1,0.72727
7145,18,105,23,1,0.36364
7145,18,105,24,2,-0.18182
7145,18,105,25,2,-0.36364
7145,18,105,26,1,0.36364
7145,18,105,27,2,0.63636
7145,18,105,28,1,-0.45455
7145,18,105,29,2,-0.18182
7145,18,105,30,1,0.45455
7145,18,105,31,1,0.27273
7145,18,105,32,2,-0.45455
7145,18,105,33,2,-0.18182
7145,18,105,34,1,0.72727
7145,18,105,35,2,-0.36364
7145,18,105,36,1,0.45455
7145,18,105,37,1,-0.63636
7145,18,105,38,1,0.27273
7145,18,105,39,1,-0.27273
7145,18,105,40,1,0.090909
7145,18,105,41,1,0.54545
7145,18,105,42,1,-0.72727
7145,18,105,43,1,0.27273
7145,18,105,44,1,0.72727
7145,18,105,45,1,0.72727
7145,18,105,46,1,0.36364
7145,18,105,47,1,-0.81818
7145,18,105,48,2,0.18182
7145,18,105,49,2,-0.45455
7145,18,105,50,1,0.36364
7145,18,105,51,2,-0.36364
7145,18,106,1,2,0.18182
7145,18,106,2,1,0.090909
7145,18,106,3,2,-0.18182
7145,18,106,4,2,0.18182
7145,18,106,5,2,-0.27273
7145,18,106,6,2,-0.36364
7145,18,106,7,2,0.45455
7145,18,106,8,2,-0.090909
7145,18,106,9,1,0.36364
7145,18,106,10,2,-0.090909
7145,18,106,11,2,0.54545
7145,18,106,12,1,0.36364
7145,18,106,13,2,-0.18182
7145,18,106,14,2,-0.18182
7145,18,106,15,1,0.45455
7145,18,106,16,2,0.090909
7145,18,106,17,1,0.45455
7145,18,106,18,2,-0.090909
7145,18,106,19,2,-0.090909
7145,18,106,20,2,0.18182
7145,18,106,21,1,-0.090909
7145,18,106,22,2,-0.36364
7145,18,106,23,2,0.18182
7145,18,106,24,1,0.54545
7145,18,106,25,1,-0.45455
7145,18,106,26,1,0.63636
7145,18,106,27,2,0.18182
7145,18,106,28,1,0.36364
7145,18,106,29,2,0.18182
7145,18,106,30,2,-0.18182
7145,18,106,31,1,0.27273
7145,18,106,32,1,0.45455
7145,18,106,33,1,0.45455
7145,18,106,34,2,-0.36364
7145,18,106,35,1,0.54545
7145,18,106,36,2,-0.090909
7145,18,106,37,1,-0.36364
7145,18,106,38,1,0.18182
7145,18,106,39,2,-0.18182
7145,18,106,40,2,-0.18182
7145,18,106,41,1,0.090909
7145,18,106,42,1,0.63636
7145,18,106,43,2,0.090909
7145,18,106,44,1,0.72727
7145,18,106,45,1,-0.090909
7145,18,106,46,1,0.54545
7145,18,106,47,2,0.18182
7145,18,106,48,1,0.090909
7145,18,106,49,2,-0.27273
7145,18,106,50,1,0.18182
7145,18,106,51,2,-0.36364
7145,18,107,1,2,-0.63636
7145,18,107,2,2,0.81818
7145,18,107,3,1,-0.81818
7145,18,107,4,2,-0.18182
7145,18,107,5,2,-0.63636
7145,18,107,6,1,0.81818
7145,18,107,7,2,-0.18182
7145,18,107,8,1,-0.36364
7145,18,107,9,1,-0.27273
7145,18,107,10,2,-0.54545
7145,18,107,11,2,-0.36364
7145,18,107,12,2,0.36364
7145,18,107,13,1,-0.45455
7145,18,107,14,2,-0.81818
7145,18,107,15,2,-0.45455
7145,18,107,16,2,0.63636
7145,18,107,17,1,0.090909
7145,18,107,18,2,-0.63636
7145,18,107,19,2,-0.63636
7145,18,107,20,2,0.27273
7145,18,107,21,2,-0.27273
7145,18,107,22,2,-0.45455
7145,18,107,23,2,0.72727
7145,18,107,24,2,-0.18182
7145,18,107,25,1,0.81818
7145,18,107,26,1,0.36364
7145,18,107,27,2,0.45455
7145,18,107,28,2,-0.81818
7145,18,107,29,2,-0.54545
7145,18,107,30,2,-0.36364
7145,18,107,31,1,0.81818
7145,18,107,32,2,-0.63636
7145,18,107,33,2,-0.45455
7145,18,107,34,2,-0.36364
7145,18,107,35,2,-0.81818
7145,18,107,36,2,-0.81818
7145,18,107,37,2,0.36364
7145,18,107,38,2,-0.45455
7145,18,107,39,2,-0.18182
7145,18,107,40,1,-0.18182
7145,18,107,41,2,-0.36364
7145,18,107,42,1,0.81818
7145,18,107,43,2,0.18182
7145,18,107,44,2,-0.18182
7145,18,107,45,1,-0.27273
7145,18,107,46,2,-0.54545
7145,18,107,47,1,0.81818
7145,18,107,48,2,-0.63636
7145,18,107,49,2,-0.45455
7145,18,107,50,2,-0.81818
7145,18,107,51,2,-0.36364
7145,18,108,1,2,0.090909
7145,18,108,2,2,0.090909
7145,18,108,3,2,0.45455
7145,18,108,4,2,-0.54545
7145,18,108,5,1,0.18182
7145,18,108,6,1,-0.45455
7145,18,108,7,1,0.090909
7145,18,108,8,2,-0.54545
7145,18,108,9,1,0.27273
7145,18,108,10,1,0.36364
7145,18,108,11,1,-0.45455
7145,18,108,12,1,0.090909
7145,18,108,13,1,0.54545
7145,18,108,14,2,-0.45455
7145,18,108,15,1,0.090909
7145,18,108,16,1,-0.18182
7145,18,108,17,1,0.36364
7145,18,108,18,1,-0.18182
7145,18,108,19,1,0.27273
7145,18,108,20,1,-0.18182
7145,18,108,21,2,0.45455
7145,18,108,22,2,-0.36364
7145,18,108,23,2,-0.54545
7145,18,108,24,1,0.45455
7145,18,108,25,1,0.54545
7145,18,108,26,1,0.090909
7145,18,108,27,1,0.18182
7145,18,108,28,2,-0.36364
7145,18,108,29,2,-0.090909
7145,18,108,30,2,-0.54545
7145,18,108,31,1,0.090909
7145,18,108,32,2,-0.18182
7145,18,108,33,2,-0.54545
7145,18,108,34,2,-0.090909
7145,18,108,35,1,-0.27273
7145,18,108,36,2,-0.45455
7145,18,108,37,1,0.72727
7145,18,108,38,2,-0.45455
7145,18,108,39,2,-0.36364
7145,18,108,40,1,0.090909
7145,18,108,41,1,0.090909
7145,18,108,42,2,-0.54545
7145,18,108,43,1,0.36364
7145,18,108,44,1,0.18182
7145,18,108,45,1,0.63636
7145,18,108,46,2,0.090909
7145,18,108,47,2,-0.54545
7145,18,108,48,1,0.27273
7145,18,108,49,1,0.090909
7145,18,108,50,1,0.090909
7145,18,108,51,2,-0.45455
7145,19,109,1,1,0.090909
7145,19,109,2,2,-0.090909
7145,19,109,3,2,-0.090909
7145,19,109,4,2,0.36364
7145,19,109,5,2,0.27273
7145,19,109,6,2,-0.72727
7145,19,109,7,2,0.18182
7145,19,109,8,2,-0.45455
7145,19,109,9,1,0.090909
7145,19,109,10,2,-0.54545
7145,19,109,11,2,-0.54545
7145,19,109,12,1,0.090909
7145,19,109,13,2,-0.27273
7145,19,109,14,2,0.090909
7145,19,109,15,2,0.27273
7145,19,109,16,2,0.090909
7145,19,109,17,1,0.45455
7145,19,109,18,2,0.090909
7145,19,109,19,1,0.18182
7145,19,109,20,2,-0.45455
7145,19,109,21,2,-0.27273
7145,19,109,22,2,-0.45455
7145,19,109,23,2,-0.27273
7145,19,109,24,2,-0.45455
7145,19,109,25,1,0.36364
7145,19,109,26,1,0.090909
7145,19,109,27,1,-0.090909
7145,19,109,28,1,0.18182
7145,19,109,29,2,-0.45455
7145,19,109,30,2,-0.090909
7145,19,109,31,2,0.18182
7145,19,109,32,2,0.090909
7145,19,109,33,1,0.090909
7145,19,109,34,2,0.090909
7145,19,109,35,2,-0.27273
7145,19,109,36,2,-0.63636
7145,19,109,37,2,0.090909
7145,19,109,38,1,-0.27273
7145,19,109,39,1,0.45455
7145,19,109,40,1,0.36364
7145,19,109,41,2,-0.36364
7145,19,109,42,1,0.36364
7145,19,109,43,1,-0.090909
7145,19,109,44,2,-0.45455
7145,19,109,45,1,0.63636
7145,19,109,46,1,0.18182
7145,19,109,47,2,-0.090909
7145,19,109,48,2,-0.18182
7145,19,109,49,1,0.45455
7145,19,109,50,2,-0.63636
7145,19,109,51,2,-0.36364
7145,19,110,1,2,-0.090909
7145,19,110,2,2,-0.63636
7145,19,110,3,1,-0.090909
7145,19,110,4,2,0.36364
7145,19,110,5,1,0.18182
7145,19,110,6,1,-0.54545
7145,19,110,7,2,0.45455
7145,19,110,8,2,-0.27273
7145,19,110,9,2,-0.36364
7145,19,110,10,2,-0.36364
7145,19,110,11,1,-0.54545
7145,19,110,12,2,0.81818
7145,19,110,13,1,0.45455
7145,19,110,14,1,0.81818
7145,19,110,15,2,0.36364
7145,19,110,16,2,-0.27273
7145,19,110,17,1,0.36364
7145,19,110,18,2,-0.090909
7145,19,110,19,2,-0.090909
7145,19,110,20,2,-0.36364
7145,19,110,21,2,-0.54545
7145,19,110,22,1,0.36364
7145,19,110,23,2,0.72727
7145,19,110,24,1,-0.45455
7145,19,110,25,2,-0.81818
7145,19,110,26,2,-0.090909
7145,19,110,27,1,0.36364
7145,19,110,28,1,0.81818
7145,19,110,29,2,0.45455
7145,19,110,30,1,0.81818
7145,19,110,31,1,0.45455
7145,19,110,32,2,-0.36364
7145,19,110,33,2,-0.36364
7145,19,110,34,1,-0.27273
7145,19,110,35,2,0.36364
7145,19,110,36,1,-0.63636
7145,19,110,37,1,0.45455
7145,19,110,38,1,0.63636
7145,19,110,39,1,0.45455
7145,19,110,40,2,0.18182
7145,19,110,41,2,0.27273
7145,19,110,42,2,-0.36364
7145,19,110,43,2,-0.54545
7145,19,110,44,1,0.18182
7145,19,110,45,1,0.81818
7145,19,110,46,1,0.090909
7145,19,110,47,2,-0.54545
7145,19,110,48,1,0.81818
7145,19,110,49,2,-0.54545
7145,19,110,50,2,-0.63636
7145,19,110,51,1,-0.090909
7145,19,111,1,1,-0.18182
7145,19,111,2,1,-0.18182
7145,19,111,3,2,-0.45455
7145,19,111,4,2,0.27273
7145,19,111,5,2,0.72727
7145,19,111,6,2,-0.36364
7145,19,111,7,2,0.45455
7145,19,111,8,2,0.54545
7145,19,111,9,1,0.72727
7145,19,111,10,1,-0.27273
7145,19,111,11,2,-0.36364
7145,19,111,12,1,0.36364
7145,19,111,13,1,0.36364
7145,19,111,14,1,-0.45455
7145,19,111,15,2,0.27273
7145,19,111,16,1,0.27273
7145,19,111,17,2,-0.36364
7145,19,111,18,1,0.54545
7145,19,111,19,1,-0.27273
7145,19,111,20,2,-0.18182
7145,19,111,21,1,-0.45455
7145,19,111,22,1,0.72727
7145,19,111,23,2,0.36364
7145,19,111,24,2,-0.18182
7145,19,111,25,2,-0.36364
7145,19,111,26,1,0.36364
7145,19,111,27,2,0.63636
7145,19,111,28,2,-0.45455
7145,19,111,29,2,-0.18182
7145,19,111,30,1,0.45455
7145,19,111,31,1,0.27273
7145,19,111,32,2,-0.45455
7145,19,111,33,2,-0.18182
7145,19,111,34,1,0.72727
7145,19,111,35,2,-0.36364
7145,19,111,36,2,0.45455
7145,19,111,37,1,-0.63636
7145,19,111,38,1,0.27273
7145,19,111,39,2,-0.27273
7145,19,111,40,2,0.090909
7145,19,111,41,1,0.54545
7145,19,111,42,2,-0.72727
7145,19,111,43,1,0.27273
7145,19,111,44,1,0.72727
7145,19,111,45,1,0.72727
7145,19,111,46,1,0.36364
7145,19,111,47,1,-0.81818
7145,19,111,48,2,0.18182
7145,19,111,49,2,-0.45455
7145,19,111,50,2,0.36364
7145,19,111,51,2,-0.36364
7145,19,112,1,2,0.18182
7145,19,112,2,1,0.090909
7145,19,112,3,2,-0.18182
7145,19,112,4,2,0.18182
7145,19,112,5,2,-0.27273
7145,19,112,6,2,-0.36364
7145,19,112,7,2,0.45455
7145,19,112,8,1,-0.090909
7145,19,112,9,1,0.36364
7145,19,112,10,1,-0.090909
7145,19,112,11,1,0.54545
7145,19,112,12,1,0.36364
7145,19,112,13,2,-0.18182
7145,19,112,14,2,-0.18182
7145,19,112,15,1,0.45455
7145,19,112,16,2,0.090909
7145,19,112,17,1,0.45455
7145,19,112,18,1,-0.090909
7145,19,112,19,2,-0.090909
7145,19,112,20,2,0.18182
7145,19,112,21,2,-0.090909
7145,19,112,22,2,-0.36364
7145,19,112,23,1,0.18182
7145,19,112,24,1,0.54545
7145,19,112,25,2,-0.45455
7145,19,112,26,1,0.63636
7145,19,112,27,2,0.18182
7145,19,112,28,1,0.36364
7145,19,112,29,1,0.18182
7145,19,112,30,1,-0.18182
7145,19,112,31,1,0.27273
7145,19,112,32,1,0.45455
7145,19,112,33,1,0.45455
7145,19,112,34,2,-0.36364
7145,19,112,35,1,0.54545
7145,19,112,36,2,-0.090909
7145,19,112,37,1,-0.36364
7145,19,112,38,1,0.18182
7145,19,112,39,2,-0.18182
7145,19,112,40,2,-0.18182
7145,19,112,41,1,0.090909
7145,19,112,42,1,0.63636
7145,19,112,43,1,0.090909
7145,19,112,44,1,0.72727
7145,19,112,45,1,-0.090909
7145,19,112,46,1,0.54545
7145,19,112,47,2,0.18182
7145,19,112,48,2,0.090909
7145,19,112,49,2,-0.27273
7145,19,112,50,1,0.18182
7145,19,112,51,2,-0.36364
7145,19,113,1,2,-0.63636
7145,19,113,2,2,0.81818
7145,19,113,3,1,-0.81818
7145,19,113,4,2,-0.18182
7145,19,113,5,2,-0.63636
7145,19,113,6,1,0.81818
7145,19,113,7,2,-0.18182
7145,19,113,8,1,-0.36364
7145,19,113,9,2,-0.27273
7145,19,113,10,2,-0.54545
7145,19,113,11,2,-0.36364
7145,19,113,12,2,0.36364
7145,19,113,13,2,-0.45455
7145,19,113,14,2,-0.81818
7145,19,113,15,2,-0.45455
7145,19,113,16,2,0.63636
7145,19,113,17,2,0.090909
7145,19,113,18,2,-0.63636
7145,19,113,19,2,-0.63636
7145,19,113,20,1,0.27273
7145,19,113,21,2,-0.27273
7145,19,113,22,2,-0.45455
7145,19,113,23,2,0.72727
7145,19,113,24,2,-0.18182
7145,19,113,25,2,0.81818
7145,19,113,26,2,0.36364
7145,19,113,27,1,0.45455
7145,19,113,28,2,-0.81818
7145,19,113,29,2,-0.54545
7145,19,113,30,2,-0.36364
7145,19,113,31,1,0.81818
7145,19,113,32,2,-0.63636
7145,19,113,33,2,-0.45455
7145,19,113,34,2,-0.36364
7145,19,113,35,2,-0.81818
7145,19,113,36,2,-0.81818
7145,19,113,37,2,0.36364
7145,19,113,38,2,-0.45455
7145,19,113,39,2,-0.18182
7145,19,113,40,2,-0.18182
7145,19,113,41,2,-0.36364
7145,19,113,42,1,0.81818
7145,19,113,43,2,0.18182
7145,19,113,44,1,-0.18182
7145,19,113,45,1,-0.27273
7145,19,113,46,2,-0.54545
7145,19,113,47,1,0.81818
7145,19,113,48,2,-0.63636
7145,19,113,49,2,-0.45455
7145,19,113,50,2,-0.81818
7145,19,113,51,2,-0.36364
7145,19,114,1,2,0.090909
7145,19,114,2,2,0.090909
7145,19,114,3,1,0.45455
7145,19,114,4,1,-0.54545
7145,19,114,5,1,0.18182
7145,19,114,6,2,-0.45455
7145,19,114,7,1,0.090909
7145,19,114,8,2,-0.54545
7145,19,114,9,1,0.27273
7145,19,114,10,1,0.36364
7145,19,114,11,2,-0.45455
7145,19,114,12,1,0.090909
7145,19,114,13,1,0.54545
7145,19,114,14,1,-0.45455
7145,19,114,15,2,0.090909
7145,19,114,16,2,-0.18182
7145,19,114,17,1,0.36364
7145,19,114,18,1,-0.18182
7145,19,114,19,1,0.27273
7145,19,114,20,1,-0.18182
7145,19,114,21,1,0.45455
7145,19,114,22,2,-0.36364
7145,19,114,23,2,-0.54545
7145,19,114,24,1,0.45455
7145,19,114,25,1,0.54545
7145,19,114,26,2,0.090909
7145,19,114,27,1,0.18182
7145,19,114,28,2,-0.36364
7145,19,114,29,2,-0.090909
7145,19,114,30,2,-0.54545
7145,19,114,31,1,0.090909
7145,19,114,32,2,-0.18182
7145,19,114,33,2,-0.54545
7145,19,114,34,1,-0.090909
7145,19,114,35,2,-0.27273
7145,19,114,36,2,-0.45455
7145,19,114,37,1,0.72727
7145,19,114,38,2,-0.45455
7145,19,114,39,2,-0.36364
7145,19,114,40,1,0.090909
7145,19,114,41,2,0.090909
7145,19,114,42,2,-0.54545
7145,19,114,43,1,0.36364
7145,19,114,44,1,0.18182
7145,19,114,45,1,0.63636
7145,19,114,46,1,0.090909
7145,19,114,47,2,-0.54545
7145,19,114,48,1,0.27273
7145,19,114,49,1,0.090909
7145,19,114,50,1,0.090909
7145,19,114,51,2,-0.45455
7145,20,115,1,1,0.090909
7145,20,115,2,1,-0.090909
7145,20,115,3,2,-0.090909
7145,20,115,4,1,0.36364
7145,20,115,5,1,0.27273
7145,20,115,6,2,-0.72727
7145,20,115,7,1,0.18182
7145,20,115,8,2,-0.45455
7145,20,115,9,1,0.090909
7145,20,115,10,2,-0.54545
7145,20,115,11,2,-0.54545
7145,20,115,12,2,0.090909
7145,20,115,13,2,-0.27273
7145,20,115,14,2,0.090909
7145,20,115,15,2,0.27273
7145,20,115,16,2,0.090909
7145,20,115,17,1,0.45455
7145,20,115,18,1,0.090909
7145,20,115,19,2,0.18182
7145,20,115,20,2,-0.45455
7145,20,115,21,2,-0.27273
7145,20,115,22,2,-0.45455
7145,20,115,23,2,-0.27273
7145,20,115,24,2,-0.45455
7145,20,115,25,2,0.36364
7145,20,115,26,2,0.090909
7145,20,115,27,1,-0.090909
7145,20,115,28,1,0.18182
7145,20,115,29,2,-0.45455
7145,20,115,30,1,-0.090909
7145,20,115,31,1,0.18182
7145,20,115,32,1,0.090909
7145,20,115,33,1,0.090909
7145,20,115,34,1,0.090909
7145,20,115,35,2,-0.27273
7145,20,115,36,2,-0.63636
7145,20,115,37,2,0.090909
7145,20,115,38,2,-0.27273
7145,20,115,39,1,0.45455
7145,20,115,40,1,0.36364
7145,20,115,41,2,-0.36364
7145,20,115,42,1,0.36364
7145,20,115,43,1,-0.090909
7145,20,115,44,2,-0.45455
7145,20,115,45,1,0.63636
7145,20,115,46,1,0.18182
7145,20,115,47,2,-0.090909
7145,20,115,48,2,-0.18182
7145,20,115,49,1,0.45455
7145,20,115,50,2,-0.63636
7145,20,115,51,2,-0.36364
7145,20,116,1,1,-0.090909
7145,20,116,2,1,-0.63636
7145,20,116,3,2,-0.090909
7145,20,116,4,2,0.36364
7145,20,116,5,1,0.18182
7145,20,116,6,1,-0.54545
7145,20,116,7,2,0.45455
7145,20,116,8,2,-0.27273
7145,20,116,9,1,-0.36364
7145,20,116,10,2,-0.36364
7145,20,116,11,2,-0.54545
7145,20,116,12,2,0.81818
7145,20,116,13,1,0.45455
7145,20,116,14,1,0.81818
7145,20,116,15,2,0.36364
7145,20,116,16,1,-0.27273
7145,20,116,17,2,0.36364
7145,20,116,18,1,-0.090909
7145,20,116,19,2,-0.090909
7145,20,116,20,2,-0.36364
7145,20,116,21,2,-0.54545
7145,20,116,22,2,0.36364
7145,20,116,23,1,0.72727
7145,20,116,24,2,-0.45455
7145,20,116,25,2,-0.81818
7145,20,116,26,2,-0.090909
7145,20,116,27,1,0.36364
7145,20,116,28,2,0.81818
7145,20,116,29,1,0.45455
7145,20,116,30,1,0.81818
7145,20,116,31,1,0.45455
7145,20,116,32,1,-0.36364
7145,20,116,33,2,-0.36364
7145,20,116,34,1,-0.27273
7145,20,116,35,1,0.36364
7145,20,116,36,2,-0.63636
7145,20,116,37,1,0.45455
7145,20,116,38,2,0.63636
7145,20,116,39,1,0.45455
7145,20,116,40,2,0.18182
7145,20,116,41,1,0.27273
7145,20,116,42,2,-0.36364
7145,20,116,43,2,-0.54545
7145,20,116,44,2,0.18182
7145,20,116,45,1,0.81818
7145,20,116,46,2,0.090909
7145,20,116,47,2,-0.54545
7145,20,116,48,1,0.81818
7145,20,116,49,2,-0.54545
7145,20,116,50,2,-0.63636
7145,20,116,51,1,-0.090909
7145,20,117,1,2,-0.18182
7145,20,117,2,1,-0.18182
7145,20,117,3,2,-0.45455
7145,20,117,4,1,0.27273
7145,20,117,5,1,0.72727
7145,20,117,6,1,-0.36364
7145,20,117,7,2,0.45455
7145,20,117,8,2,0.54545
7145,20,117,9,2,0.72727
7145,20,117,10,1,-0.27273
7145,20,117,11,2,-0.36364
7145,20,117,12,2,0.36364
7145,20,117,13,1,0.36364
7145,20,117,14,2,-0.45455
7145,20,117,15,1,0.27273
7145,20,117,16,1,0.27273
7145,20,117,17,2,-0.36364
7145,20,117,18,2,0.54545
7145,20,117,19,1,-0.27273
7145,20,117,20,2,-0.18182
7145,20,117,21,2,-0.45455
7145,20,117,22,1,0.72727
7145,20,117,23,1,0.36364
7145,20,117,24,2,-0.18182
7145,20,117,25,2,-0.36364
7145,20,117,26,2,0.36364
7145,20,117,27,2,0.63636
7145,20,117,28,1,-0.45455
7145,20,117,29,2,-0.18182
7145,20,117,30,1,0.45455
7145,20,117,31,1,0.27273
7145,20,117,32,2,-0.45455
7145,20,117,33,1,-0.18182
7145,20,117,34,1,0.72727
7145,20,117,35,2,-0.36364
7145,20,117,36,1,0.45455
7145,20,117,37,2,-0.63636
7145,20,117,38,1,0.27273
7145,20,117,39,2,-0.27273
7145,20,117,40,2,0.090909
7145,20,117,41,1,0.54545
7145,20,117,42,1,-0.72727
7145,20,117,43,1,0.27273
7145,20,117,44,1,0.72727
7145,20,117,45,1,0.72727
7145,20,117,46,1,0.36364
7145,20,117,47,1,-0.81818
7145,20,117,48,2,0.18182
7145,20,117,49,2,-0.45455
7145,20,117,50,1,0.36364
7145,20,117,51,1,-0.36364
7145,20,118,1,1,0.18182
7145,20,118,2,1,0.090909
7145,20,118,3,2,-0.18182
7145,20,118,4,1,0.18182
7145,20,118,5,2,-0.27273
7145,20,118,6,2,-0.36364
7145,20,118,7,1,0.45455
7145,20,118,8,1,-0.090909
7145,20,118,9,1,0.36364
7145,20,118,10,1,-0.090909
7145,20,118,11,1,0.54545
7145,20,118,12,1,0.36364
7145,20,118,13,2,-0.18182
7145,20,118,14,2,-0.18182
7145,20,118,15,2,0.45455
7145,20,118,16,2,0.090909
7145,20,118,17,1,0.45455
7145,20,118,18,2,-0.090909
7145,20,118,19,2,-0.090909
7145,20,118,20,1,0.18182
7145,20,118,21,2,-0.090909
7145,20,118,22,2,-0.36364
7145,20,118,23,1,0.18182
7145,20,118,24,1,0.54545
7145,20,118,25,2,-0.45455
7145,20,118,26,1,0.63636
7145,20,118,27,1,0.18182
7145,20,118,28,1,0.36364
7145,20,118,29,2,0.18182
7145,20,118,30,1,-0.18182
7145,20,118,31,1,0.27273
7145,20,118,32,1,0.45455
7145,20,118,33,1,0.45455
7145,20,118,34,1,-0.36364
7145,20,118,35,2,0.54545
7145,20,118,36,2,-0.090909
7145,20,118,37,2,-0.36364
7145,20,118,38,1,0.18182
7145,20,118,39,2,-0.18182
7145,20,118,40,2,-0.18182
7145,20,118,41,2,0.090909
7145,20,118,42,1,0.63636
7145,20,118,43,1,0.090909
7145,20,118,44,1,0.72727
7145,20,118,45,2,-0.090909
7145,20,118,46,1,0.54545
7145,20,118,47,2,0.18182
7145,20,118,48,2,0.090909
7145,20,118,49,2,-0.27273
7145,20,118,50,1,0.18182
7145,20,118,51,2,-0.36364
7145,20,119,1,2,-0.63636
7145,20,119,2,2,0.81818
7145,20,119,3,2,-0.81818
7145,20,119,4,1,-0.18182
7145,20,119,5,1,-0.63636
7145,20,119,6,1,0.81818
7145,20,119,7,2,-0.18182
7145,20,119,8,1,-0.36364
7145,20,119,9,2,-0.27273
7145,20,119,10,1,-0.54545
7145,20,119,11,2,-0.36364
7145,20,119,12,2,0.36364
7145,20,119,13,2,-0.45455
7145,20,119,14,2,-0.81818
7145,20,119,15,2,-0.45455
7145,20,119,16,2,0.63636
7145,20,119,17,1,0.090909
7145,20,119,18,2,-0.63636
7145,20,119,19,2,-0.63636
7145,20,119,20,2,0.27273
7145,20,119,21,2,-0.27273
7145,20,119,22,2,-0.45455
7145,20,119,23,2,0.72727
7145,20,119,24,2,-0.18182
7145,20,119,25,1,0.81818
7145,20,119,26,1,0.36364
7145,20,119,27,2,0.45455
7145,20,119,28,2,-0.81818
7145,20,119,29,2,-0.54545
7145,20,119,30,2,-0.36364
7145,20,119,31,1,0.81818
7145,20,119,32,2,-0.63636
7145,20,119,33,2,-0.45455
7145,20,119,34,2,-0.36364
7145,20,119,35,1,-0.81818
7145,20,119,36,2,-0.81818
7145,20,119,37,2,0.36364
7145,20,119,38,2,-0.45455
7145,20,119,39,2,-0.18182
7145,20,119,40,2,-0.18182
7145,20,119,41,2,-0.36364
7145,20,119,42,1,0.81818
7145,20,119,43,2,0.18182
7145,20,119,44,2,-0.18182
7145,20,119,45,1,-0.27273
7145,20,119,46,2,-0.54545
7145,20,119,47,1,0.81818
7145,20,119,48,2,-0.63636
7145,20,119,49,2,-0.45455
7145,20,119,50,2,-0.81818
7145,20,119,51,2,-0.36364
7145,20,120,1,2,0.090909
7145,20,120,2,2,0.090909
7145,20,120,3,2,0.45455
7145,20,120,4,2,-0.54545
7145,20,120,5,1,0.18182
7145,20,120,6,2,-0.45455
7145,20,120,7,1,0.090909
7145,20,120,8,2,-0.54545
7145,20,120,9,2,0.27273
7145,20,120,10,1,0.36364
7145,20,120,11,2,-0.45455
7145,20,120,12,1,0.090909
7145,20,120,13,1,0.54545
7145,20,120,14,2,-0.45455
7145,20,120,15,1,0.090909
7145,20,120,16,2,-0.18182
7145,20,120,17,1,0.36364
7145,20,120,18,2,-0.18182
7145,20,120,19,1,0.27273
7145,20,120,20,2,-0.18182
7145,20,120,21,1,0.45455
7145,20,120,22,2,-0.36364
7145,20,120,23,2,-0.54545
7145,20,120,24,1,0.45455
7145,20,120,25,1,0.54545
7145,20,120,26,2,0.090909
7145,20,120,27,1,0.18182
7145,20,120,28,2,-0.36364
7145,20,120,29,1,-0.090909
7145,20,120,30,2,-0.54545
7145,20,120,31,1,0.090909
7145,20,120,32,2,-0.18182
7145,20,120,33,2,-0.54545
7145,20,120,34,2,-0.090909
7145,20,120,35,2,-0.27273
7145,20,120,36,2,-0.45455
7145,20,120,37,1,0.72727
7145,20,120,38,2,-0.45455
7145,20,120,39,2,-0.36364
7145,20,120,40,1,0.090909
7145,20,120,41,2,0.090909
7145,20,120,42,2,-0.54545
7145,20,120,43,1,0.36364
7145,20,120,44,1,0.18182
7145,20,120,45,1,0.63636
7145,20,120,46,2,0.090909
7145,20,120,47,2,-0.54545
7145,20,120,48,1,0.27273
7145,20,120,49,2,0.090909
7145,20,120,50,2,0.090909
7145,20,120,51,2,-0.45455
7145,21,121,1,2,0.090909
7145,21,121,2,2,-0.090909
7145,21,121,3,2,-0.090909
7145,21,121,4,2,0.36364
7145,21,121,5,1,0.27273
7145,21,121,6,1,-0.72727
7145,21,121,7,1,0.18182
7145,21,121,8,1,-0.45455
7145,21,121,9,1,0.090909
7145,21,121,10,2,-0.54545
7145,21,121,11,2,-0.54545
7145,21,121,12,2,0.090909
7145,21,121,13,2,-0.27273
7145,21,121,14,1,0.090909
7145,21,121,15,2,0.27273
7145,21,121,16,1,0.090909
7145,21,121,17,1,0.45455
7145,21,121,18,1,0.090909
7145,21,121,19,1,0.18182
7145,21,121,20,2,-0.45455
7145,21,121,21,2,-0.27273
7145,21,121,22,2,-0.45455
7145,21,121,23,2,-0.27273
7145,21,121,24,2,-0.45455
7145,21,121,25,2,0.36364
7145,21,121,26,1,0.090909
7145,21,121,27,1,-0.090909
7145,21,121,28,1,0.18182
7145,21,121,29,2,-0.45455
7145,21,121,30,2,-0.090909
7145,21,121,31,1,0.18182
7145,21,121,32,2,0.090909
7145,21,121,33,1,0.090909
7145,21,121,34,1,0.090909
7145,21,121,35,2,-0.27273
7145,21,121,36,2,-0.63636
7145,21,121,37,1,0.090909
7145,21,121,38,1,-0.27273
7145,21,121,39,1,0.45455
7145,21,121,40,1,0.36364
7145,21,121,41,2,-0.36364
7145,21,121,42,1,0.36364
7145,21,121,43,1,-0.090909
7145,21,121,44,2,-0.45455
7145,21,121,45,1,0.63636
7145,21,121,46,1,0.18182
7145,21,121,47,2,-0.090909
7145,21,121,48,2,-0.18182
7145,21,121,49,1,0.45455
7145,21,121,50,2,-0.63636
7145,21,121,51,2,-0.36364
7145,21,122,1,2,-0.090909
7145,21,122,2,1,-0.63636
7145,21,122,3,2,-0.090909
7145,21,122,4,2,0.36364
7145,21,122,5,2,0.18182
7145,21,122,6,2,-0.54545
7145,21,122,7,2,0.45455
7145,21,122,8,2,-0.27273
7145,21,122,9,2,-0.36364
7145,21,122,10,2,-0.36364
7145,21,122,11,2,-0.54545
7145,21,122,12,1,0.81818
7145,21,122,13,2,0.45455
7145,21,122,14,1,0.81818
7145,21,122,15,2,0.36364
7145,21,122,16,2,-0.27273
7145,21,122,17,1,0.36364
7145,21,122,18,1,-0.090909
7145,21,122,19,2,-0.090909
7145,21,122,20,1,-0.36364
7145,21,122,21,2,-0.54545
7145,21,122,22,1,0.36364
7145,21,122,23,2,0.72727
7145,21,122,24,1,-0.45455
7145,21,122,25,1,-0.81818
7145,21,122,26,2,-0.090909
7145,21,122,27,1,0.36364
7145,21,122,28,2,0.81818
7145,21,122,29,1,0.45455
7145,21,122,30,1,0.81818
7145,21,122,31,1,0.45455
7145,21,122,32,2,-0.36364
7145,21,122,33,2,-0.36364
7145,21,122,34,1,-0.27273
7145,21,122,35,1,0.36364
7145,21,122,36,2,-0.63636
7145,21,122,37,2,0.45455
7145,21,122,38,1,0.63636
7145,21,122,39,1,0.45455
7145,21,122,40,2,0.18182
7145,21,122,41,1,0.27273
7145,21,122,42,2,-0.36364
7145,21,122,43,1,-0.54545
7145,21,122,44,1,0.18182
7145,21,122,45,1,0.81818
7145,21,122,46,2,0.090909
7145,21,122,47,2,-0.54545
7145,21,122,48,1,0.81818
7145,21,122,49,2,-0.54545
7145,21,122,50,1,-0.63636
7145,21,122,51,1,-0.090909
7145,21,123,1,1,-0.18182
7145,21,123,2,2,-0.18182
7145,21,123,3,2,-0.45455
7145,21,123,4,1,0.27273
7145,21,123,5,1,0.72727
7145,21,123,6,2,-0.36364
7145,21,123,7,2,0.45455
7145,21,123,8,1,0.54545
7145,21,123,9,1,0.72727
7145,21,123,10,1,-0.27273
7145,21,123,11,2,-0.36364
7145,21,123,12,1,0.36364
7145,21,123,13,1,0.36364
7145,21,123,14,1,-0.45455
7145,21,123,15,1,0.27273
7145,21,123,16,1,0.27273
7145,21,123,17,2,-0.36364
7145,21,123,18,1,0.54545
7145,21,123,19,1,-0.27273
7145,21,123,20,2,-0.18182
7145,21,123,21,2,-0.45455
7145,21,123,22,1,0.72727
7145,21,123,23,2,0.36364
7145,21,123,24,2,-0.18182
7145,21,123,25,2,-0.36364
7145,21,123,26,1,0.36364
7145,21,123,27,2,0.63636
7145,21,123,28,2,-0.45455
7145,21,123,29,2,-0.18182
7145,21,123,30,1,0.45455
7145,21,123,31,1,0.27273
7145,21,123,32,2,-0.45455
7145,21,123,33,2,-0.18182
7145,21,123,34,1,0.72727
7145,21,123,35,2,-0.36364
7145,21,123,36,1,0.45455
7145,21,123,37,1,-0.63636
7145,21,123,38,1,0.27273
7145,21,123,39,1,-0.27273
7145,21,123,40,2,0.090909
7145,21,123,41,1,0.54545
7145,21,123,42,1,-0.72727
7145,21,123,43,1,0.27273
7145,21,123,44,1,0.72727
7145,21,123,45,1,0.72727
7145,21,123,46,2,0.36364
7145,21,123,47,2,-0.81818
7145,21,123,48,2,0.18182
7145,21,123,49,2,-0.45455
7145,21,123,50,1,0.36364
7145,21,123,51,2,-0.36364
7145,21,124,1,2,0.18182
7145,21,124,2,2,0.090909
7145,21,124,3,2,-0.18182
7145,21,124,4,1,0.18182
7145,21,124,5,1,-0.27273
7145,21,124,6,2,-0.36364
7145,21,124,7,2,0.45455
7145,21,124,8,2,-0.090909
7145,21,124,9,1,0.36364
7145,21,124,10,1,-0.090909
7145,21,124,11,2,0.54545
7145,21,124,12,1,0.36364
7145,21,124,13,2,-0.18182
7145,21,124,14,2,-0.18182
7145,21,124,15,1,0.45455
7145,21,124,16,2,0.090909
7145,21,124,17,1,0.45455
7145,21,124,18,2,-0.090909
7145,21,124,19,2,-0.090909
7145,21,124,20,2,0.18182
7145,21,124,21,1,-0.090909
7145,21,124,22,2,-0.36364
7145,21,124,23,1,0.18182
7145,21,124,24,1,0.54545
7145,21,124,25,2,-0.45455
7145,21,124,26,1,0.63636
7145,21,124,27,2,0.18182
7145,21,124,28,1,0.36364
7145,21,124,29,1,0.18182
7145,21,124,30,1,-0.18182
7145,21,124,31,1,0.27273
7145,21,124,32,1,0.45455
7145,21,124,33,1,0.45455
7145,21,124,34,2,-0.36364
7145,21,124,35,1,0.54545
7145,21,124,36,2,-0.090909
7145,21,124,37,2,-0.36364
7145,21,124,38,1,0.18182
7145,21,124,39,2,-0.18182
7145,21,124,40,2,-0.18182
7145,21,124,41,2,0.090909
7145,21,124,42,1,0.63636
7145,21,124,43,2,0.090909
7145,21,124,44,1,0.72727
7145,21,124,45,2,-0.090909
7145,21,124,46,1,0.54545
7145,21,124,47,1,0.18182
7145,21,124,48,2,0.090909
7145,21,124,49,2,-0.27273
7145,21,124,50,1,0.18182
7145,21,124,51,2,-0.36364
7145,21,125,1,2,-0.63636
7145,21,125,2,1,0.81818
7145,21,125,3,1,-0.81818
7145,21,125,4,2,-0.18182
7145,21,125,5,1,-0.63636
7145,21,125,6,2,0.81818
7145,21,125,7,2,-0.18182
7145,21,125,8,2,-0.36364
7145,21,125,9,2,-0.27273
7145,21,125,10,1,-0.54545
7145,21,125,11,2,-0.36364
7145,21,125,12,2,0.36364
7145,21,125,13,2,-0.45455
7145,21,125,14,2,-0.81818
7145,21,125,15,2,-0.45455
7145,21,125,16,2,0.63636
7145,21,125,17,1,0.090909
7145,21,125,18,2,-0.63636
7145,21,125,19,2,-0.63636
7145,21,125,20,2,0.27273
7145,21,125,21,2,-0.27273
7145,21,125,22,2,-0.45455
7145,21,125,23,2,0.72727
7145,21,125,24,2,-0.18182
7145,21,125,25,1,0.81818
7145,21,125,26,2,0.36364
7145,21,125,27,2,0.45455
7145,21,125,28,2,-0.81818
7145,21,125,29,2,-0.54545
7145,21,125,30,2,-0.36364
7145,21,125,31,1,0.81818
7145,21,125,32,2,-0.63636
7145,21,125,33,2,-0.45455
7145,21,125,34,2,-0.36364
7145,21,125,35,2,-0.81818
7145,21,125,36,2,-0.81818
7145,21,125,37,2,0.36364
7145,21,125,38,2,-0.45455
7145,21,125,39,2,-0.18182
7145,21,125,40,2,-0.18182
7145,21,125,41,2,-0.36364
7145,21,125,42,1,0.81818
7145,21,125,43,2,0.18182
7145,21,125,44,2,-0.18182
7145,21,125,45,1,-0.27273
7145,21,125,46,2,-0.54545
7145,21,125,47,1,0.81818
7145,21,125,48,2,-0.63636
7145,21,125,49,2,-0.45455
7145,21,125,50,2,-0.81818
7145,21,125,51,2,-0.36364
7145,21,126,1,2,0.090909
7145,21,126,2,2,0.090909
7145,21,126,3,2,0.45455
7145,21,126,4,2,-0.54545
7145,21,126,5,2,0.18182
7145,21,126,6,2,-0.45455
7145,21,126,7,1,0.090909
7145,21,126,8,2,-0.54545
7145,21,126,9,1,0.27273
7145,21,126,10,1,0.36364
7145,21,126,11,2,-0.45455
7145,21,126,12,2,0.090909
7145,21,126,13,1,0.54545
7145,21,126,14,2,-0.45455
7145,21,126,15,1,0.090909
7145,21,126,16,1,-0.18182
7145,21,126,17,1,0.36364
7145,21,126,18,1,-0.18182
7145,21,126,19,1,0.27273
7145,21,126,20,2,-0.18182
7145,21,126,21,1,0.45455
7145,21,126,22,2,-0.36364
7145,21,126,23,2,-0.54545
7145,21,126,24,1,0.45455
7145,21,126,25,1,0.54545
7145,21,126,26,1,0.090909
7145,21,126,27,1,0.18182
7145,21,126,28,2,-0.36364
7145,21,126,29,2,-0.090909
7145,21,126,30,2,-0.54545
7145,21,126,31,1,0.090909
7145,21,126,32,2,-0.18182
7145,21,126,33,2,-0.54545
7145,21,126,34,2,-0.090909
7145,21,126,35,1,-0.27273
7145,21,126,36,2,-0.45455
7145,21,126,37,1,0.72727
7145,21,126,38,2,-0.45455
7145,21,126,39,2,-0.36364
7145,21,126,40,1,0.090909
7145,21,126,41,1,0.090909
7145,21,126,42,2,-0.54545
7145,21,126,43,1,0.36364
7145,21,126,44,1,0.18182
7145,21,126,45,1,0.63636
7145,21,126,46,1,0.090909
7145,21,126,47,2,-0.54545
7145,21,126,48,1,0.27273
7145,21,126,49,1,0.090909
7145,21,126,50,1,0.090909
7145,21,126,51,2,-0.45455
7145,22,127,1,2,0.090909
7145,22,127,2,2,-0.090909
7145,22,127,3,1,-0.090909
7145,22,127,4,1,0.36364
7145,22,127,5,2,0.27273
7145,22,127,6,1,-0.72727
7145,22,127,7,1,0.18182
7145,22,127,8,2,-0.45455
7145,22,127,9,1,0.090909
7145,22,127,10,2,-0.54545
7145,22,127,11,2,-0.54545
7145,22,127,12,2,0.090909
7145,22,127,13,2,-0.27273
7145,22,127,14,2,0.090909
7145,22,127,15,2,0.27273
7145,22,127,16,1,0.090909
7145,22,127,17,2,0.45455
7145,22,127,18,1,0.090909
7145,22,127,19,1,0.18182
7145,22,127,20,2,-0.45455
7145,22,127,21,2,-0.27273
7145,22,127,22,2,-0.45455
7145,22,127,23,2,-0.27273
7145,22,127,24,2,-0.45455
7145,22,127,25,1,0.36364
7145,22,127,26,1,0.090909
7145,22,127,27,1,-0.090909
7145,22,127,28,1,0.18182
7145,22,127,29,2,-0.45455
7145,22,127,30,1,-0.090909
7145,22,127,31,1,0.18182
7145,22,127,32,2,0.090909
7145,22,127,33,1,0.090909
7145,22,127,34,1,0.090909
7145,22,127,35,2,-0.27273
7145,22,127,36,2,-0.63636
7145,22,127,37,2,0.090909
7145,22,127,38,1,-0.27273
7145,22,127,39,1,0.45455
7145,22,127,40,1,0.36364
7145,22,127,41,2,-0.36364
7145,22,127,42,1,0.36364
7145,22,127,43,2,-0.090909
7145,22,127,44,2,-0.45455
7145,22,127,45,1,0.63636
7145,22,127,46,1,0.18182
7145,22,127,47,2,-0.090909
7145,22,127,48,1,-0.18182
7145,22,127,49,1,0.45455
7145,22,127,50,2,-0.63636
7145,22,127,51,2,-0.36364
7145,22,128,1,2,-0.090909
7145,22,128,2,1,-0.63636
7145,22,128,3,1,-0.090909
7145,22,128,4,2,0.36364
7145,22,128,5,1,0.18182
7145,22,128,6,1,-0.54545
7145,22,128,7,2,0.45455
7145,22,128,8,2,-0.27273
7145,22,128,9,2,-0.36364
7145,22,128,10,2,-0.36364
7145,22,128,11,2,-0.54545
7145,22,128,12,2,0.81818
7145,22,128,13,1,0.45455
7145,22,128,14,1,0.81818
7145,22,128,15,2,0.36364
7145,22,128,16,1,-0.27273
7145,22,128,17,1,0.36364
7145,22,128,18,1,-0.090909
7145,22,128,19,1,-0.090909
7145,22,128,20,2,-0.36364
7145,22,128,21,2,-0.54545
7145,22,128,22,1,0.36364
7145,22,128,23,1,0.72727
7145,22,128,24,1,-0.45455
7145,22,128,25,2,-0.81818
7145,22,128,26,2,-0.090909
7145,22,128,27,1,0.36364
7145,22,128,28,1,0.81818
7145,22,128,29,1,0.45455
7145,22,128,30,1,0.81818
7145,22,128,31,1,0.45455
7145,22,128,32,1,-0.36364
7145,22,128,33,2,-0.36364
7145,22,128,34,2,-0.27273
7145,22,128,35,1,0.36364
7145,22,128,36,2,-0.63636
7145,22,128,37,1,0.45455
7145,22,128,38,1,0.63636
7145,22,128,39,1,0.45455
7145,22,128,40,1,0.18182
7145,22,128,41,2,0.27273
7145,22,128,42,2,-0.36364
7145,22,128,43,2,-0.54545
7145,22,128,44,1,0.18182
7145,22,128,45,1,0.81818
7145,22,128,46,2,0.090909
7145,22,128,47,2,-0.54545
7145,22,128,48,1,0.81818
7145,22,128,49,2,-0.54545
7145,22,128,50,2,-0.63636
7145,22,128,51,1,-0.090909
7145,22,129,1,2,-0.18182
7145,22,129,2,2,-0.18182
7145,22,129,3,2,-0.45455
7145,22,129,4,2,0.27273
7145,22,129,5,2,0.72727
7145,22,129,6,2,-0.36364
7145,22,129,7,2,0.45455
7145,22,129,8,1,0.54545
7145,22,129,9,1,0.72727
7145,22,129,10,2,-0.27273
7145,22,129,11,1,-0.36364
7145,22,129,12,2,0.36364
7145,22,129,13,2,0.36364
7145,22,129,14,1,-0.45455
7145,22,129,15,1,0.27273
7145,22,129,16,1,0.27273
7145,22,129,17,2,-0.36364
7145,22,129,18,2,0.54545
7145,22,129,19,1,-0.27273
7145,22,129,20,2,-0.18182
7145,22,129,21,1,-0.45455
7145,22,129,22,1,0.72727
7145,22,129,23,1,0.36364
7145,22,129,24,2,-0.18182
7145,22,129,25,2,-0.36364
7145,22,129,26,1,0.36364
7145,22,129,27,2,0.63636
7145,22,129,28,1,-0.45455
7145,22,129,29,1,-0.18182
7145,22,129,30,1,0.45455
7145,22,129,31,1,0.27273
7145,22,129,32,2,-0.45455
7145,22,129,33,2,-0.18182
7145,22,129,34,1,0.72727
7145,22,129,35,2,-0.36364
7145,22,129,36,1,0.45455
7145,22,129,37,1,-0.63636
7145,22,129,38,1,0.27273
7145,22,129,39,2,-0.27273
7145,22,129,40,2,0.090909
7145,22,129,41,2,0.54545
7145,22,129,42,1,-0.72727
7145,22,129,43,1,0.27273
7145,22,129,44,1,0.72727
7145,22,129,45,1,0.72727
7145,22,129,46,1,0.36364
7145,22,129,47,2,-0.81818
7145,22,129,48,2,0.18182
7145,22,129,49,1,-0.45455
7145,22,129,50,1,0.36364
7145,22,129,51,2,-0.36364
7145,22,130,1,2,0.18182
7145,22,130,2,1,0.090909
7145,22,130,3,1,-0.18182
7145,22,130,4,2,0.18182
7145,22,130,5,2,-0.27273
7145,22,130,6,2,-0.36364
7145,22,130,7,2,0.45455
7145,22,130,8,2,-0.090909
7145,22,130,9,2,0.36364
7145,22,130,10,2,-0.090909
7145,22,130,11,2,0.54545
7145,22,130,12,1,0.36364
7145,22,130,13,2,-0.18182
7145,22,130,14,2,-0.18182
7145,22,130,15,2,0.45455
7145,22,130,16,2,0.090909
7145,22,130,17,2,0.45455
7145,22,130,18,2,-0.090909
7145,22,130,19,2,-0.090909
7145,22,130,20,1,0.18182
7145,22,130,21,1,-0.090909
7145,22,130,22,2,-0.36364
7145,22,130,23,1,0.18182
7145,22,130,24,1,0.54545
7145,22,130,25,2,-0.45455
7145,22,130,26,1,0.63636
7145,22,130,27,2,0.18182
7145,22,130,28,1,0.36364
7145,22,130,29,1,0.18182
7145,22,130,30,1,-0.18182
7145,22,130,31,1,0.27273
7145,22,130,32,1,0.45455
7145,22,130,33,1,0.45455
7145,22,130,34,2,-0.36364
7145,22,130,35,1,0.54545
7145,22,130,36,2,-0.090909
7145,22,130,37,2,-0.36364
7145,22,130,38,1,0.18182
7145,22,130,39,2,-0.18182
7145,22,130,40,2,-0.18182
7145,22,130,41,1,0.090909
7145,22,130,42,1,0.63636
7145,22,130,43,1,0.090909
7145,22,130,44,1,0.72727
7145,22,130,45,1,-0.090909
7145,22,130,46,1,0.54545
7145,22,130,47,1,0.18182
7145,22,130,48,1,0.090909
7145,22,130,49,2,-0.27273
7145,22,130,50,1,0.18182
7145,22,130,51,2,-0.36364
7145,22,131,1,1,-0.63636
7145,22,131,2,2,0.81818
7145,22,131,3,1,-0.81818
7145,22,131,4,2,-0.18182
7145,22,131,5,2,-0.63636
7145,22,131,6,1,0.81818
7145,22,131,7,1,-0.18182
7145,22,131,8,2,-0.36364
7145,22,131,9,2,-0.27273
7145,22,131,10,1,-0.54545
7145,22,131,11,2,-0.36364
7145,22,131,12,2,0.36364
7145,22,131,13,2,-0.45455
7145,22,131,14,2,-0.81818
7145,22,131,15,2,-0.45455
7145,22,131,16,2,0.63636
7145,22,131,17,2,0.090909
7145,22,131,18,1,-0.63636
7145,22,131,19,2,-0.63636
7145,22,131,20,1,0.27273
7145,22,131,21,2,-0.27273
7145,22,131,22,2,-0.45455
7145,22,131,23,2,0.72727
7145,22,131,24,2,-0.18182
7145,22,131,25,1,0.81818
7145,22,131,26,2,0.36364
7145,22,131,27,2,0.45455
7145,22,131,28,2,-0.81818
7145,22,131,29,2,-0.54545
7145,22,131,30,2,-0.36364
7145,22,131,31,1,0.81818
7145,22,131,32,2,-0.63636
7145,22,131,33,2,-0.45455
7145,22,131,34,2,-0.36364
7145,22,131,35,2,-0.81818
7145,22,131,36,2,-0.81818
7145,22,131,37,2,0.36364
7145,22,131,38,2,-0.45455
7145,22,131,39,2,-0.18182
7145,22,131,40,2,-0.18182
7145,22,131,41,2,-0.36364
7145,22,131,42,1,0.81818
7145,22,131,43,2,0.18182
7145,22,131,44,2,-0.18182
7145,22,131,45,1,-0.27273
7145,22,131,46,2,-0.54545
7145,22,131,47,1,0.81818
7145,22,131,48,2,-0.63636
7145,22,131,49,2,-0.45455
7145,22,131,50,2,-0.81818
7145,22,131,51,2,-0.36364
7145,22,132,1,2,0.090909
7145,22,132,2,2,0.090909
7145,22,132,3,2,0.45455
7145,22,132,4,2,-0.54545
7145,22,132,5,2,0.18182
7145,22,132,6,2,-0.45455
7145,22,132,7,2,0.090909
7145,22,132,8,2,-0.54545
7145,22,132,9,1,0.27273
7145,22,132,10,1,0.36364
7145,22,132,11,1,-0.45455
7145,22,132,12,2,0.090909
7145,22,132,13,1,0.54545
7145,22,132,14,2,-0.45455
7145,22,132,15,1,0.090909
7145,22,132,16,2,-0.18182
7145,22,132,17,1,0.36364
7145,22,132,18,1,-0.18182
7145,22,132,19,1,0.27273
7145,22,132,20,2,-0.18182
7145,22,132,21,1,0.45455
7145,22,132,22,2,-0.36364
7145,22,132,23,2,-0.54545
7145,22,132,24,1,0.45455
7145,22,132,25,1,0.54545
7145,22,132,26,1,0.090909
7145,22,132,27,2,0.18182
7145,22,132,28,2,-0.36364
7145,22,132,29,2,-0.090909
7145,22,132,30,2,-0.54545
7145,22,132,31,1,0.090909
7145,22,132,32,2,-0.18182
7145,22,132,33,1,-0.54545
7145,22,132,34,2,-0.090909
7145,22,132,35,2,-0.27273
7145,22,132,36,2,-0.45455
7145,22,132,37,1,0.72727
7145,22,132,38,2,-0.45455
7145,22,132,39,2,-0.36364
7145,22,132,40,1,0.090909
7145,22,132,41,2,0.090909
7145,22,132,42,2,-0.54545
7145,22,132,43,1,0.36364
7145,22,132,44,1,0.18182
7145,22,132,45,1,0.63636
7145,22,132,46,1,0.090909
7145,22,132,47,2,-0.54545
7145,22,132,48,1,0.27273
7145,22,132,49,1,0.090909
7145,22,132,50,1,0.090909
7145,22,132,51,2,-0.45455
7145,23,133,1,2,0.090909
7145,23,133,2,2,-0.090909
7145,23,133,3,1,-0.090909
7145,23,133,4,2,0.36364
7145,23,133,5,1,0.27273
7145,23,133,6,2,-0.72727
7145,23,133,7,1,0.18182
7145,23,133,8,2,-0.45455
7145,23,133,9,1,0.090909
7145,23,133,10,2,-0.54545
7145,23,133,11,2,-0.54545
7145,23,133,12,2,0.090909
7145,23,133,13,2,-0.27273
7145,23,133,14,2,0.090909
7145,23,133,15,1,0.27273
7145,23,133,16,1,0.090909
7145,23,133,17,1,0.45455
7145,23,133,18,1,0.090909
7145,23,133,19,1,0.18182
7145,23,133,20,2,-0.45455
7145,23,133,21,2,-0.27273
7145,23,133,22,2,-0.45455
7145,23,133,23,2,-0.27273
7145,23,133,24,2,-0.45455
7145,23,133,25,1,0.36364
7145,23,133,26,1,0.090909
7145,23,133,27,2,-0.090909
7145,23,133,28,1,0.18182
7145,23,133,29,2,-0.45455
7145,23,133,30,1,-0.090909
7145,23,133,31,1,0.18182
7145,23,133,32,1,0.090909
7145,23,133,33,1,0.090909
7145,23,133,34,1,0.090909
7145,23,133,35,2,-0.27273
7145,23,133,36,2,-0.63636
7145,23,133,37,1,0.090909
7145,23,133,38,2,-0.27273
7145,23,133,39,1,0.45455
7145,23,133,40,2,0.36364
7145,23,133,41,2,-0.36364
7145,23,133,42,1,0.36364
7145,23,133,43,2,-0.090909
7145,23,133,44,2,-0.45455
7145,23,133,45,1,0.63636
7145,23,133,46,1,0.18182
7145,23,133,47,2,-0.090909
7145,23,133,48,2,-0.18182
7145,23,133,49,1,0.45455
7145,23,133,50,2,-0.63636
7145,23,133,51,2,-0.36364
7145,23,134,1,1,-0.090909
7145,23,134,2,2,-0.63636
7145,23,134,3,2,-0.090909
7145,23,134,4,1,0.36364
7145,23,134,5,1,0.18182
7145,23,134,6,2,-0.54545
7145,23,134,7,2,0.45455
7145,23,134,8,2,-0.27273
7145,23,134,9,2,-0.36364
7145,23,134,10,2,-0.36364
7145,23,134,11,2,-0.54545
7145,23,134,12,2,0.81818
7145,23,134,13,2,0.45455
7145,23,134,14,1,0.81818
7145,23,134,15,1,0.36364
7145,23,134,16,1,-0.27273
7145,23,134,17,1,0.36364
7145,23,134,18,1,-0.090909
7145,23,134,19,1,-0.090909
7145,23,134,20,2,-0.36364
7145,23,134,21,2,-0.54545
7145,23,134,22,2,0.36364
7145,23,134,23,2,0.72727
7145,23,134,24,2,-0.45455
7145,23,134,25,1,-0.81818
7145,23,134,26,2,-0.090909
7145,23,134,27,1,0.36364
7145,23,134,28,2,0.81818
7145,23,134,29,1,0.45455
7145,23,134,30,1,0.81818
7145,23,134,31,1,0.45455
7145,23,134,32,2,-0.36364
7145,23,134,33,2,-0.36364
7145,23,134,34,1,-0.27273
7145,23,134,35,2,0.36364
7145,23,134,36,2,-0.63636
7145,23,134,37,1,0.45455
7145,23,134,38,1,0.63636
7145,23,134,39,2,0.45455
7145,23,134,40,1,0.18182
7145,23,134,41,1,0.27273
7145,23,134,42,2,-0.36364
7145,23,134,43,2,-0.54545
7145,23,134,44,1,0.18182
7145,23,134,45,1,0.81818
7145,23,134,46,1,0.090909
7145,23,134,47,2,-0.54545
7145,23,134,48,1,0.81818
7145,23,134,49,2,-0.54545
7145,23,134,50,2,-0.63636
7145,23,134,51,1,-0.090909
7145,23,135,1,2,-0.18182
7145,23,135,2,2,-0.18182
7145,23,135,3,1,-0.45455
7145,23,135,4,2,0.27273
7145,23,135,5,2,0.72727
7145,23,135,6,2,-0.36364
7145,23,135,7,2,0.45455
7145,23,135,8,2,0.54545
7145,23,135,9,1,0.72727
7145,23,135,10,1,-0.27273
7145,23,135,11,2,-0.36364
7145,23,135,12,2,0.36364
7145,23,135,13,1,0.36364
7145,23,135,14,1,-0.45455
7145,23,135,15,1,0.27273
7145,23,135,16,1,0.27273
7145,23,135,17,1,-0.36364
7145,23,135,18,1,0.54545
7145,23,135,19,2,-0.27273
7145,23,135,20,1,-0.18182
7145,23,135,21,2,-0.45455
7145,23,135,22,1,0.72727
7145,23,135,23,1,0.36364
7145,23,135,24,1,-0.18182
7145,23,135,25,2,-0.36364
7145,23,135,26,1,0.36364
7145,23,135,27,1,0.63636
7145,23,135,28,2,-0.45455
7145,23,135,29,2,-0.18182
7145,23,135,30,2,0.45455
7145,23,135,31,1,0.27273
7145,23,135,32,1,-0.45455
7145,23,135,33,1,-0.18182
7145,23,135,34,1,0.72727
7145,23,135,35,2,-0.36364
7145,23,135,36,1,0.45455
7145,23,135,37,1,-0.63636
7145,23,135,38,1,0.27273
7145,23,135,39,2,-0.27273
7145,23,135,40,1,0.090909
7145,23,135,41,2,0.54545
7145,23,135,42,1,-0.72727
7145,23,135,43,1,0.27273
7145,23,135,44,1,0.72727
7145,23,135,45,1,0.72727
7145,23,135,46,2,0.36364
7145,23,135,47,2,-0.81818
7145,23,135,48,2,0.18182
7145,23,135,49,2,-0.45455
7145,23,135,50,2,0.36364
7145,23,135,51,2,-0.36364
7145,23,136,1,1,0.18182
7145,23,136,2,2,0.090909
7145,23,136,3,1,-0.18182
7145,23,136,4,1,0.18182
7145,23,136,5,2,-0.27273
7145,23,136,6,2,-0.36364
7145,23,136,7,1,0.45455
7145,23,136,8,1,-0.090909
7145,23,136,9,1,0.36364
7145,23,136,10,2,-0.090909
7145,23,136,11,1,0.54545
7145,23,136,12,2,0.36364
7145,23,136,13,2,-0.18182
7145,23,136,14,1,-0.18182
7145,23,136,15,1,0.45455
7145,23,136,16,2,0.090909
7145,23,136,17,1,0.45455
7145,23,136,18,2,-0.090909
7145,23,136,19,2,-0.090909
7145,23,136,20,2,0.18182
7145,23,136,21,2,-0.090909
7145,23,136,22,2,-0.36364
7145,23,136,23,2,0.18182
7145,23,136,24,1,0.54545
7145,23,136,25,2,-0.45455
7145,23,136,26,1,0.63636
7145,23,136,27,2,0.18182
7145,23,136,28,1,0.36364
7145,23,136,29,1,0.18182
7145,23,136,30,1,-0.18182
7145,23,136,31,1,0.27273
7145,23,136,32,1,0.45455
7145,23,136,33,1,0.45455
7145,23,136,34,2,-0.36364
7145,23,136,35,1,0.54545
7145,23,136,36,1,-0.090909
7145,23,136,37,1,-0.36364
7145,23,136,38,1,0.18182
7145,23,136,39,2,-0.18182
7145,23,136,40,2,-0.18182
7145,23,136,41,1,0.090909
7145,23,136,42,1,0.63636
7145,23,136,43,2,0.090909
7145,23,136,44,1,0.72727
7145,23,136,45,2,-0.090909
7145,23,136,46,1,0.54545
7145,23,136,47,1,0.18182
7145,23,136,48,1,0.090909
7145,23,136,49,1,-0.27273
7145,23,136,50,1,0.18182
7145,23,136,51,2,-0.36364
7145,23,137,1,1,-0.63636
7145,23,137,2,2,0.81818
7145,23,137,3,1,-0.81818
7145,23,137,4,2,-0.18182
7145,23,137,5,2,-0.63636
7145,23,137,6,1,0.81818
7145,23,137,7,2,-0.18182
7145,23,137,8,2,-0.36364
7145,23,137,9,1,-0.27273
7145,23,137,10,2,-0.54545
7145,23,137,11,2,-0.36364
7145,23,137,12,2,0.36364
7145,23,137,13,2,-0.45455
7145,23,137,14,2,-0.81818
7145,23,137,15,2,-0.45455
7145,23,137,16,2,0.63636
7145,23,137,17,2,0.090909
7145,23,137,18,1,-0.63636
7145,23,137,19,2,-0.63636
7145,23,137,20,2,0.27273
7145,23,137,21,2,-0.27273
7145,23,137,22,2,-0.45455
7145,23,137,23,2,0.72727
7145,23,137,24,1,-0.18182
7145,23,137,25,1,0.81818
7145,23,137,26,2,0.36364
7145,23,137,27,2,0.45455
7145,23,137,28,2,-0.81818
7145,23,137,29,2,-0.54545
7145,23,137,30,2,-0.36364
7145,23,137,31,1,0.81818
7145,23,137,32,1,-0.63636
7145,23,137,33,2,-0.45455
7145,23,137,34,2,-0.36364
7145,23,137,35,2,-0.81818
7145,23,137,36,2,-0.81818
7145,23,137,37,2,0.36364
7145,23,137,38,2,-0.45455
7145,23,137,39,2,-0.18182
7145,23,137,40,2,-0.18182
7145,23,137,41,2,-0.36364
7145,23,137,42,1,0.81818
7145,23,137,43,1,0.18182
7145,23,137,44,2,-0.18182
7145,23,137,45,1,-0.27273
7145,23,137,46,2,-0.54545
7145,23,137,47,1,0.81818
7145,23,137,48,2,-0.63636
7145,23,137,49,2,-0.45455
7145,23,137,50,2,-0.81818
7145,23,137,51,2,-0.36364
7145,23,138,1,2,0.090909
7145,23,138,2,2,0.090909
7145,23,138,3,1,0.45455
7145,23,138,4,2,-0.54545
7145,23,138,5,1,0.18182
7145,23,138,6,2,-0.45455
7145,23,138,7,2,0.090909
7145,23,138,8,2,-0.54545
7145,23,138,9,2,0.27273
7145,23,138,10,1,0.36364
7145,23,138,11,2,-0.45455
7145,23,138,12,2,0.090909
7145,23,138,13,1,0.54545
7145,23,138,14,2,-0.45455
7145,23,138,15,1,0.090909
7145,23,138,16,2,-0.18182
7145,23,138,17,1,0.36364
7145,23,138,18,1,-0.18182
7145,23,138,19,1,0.27273
7145,23,138,20,1,-0.18182
7145,23,138,21,1,0.45455
7145,23,138,22,2,-0.36364
7145,23,138,23,2,-0.54545
7145,23,138,24,1,0.45455
7145,23,138,25,1,0.54545
7145,23,138,26,2,0.090909
7145,23,138,27,1,0.18182
7145,23,138,28,2,-0.36364
7145,23,138,29,2,-0.090909
7145,23,138,30,2,-0.54545
7145,23,138,31,1,0.090909
7145,23,138,32,2,-0.18182
7145,23,138,33,2,-0.54545
7145,23,138,34,1,-0.090909
7145,23,138,35,2,-0.27273
7145,23,138,36,2,-0.45455
7145,23,138,37,1,0.72727
7145,23,138,38,2,-0.45455
7145,23,138,39,2,-0.36364
7145,23,138,40,1,0.090909
7145,23,138,41,2,0.090909
7145,23,138,42,2,-0.54545
7145,23,138,43,1,0.36364
7145,23,138,44,1,0.18182
7145,23,138,45,1,0.63636
7145,23,138,46,2,0.090909
7145,23,138,47,2,-0.54545
7145,23,138,48,1,0.27273
7145,23,138,49,2,0.090909
7145,23,138,50,2,0.090909
7145,23,138,51,2,-0.45455
7145,24,139,1,1,0.090909
7145,24,139,2,1,-0.090909
7145,24,139,3,2,-0.090909
7145,24,139,4,1,0.36364
7145,24,139,5,2,0.27273
7145,24,139,6,1,-0.72727
7145,24,139,7,1,0.18182
7145,24,139,8,1,-0.45455
7145,24,139,9,1,0.090909
7145,24,139,10,2,-0.54545
7145,24,139,11,2,-0.54545
7145,24,139,12,1,0.090909
7145,24,139,13,2,-0.27273
7145,24,139,14,1,0.090909
7145,24,139,15,1,0.27273
7145,24,139,16,1,0.090909
7145,24,139,17,1,0.45455
7145,24,139,18,1,0.090909
7145,24,139,19,1,0.18182
7145,24,139,20,2,-0.45455
7145,24,139,21,2,-0.27273
7145,24,139,22,2,-0.45455
7145,24,139,23,2,-0.27273
7145,24,139,24,2,-0.45455
7145,24,139,25,1,0.36364
7145,24,139,26,1,0.090909
7145,24,139,27,2,-0.090909
7145,24,139,28,1,0.18182
7145,24,139,29,2,-0.45455
7145,24,139,30,1,-0.090909
7145,24,139,31,1,0.18182
7145,24,139,32,1,0.090909
7145,24,139,33,1,0.090909
7145,24,139,34,1,0.090909
7145,24,139,35,2,-0.27273
7145,24,139,36,2,-0.63636
7145,24,139,37,2,0.090909
7145,24,139,38,2,-0.27273
7145,24,139,39,1,0.45455
7145,24,139,40,1,0.36364
7145,24,139,41,2,-0.36364
7145,24,139,42,1,0.36364
7145,24,139,43,2,-0.090909
7145,24,139,44,2,-0.45455
7145,24,139,45,1,0.63636
7145,24,139,46,1,0.18182
7145,24,139,47,1,-0.090909
7145,24,139,48,2,-0.18182
7145,24,139,49,1,0.45455
7145,24,139,50,2,-0.63636
7145,24,139,51,2,-0.36364
7145,24,140,1,2,-0.090909
7145,24,140,2,1,-0.63636
7145,24,140,3,2,-0.090909
7145,24,140,4,2,0.36364
7145,24,140,5,1,0.18182
7145,24,140,6,1,-0.54545
7145,24,140,7,2,0.45455
7145,24,140,8,2,-0.27273
7145,24,140,9,1,-0.36364
7145,24,140,10,2,-0.36364
7145,24,140,11,2,-0.54545
7145,24,140,12,2,0.81818
7145,24,140,13,1,0.45455
7145,24,140,14,1,0.81818
7145,24,140,15,2,0.36364
7145,24,140,16,1,-0.27273
7145,24,140,17,2,0.36364
7145,24,140,18,2,-0.090909
7145,24,140,19,1,-0.090909
7145,24,140,20,2,-0.36364
7145,24,140,21,2,-0.54545
7145,24,140,22,1,0.36364
7145,24,140,23,2,0.72727
7145,24,140,24,2,-0.45455
7145,24,140,25,1,-0.81818
7145,24,140,26,2,-0.090909
7145,24,140,27,2,0.36364
7145,24,140,28,1,0.81818
7145,24,140,29,1,0.45455
7145,24,140,30,1,0.81818
7145,24,140,31,1,0.45455
7145,24,140,32,1,-0.36364
7145,24,140,33,2,-0.36364
7145,24,140,34,1,-0.27273
7145,24,140,35,1,0.36364
7145,24,140,36,2,-0.63636
7145,24,140,37,2,0.45455
7145,24,140,38,2,0.63636
7145,24,140,39,1,0.45455
7145,24,140,40,1,0.18182
7145,24,140,41,2,0.27273
7145,24,140,42,2,-0.36364
7145,24,140,43,2,-0.54545
7145,24,140,44,1,0.18182
7145,24,140,45,1,0.81818
7145,24,140,46,1,0.090909
7145,24,140,47,2,-0.54545
7145,24,140,48,1,0.81818
7145,24,140,49,2,-0.54545
7145,24,140,50,2,-0.63636
7145,24,140,51,1,-0.090909
7145,24,141,1,2,-0.18182
7145,24,141,2,2,-0.18182
7145,24,141,3,1,-0.45455
7145,24,141,4,1,0.27273
7145,24,141,5,2,0.72727
7145,24,141,6,2,-0.36364
7145,24,141,7,2,0.45455
7145,24,141,8,2,0.54545
7145,24,141,9,1,0.72727
7145,24,141,10,1,-0.27273
7145,24,141,11,2,-0.36364
7145,24,141,12,1,0.36364
7145,24,141,13,1,0.36364
7145,24,141,14,2,-0.45455
7145,24,141,15,1,0.27273
7145,24,141,16,1,0.27273
7145,24,141,17,2,-0.36364
7145,24,141,18,1,0.54545
7145,24,141,19,1,-0.27273
7145,24,141,20,2,-0.18182
7145,24,141,21,2,-0.45455
7145,24,141,22,1,0.72727
7145,24,141,23,1,0.36364
7145,24,141,24,2,-0.18182
7145,24,141,25,2,-0.36364
7145,24,141,26,2,0.36364
7145,24,141,27,2,0.63636
7145,24,141,28,2,-0.45455
7145,24,141,29,2,-0.18182
7145,24,141,30,2,0.45455
7145,24,141,31,1,0.27273
7145,24,141,32,2,-0.45455
7145,24,141,33,1,-0.18182
7145,24,141,34,1,0.72727
7145,24,141,35,2,-0.36364
7145,24,141,36,1,0.45455
7145,24,141,37,2,-0.63636
7145,24,141,38,1,0.27273
7145,24,141,39,2,-0.27273
7145,24,141,40,1,0.090909
7145,24,141,41,1,0.54545
7145,24,141,42,2,-0.72727
7145,24,141,43,1,0.27273
7145,24,141,44,1,0.72727
7145,24,141,45,1,0.72727
7145,24,141,46,2,0.36364
7145,24,141,47,2,-0.81818
7145,24,141,48,2,0.18182
7145,24,141,49,2,-0.45455
7145,24,141,50,1,0.36364
7145,24,141,51,2,-0.36364
7145,24,142,1,1,0.18182
7145,24,142,2,2,0.090909
7145,24,142,3,1,-0.18182
7145,24,142,4,2,0.18182
7145,24,142,5,2,-0.27273
7145,24,142,6,2,-0.36364
7145,24,142,7,2,0.45455
7145,24,142,8,1,-0.090909
7145,24,142,9,2,0.36364
7145,24,142,10,2,-0.090909
7145,24,142,11,1,0.54545
7145,24,142,12,1,0.36364
7145,24,142,13,2,-0.18182
7145,24,142,14,2,-0.18182
7145,24,142,15,1,0.45455
7145,24,142,16,1,0.090909
7145,24,142,17,1,0.45455
7145,24,142,18,2,-0.090909
7145,24,142,19,2,-0.090909
7145,24,142,20,2,0.18182
7145,24,142,21,1,-0.090909
7145,24,142,22,2,-0.36364
7145,24,142,23,2,0.18182
7145,24,142,24,1,0.54545
7145,24,142,25,2,-0.45455
7145,24,142,26,1,0.63636
7145,24,142,27,2,0.18182
7145,24,142,28,1,0.36364
7145,24,142,29,2,0.18182
7145,24,142,30,1,-0.18182
7145,24,142,31,1,0.27273
7145,24,142,32,1,0.45455
7145,24,142,33,1,0.45455
7145,24,142,34,2,-0.36364
7145,24,142,35,1,0.54545
7145,24,142,36,2,-0.090909
7145,24,142,37,2,-0.36364
7145,24,142,38,1,0.18182
7145,24,142,39,2,-0.18182
7145,24,142,40,2,-0.18182
7145,24,142,41,1,0.090909
7145,24,142,42,1,0.63636
7145,24,142,43,2,0.090909
7145,24,142,44,1,0.72727
7145,24,142,45,2,-0.090909
7145,24,142,46,1,0.54545
7145,24,142,47,1,0.18182
7145,24,142,48,1,0.090909
7145,24,142,49,2,-0.27273
7145,24,142,50,1,0.18182
7145,24,142,51,2,-0.36364
7145,24,143,1,1,-0.63636
7145,24,143,2,2,0.81818
7145,24,143,3,2,-0.81818
7145,24,143,4,2,-0.18182
7145,24,143,5,2,-0.63636
7145,24,143,6,1,0.81818
7145,24,143,7,2,-0.18182
7145,24,143,8,1,-0.36364
7145,24,143,9,1,-0.27273
7145,24,143,10,1,-0.54545
7145,24,143,11,2,-0.36364
7145,24,143,12,2,0.36364
7145,24,143,13,2,-0.45455
7145,24,143,14,2,-0.81818
7145,24,143,15,2,-0.45455
7145,24,143,16,2,0.63636
7145,24,143,17,1,0.090909
7145,24,143,18,2,-0.63636
7145,24,143,19,2,-0.63636
7145,24,143,20,1,0.27273
7145,24,143,21,1,-0.27273
7145,24,143,22,2,-0.45455
7145,24,143,23,2,0.72727
7145,24,143,24,1,-0.18182
7145,24,143,25,2,0.81818
7145,24,143,26,1,0.36364
7145,24,143,27,2,0.45455
7145,24,143,28,2,-0.81818
7145,24,143,29,2,-0.54545
7145,24,143,30,2,-0.36364
7145,24,143,31,1,0.81818
7145,24,143,32,1,-0.63636
7145,24,143,33,2,-0.45455
7145,24,143,34,2,-0.36364
7145,24,143,35,2,-0.81818
7145,24,143,36,2,-0.81818
7145,24,143,37,2,0.36364
7145,24,143,38,2,-0.45455
7145,24,143,39,2,-0.18182
7145,24,143,40,2,-0.18182
7145,24,143,41,2,-0.36364
7145,24,143,42,1,0.81818
7145,24,143,43,2,0.18182
7145,24,143,44,2,-0.18182
7145,24,143,45,2,-0.27273
7145,24,143,46,2,-0.54545
7145,24,143,47,1,0.81818
7145,24,143,48,1,-0.63636
7145,24,143,49,2,-0.45455
7145,24,143,50,2,-0.81818
7145,24,143,51,1,-0.36364
7145,24,144,1,2,0.090909
7145,24,144,2,2,0.090909
7145,24,144,3,1,0.45455
7145,24,144,4,1,-0.54545
7145,24,144,5,1,0.18182
7145,24,144,6,2,-0.45455
7145,24,144,7,1,0.090909
7145,24,144,8,2,-0.54545
7145,24,144,9,1,0.27273
7145,24,144,10,1,0.36364
7145,24,144,11,2,-0.45455
7145,24,144,12,1,0.090909
7145,24,144,13,1,0.54545
7145,24,144,14,2,-0.45455
7145,24,144,15,2,0.090909
7145,24,144,16,2,-0.18182
7145,24,144,17,1,0.36364
7145,24,144,18,2,-0.18182
7145,24,144,19,1,0.27273
7145,24,144,20,2,-0.18182
7145,24,144,21,1,0.45455
7145,24,144,22,2,-0.36364
7145,24,144,23,2,-0.54545
7145,24,144,24,1,0.45455
7145,24,144,25,1,0.54545
7145,24,144,26,2,0.090909
7145,24,144,27,1,0.18182
7145,24,144,28,2,-0.36364
7145,24,144,29,2,-0.090909
7145,24,144,30,2,-0.54545
7145,24,144,31,2,0.090909
7145,24,144,32,2,-0.18182
7145,24,144,33,2,-0.54545
7145,24,144,34,1,-0.090909
7145,24,144,35,2,-0.27273
7145,24,144,36,2,-0.45455
7145,24,144,37,1,0.72727
7145,24,144,38,2,-0.45455
7145,24,144,39,2,-0.36364
7145,24,144,40,1,0.090909
7145,24,144,41,1,0.090909
7145,24,144,42,2,-0.54545
7145,24,144,43,1,0.36364
7145,24,144,44,1,0.18182
7145,24,144,45,1,0.63636
7145,24,144,46,1,0.090909
7145,24,144,47,2,-0.54545
7145,24,144,48,1,0.27273
7145,24,144,49,2,0.090909
7145,24,144,50,2,0.090909
7145,24,144,51,2,-0.45455
7145,25,145,1,1,0.090909
7145,25,145,2,2,-0.090909
7145,25,145,3,2,-0.090909
7145,25,145,4,1,0.36364
7145,25,145,5,2,0.27273
7145,25,145,6,2,-0.72727
7145,25,145,7,1,0.18182
7145,25,145,8,1,-0.45455
7145,25,145,9,2,0.090909
7145,25,145,10,1,-0.54545
7145,25,145,11,2,-0.54545
7145,25,145,12,2,0.090909
7145,25,145,13,2,-0.27273
7145,25,145,14,2,0.090909
7145,25,145,15,2,0.27273
7145,25,145,16,2,0.090909
7145,25,145,17,1,0.45455
7145,25,145,18,1,0.090909
7145,25,145,19,1,0.18182
7145,25,145,20,2,-0.45455
7145,25,145,21,2,-0.27273
7145,25,145,22,2,-0.45455
7145,25,145,23,2,-0.27273
7145,25,145,24,2,-0.45455
7145,25,145,25,1,0.36364
7145,25,145,26,2,0.090909
7145,25,145,27,1,-0.090909
7145,25,145,28,1,0.18182
7145,25,145,29,2,-0.45455
7145,25,145,30,2,-0.090909
7145,25,145,31,1,0.18182
7145,25,145,32,1,0.090909
7145,25,145,33,1,0.090909
7145,25,145,34,1,0.090909
7145,25,145,35,2,-0.27273
7145,25,145,36,2,-0.63636
7145,25,145,37,2,0.090909
7145,25,145,38,2,-0.27273
7145,25,145,39,1,0.45455
7145,25,145,40,1,0.36364
7145,25,145,41,2,-0.36364
7145,25,145,42,2,0.36364
7145,25,145,43,1,-0.090909
7145,25,145,44,2,-0.45455
7145,25,145,45,1,0.63636
7145,25,145,46,1,0.18182
7145,25,145,47,1,-0.090909
7145,25,145,48,1,-0.18182
7145,25,145,49,1,0.45455
7145,25,145,50,2,-0.63636
7145,25,145,51,2,-0.36364
7145,25,146,1,2,-0.090909
7145,25,146,2,1,-0.63636
7145,25,146,3,2,-0.090909
7145,25,146,4,2,0.36364
7145,25,146,5,1,0.18182
7145,25,146,6,1,-0.54545
7145,25,146,7,2,0.45455
7145,25,146,8,2,-0.27273
7145,25,146,9,2,-0.36364
7145,25,146,10,2,-0.36364
7145,25,146,11,2,-0.54545
7145,25,146,12,2,0.81818
7145,25,146,13,2,0.45455
7145,25,146,14,1,0.81818
7145,25,146,15,2,0.36364
7145,25,146,16,1,-0.27273
7145,25,146,17,1,0.36364
7145,25,146,18,1,-0.090909
7145,25,146,19,2,-0.090909
7145,25,146,20,1,-0.36364
7145,25,146,21,2,-0.54545
7145,25,146,22,1,0.36364
7145,25,146,23,2,0.72727
7145,25,146,24,2,-0.45455
7145,25,146,25,1,-0.81818
7145,25,146,26,2,-0.090909
7145,25,146,27,1,0.36364
7145,25,146,28,1,0.81818
7145,25,146,29,1,0.45455
7145,25,146,30,1,0.81818
7145,25,146,31,1,0.45455
7145,25,146,32,1,-0.36364
7145,25,146,33,2,-0.36364
7145,25,146,34,1,-0.27273
7145,25,146,35,1,0.36364
7145,25,146,36,1,-0.63636
7145,25,146,37,2,0.45455
7145,25,146,38,2,0.63636
7145,25,146,39,1,0.45455
7145,25,146,40,1,0.18182
7145,25,146,41,1,0.27273
7145,25,146,42,2,-0.36364
7145,25,146,43,2,-0.54545
7145,25,146,44,1,0.18182
7145,25,146,45,1,0.81818
7145,25,146,46,1,0.090909
7145,25,146,47,2,-0.54545
7145,25,146,48,1,0.81818
7145,25,146,49,2,-0.54545
7145,25,146,50,1,-0.63636
7145,25,146,51,1,-0.090909
7145,25,147,1,2,-0.18182
7145,25,147,2,2,-0.18182
7145,25,147,3,1,-0.45455
7145,25,147,4,1,0.27273
7145,25,147,5,2,0.72727
7145,25,147,6,1,-0.36364
7145,25,147,7,2,0.45455
7145,25,147,8,2,0.54545
7145,25,147,9,1,0.72727
7145,25,147,10,1,-0.27273
7145,25,147,11,2,-0.36364
7145,25,147,12,1,0.36364
7145,25,147,13,1,0.36364
7145,25,147,14,2,-0.45455
7145,25,147,15,1,0.27273
7145,25,147,16,1,0.27273
7145,25,147,17,2,-0.36364
7145,25,147,18,1,0.54545
7145,25,147,19,1,-0.27273
7145,25,147,20,2,-0.18182
7145,25,147,21,2,-0.45455
7145,25,147,22,1,0.72727
7145,25,147,23,1,0.36364
7145,25,147,24,2,-0.18182
7145,25,147,25,2,-0.36364
7145,25,147,26,1,0.36364
7145,25,147,27,2,0.63636
7145,25,147,28,2,-0.45455
7145,25,147,29,1,-0.18182
7145,25,147,30,1,0.45455
7145,25,147,31,1,0.27273
7145,25,147,32,2,-0.45455
7145,25,147,33,2,-0.18182
7145,25,147,34,1,0.72727
7145,25,147,35,2,-0.36364
7145,25,147,36,1,0.45455
7145,25,147,37,1,-0.63636
7145,25,147,38,1,0.27273
7145,25,147,39,1,-0.27273
7145,25,147,40,1,0.090909
7145,25,147,41,2,0.54545
7145,25,147,42,1,-0.72727
7145,25,147,43,1,0.27273
7145,25,147,44,1,0.72727
7145,25,147,45,1,0.72727
7145,25,147,46,1,0.36364
7145,25,147,47,2,-0.81818
7145,25,147,48,2,0.18182
7145,25,147,49,2,-0.45455
7145,25,147,50,2,0.36364
7145,25,147,51,2,-0.36364
7145,25,148,1,1,0.18182
7145,25,148,2,1,0.090909
7145,25,148,3,1,-0.18182
7145,25,148,4,1,0.18182
7145,25,148,5,2,-0.27273
7145,25,148,6,2,-0.36364
7145,25,148,7,2,0.45455
7145,25,148,8,2,-0.090909
7145,25,148,9,2,0.36364
7145,25,148,10,1,-0.090909
7145,25,148,11,1,0.54545
7145,25,148,12,1,0.36364
7145,25,148,13,2,-0.18182
7145,25,148,14,2,-0.18182
7145,25,148,15,1,0.45455
7145,25,148,16,2,0.090909
7145,25,148,17,1,0.45455
7145,25,148,18,2,-0.090909
7145,25,148,19,2,-0.090909
7145,25,148,20,2,0.18182
7145,25,148,21,1,-0.090909
7145,25,148,22,2,-0.36364
7145,25,148,23,2,0.18182
7145,25,148,24,1,0.54545
7145,25,148,25,1,-0.45455
7145,25,148,26,1,0.63636
7145,25,148,27,2,0.18182
7145,25,148,28,1,0.36364
7145,25,148,29,1,0.18182
7145,25,148,30,2,-0.18182
7145,25,148,31,1,0.27273
7145,25,148,32,1,0.45455
7145,25,148,33,1,0.45455
7145,25,148,34,2,-0.36364
7145,25,148,35,1,0.54545
7145,25,148,36,2,-0.090909
7145,25,148,37,2,-0.36364
7145,25,148,38,1,0.18182
7145,25,148,39,2,-0.18182
7145,25,148,40,2,-0.18182
7145,25,148,41,2,0.090909
7145,25,148,42,1,0.63636
7145,25,148,43,1,0.090909
7145,25,148,44,1,0.72727
7145,25,148,45,1,-0.090909
7145,25,148,46,1,0.54545
7145,25,148,47,2,0.18182
7145,25,148,48,1,0.090909
7145,25,148,49,2,-0.27273
7145,25,148,50,1,0.18182
7145,25,148,51,2,-0.36364
7145,25,149,1,2,-0.63636
7145,25,149,2,2,0.81818
7145,25,149,3,2,-0.81818
7145,25,149,4,2,-0.18182
7145,25,149,5,1,-0.63636
7145,25,149,6,2,0.81818
7145,25,149,7,2,-0.18182
7145,25,149,8,1,-0.36364
7145,25,149,9,2,-0.27273
7145,25,149,10,2,-0.54545
7145,25,149,11,2,-0.36364
7145,25,149,12,1,0.36364
7145,25,149,13,2,-0.45455
7145,25,149,14,2,-0.81818
7145,25,149,15,2,-0.45455
7145,25,149,16,2,0.63636
7145,25,149,17,2,0.090909
7145,25,149,18,2,-0.63636
7145,25,149,19,2,-0.63636
7145,25,149,20,2,0.27273
7145,25,149,21,2,-0.27273
7145,25,149,22,2,-0.45455
7145,25,149,23,2,0.72727
7145,25,149,24,2,-0.18182
7145,25,149,25,1,0.81818
7145,25,149,26,2,0.36364
7145,25,149,27,2,0.45455
7145,25,149,28,2,-0.81818
7145,25,149,29,1,-0.54545
7145,25,149,30,2,-0.36364
7145,25,149,31,1,0.81818
7145,25,149,32,2,-0.63636
7145,25,149,33,2,-0.45455
7145,25,149,34,2,-0.36364
7145,25,149,35,2,-0.81818
7145,25,149,36,2,-0.81818
7145,25,149,37,2,0.36364
7145,25,149,38,2,-0.45455
7145,25,149,39,2,-0.18182
7145,25,149,40,2,-0.18182
7145,25,149,41,2,-0.36364
7145,25,149,42,1,0.81818
7145,25,149,43,2,0.18182
7145,25,149,44,2,-0.18182
7145,25,149,45,1,-0.27273
7145,25,149,46,2,-0.54545
7145,25,149,47,1,0.81818
7145,25,149,48,2,-0.63636
7145,25,149,49,2,-0.45455
7145,25,149,50,2,-0.81818
7145,25,149,51,2,-0.36364
7145,25,150,1,1,0.090909
7145,25,150,2,1,0.090909
7145,25,150,3,2,0.45455
7145,25,150,4,2,-0.54545
7145,25,150,5,2,0.18182
7145,25,150,6,2,-0.45455
7145,25,150,7,1,0.090909
7145,25,150,8,2,-0.54545
7145,25,150,9,1,0.27273
7145,25,150,10,1,0.36364
7145,25,150,11,2,-0.45455
7145,25,150,12,1,0.090909
7145,25,150,13,1,0.54545
7145,25,150,14,2,-0.45455
7145,25,150,15,1,0.090909
7145,25,150,16,1,-0.18182
7145,25,150,17,1,0.36364
7145,25,150,18,2,-0.18182
7145,25,150,19,1,0.27273
7145,25,150,20,1,-0.18182
7145,25,150,21,1,0.45455
7145,25,150,22,2,-0.36364
7145,25,150,23,2,-0.54545
7145,25,150,24,1,0.45455
7145,25,150,25,1,0.54545
7145,25,150,26,1,0.090909
7145,25,150,27,1,0.18182
7145,25,150,28,2,-0.36364
7145,25,150,29,1,-0.090909
7145,25,150,30,2,-0.54545
7145,25,150,31,1,0.090909
7145,25,150,32,2,-0.18182
7145,25,150,33,2,-0.54545
7145,25,150,34,1,-0.090909
7145,25,150,35,2,-0.27273
7145,25,150,36,2,-0.45455
7145,25,150,37,1,0.72727
7145,25,150,38,2,-0.45455
7145,25,150,39,2,-0.36364
7145,25,150,40,1,0.090909
7145,25,150,41,1,0.090909
7145,25,150,42,2,-0.54545
7145,25,150,43,1,0.36364
7145,25,150,44,1,0.18182
7145,25,150,45,1,0.63636
7145,25,150,46,1,0.090909
7145,25,150,47,2,-0.54545
7145,25,150,48,1,0.27273
7145,25,150,49,2,0.090909
7145,25,150,50,2,0.090909
7145,25,150,51,2,-0.45455
7145,26,151,1,2,0.090909
7145,26,151,2,1,-0.090909
7145,26,151,3,2,-0.090909
7145,26,151,4,2,0.36364
7145,26,151,5,1,0.27273
7145,26,151,6,2,-0.72727
7145,26,151,7,1,0.18182
7145,26,151,8,2,-0.45455
7145,26,151,9,1,0.090909
7145,26,151,10,2,-0.54545
7145,26,151,11,2,-0.54545
7145,26,151,12,1,0.090909
7145,26,151,13,2,-0.27273
7145,26,151,14,2,0.090909
7145,26,151,15,2,0.27273
7145,26,151,16,1,0.090909
7145,26,151,17,2,0.45455
7145,26,151,18,1,0.090909
7145,26,151,19,1,0.18182
7145,26,151,20,2,-0.45455
7145,26,151,21,2,-0.27273
7145,26,151,22,2,-0.45455
7145,26,151,23,2,-0.27273
7145,26,151,24,2,-0.45455
7145,26,151,25,1,0.36364
7145,26,151,26,1,0.090909
7145,26,151,27,1,-0.090909
7145,26,151,28,1,0.18182
7145,26,151,29,2,-0.45455
7145,26,151,30,1,-0.090909
7145,26,151,31,1,0.18182
7145,26,151,32,1,0.090909
7145,26,151,33,2,0.090909
7145,26,151,34,1,0.090909
7145,26,151,35,2,-0.27273
7145,26,151,36,2,-0.63636
7145,26,151,37,1,0.090909
7145,26,151,38,1,-0.27273
7145,26,151,39,1,0.45455
7145,26,151,40,1,0.36364
7145,26,151,41,2,-0.36364
7145,26,151,42,1,0.36364
7145,26,151,43,1,-0.090909
7145,26,151,44,2,-0.45455
7145,26,151,45,1,0.63636
7145,26,151,46,1,0.18182
7145,26,151,47,2,-0.090909
7145,26,151,48,2,-0.18182
7145,26,151,49,1,0.45455
7145,26,151,50,2,-0.63636
7145,26,151,51,2,-0.36364
7145,26,152,1,1,-0.090909
7145,26,152,2,1,-0.63636
7145,26,152,3,1,-0.090909
7145,26,152,4,2,0.36364
7145,26,152,5,2,0.18182
7145,26,152,6,1,-0.54545
7145,26,152,7,2,0.45455
7145,26,152,8,2,-0.27273
7145,26,152,9,1,-0.36364
7145,26,152,10,2,-0.36364
7145,26,152,11,2,-0.54545
7145,26,152,12,2,0.81818
7145,26,152,13,2,0.45455
7145,26,152,14,1,0.81818
7145,26,152,15,1,0.36364
7145,26,152,16,1,-0.27273
7145,26,152,17,2,0.36364
7145,26,152,18,2,-0.090909
7145,26,152,19,1,-0.090909
7145,26,152,20,2,-0.36364
7145,26,152,21,2,-0.54545
7145,26,152,22,1,0.36364
7145,26,152,23,2,0.72727
7145,26,152,24,1,-0.45455
7145,26,152,25,2,-0.81818
7145,26,152,26,1,-0.090909
7145,26,152,27,1,0.36364
7145,26,152,28,1,0.81818
7145,26,152,29,1,0.45455
7145,26,152,30,1,0.81818
7145,26,152,31,1,0.45455
7145,26,152,32,1,-0.36364
7145,26,152,33,1,-0.36364
7145,26,152,34,2,-0.27273
7145,26,152,35,1,0.36364
7145,26,152,36,2,-0.63636
7145,26,152,37,1,0.45455
7145,26,152,38,1,0.63636
7145,26,152,39,1,0.45455
7145,26,152,40,1,0.18182
7145,26,152,41,1,0.27273
7145,26,152,42,1,-0.36364
7145,26,152,43,2,-0.54545
7145,26,152,44,1,0.18182
7145,26,152,45,1,0.81818
7145,26,152,46,1,0.090909
7145,26,152,47,2,-0.54545
7145,26,152,48,1,0.81818
7145,26,152,49,2,-0.54545
7145,26,152,50,2,-0.63636
7145,26,152,51,1,-0.090909
7145,26,153,1,2,-0.18182
7145,26,153,2,1,-0.18182
7145,26,153,3,2,-0.45455
7145,26,153,4,1,0.27273
7145,26,153,5,2,0.72727
7145,26,153,6,2,-0.36364
7145,26,153,7,2,0.45455
7145,26,153,8,2,0.54545
7145,26,153,9,1,0.72727
7145,26,153,10,1,-0.27273
7145,26,153,11,2,-0.36364
7145,26,153,12,1,0.36364
7145,26,153,13,1,0.36364
7145,26,153,14,2,-0.45455
7145,26,153,15,1,0.27273
7145,26,153,16,1,0.27273
7145,26,153,17,2,-0.36364
7145,26,153,18,1,0.54545
7145,26,153,19,2,-0.27273
7145,26,153,20,2,-0.18182
7145,26,153,21,1,-0.45455
7145,26,153,22,1,0.72727
7145,26,153,23,1,0.36364
7145,26,153,24,2,-0.18182
7145,26,153,25,1,-0.36364
7145,26,153,26,1,0.36364
7145,26,153,27,2,0.63636
7145,26,153,28,2,-0.45455
7145,26,153,29,2,-0.18182
7145,26,153,30,1,0.45455
7145,26,153,31,1,0.27273
7145,26,153,32,2,-0.45455
7145,26,153,33,2,-0.18182
7145,26,153,34,1,0.72727
7145,26,153,35,2,-0.36364
7145,26,153,36,2,0.45455
7145,26,153,37,1,-0.63636
7145,26,153,38,1,0.27273
7145,26,153,39,2,-0.27273
7145,26,153,40,2,0.090909
7145,26,153,41,1,0.54545
7145,26,153,42,1,-0.72727
7145,26,153,43,1,0.27273
7145,26,153,44,1,0.72727
7145,26,153,45,1,0.72727
7145,26,153,46,1,0.36364
7145,26,153,47,2,-0.81818
7145,26,153,48,1,0.18182
7145,26,153,49,2,-0.45455
7145,26,153,50,1,0.36364
7145,26,153,51,2,-0.36364
7145,26,154,1,1,0.18182
7145,26,154,2,1,0.090909
7145,26,154,3,2,-0.18182
7145,26,154,4,2,0.18182
7145,26,154,5,2,-0.27273
7145,26,154,6,2,-0.36364
7145,26,154,7,1,0.45455
7145,26,154,8,1,-0.090909
7145,26,154,9,1,0.36364
7145,26,154,10,2,-0.090909
7145,26,154,11,2,0.54545
7145,26,154,12,1,0.36364
7145,26,154,13,2,-0.18182
7145,26,154,14,1,-0.18182
7145,26,154,15,1,0.45455
7145,26,154,16,1,0.090909
7145,26,154,17,1,0.45455
7145,26,154,18,2,-0.090909
7145,26,154,19,2,-0.090909
7145,26,154,20,2,0.18182
7145,26,154,21,2,-0.090909
7145,26,154,22,2,-0.36364
7145,26,154,23,2,0.18182
7145,26,154,24,1,0.54545
7145,26,154,25,2,-0.45455
7145,26,154,26,1,0.63636
7145,26,154,27,2,0.18182
7145,26,154,28,1,0.36364
7145,26,154,29,1,0.18182
7145,26,154,30,2,-0.18182
7145,26,154,31,1,0.27273
7145,26,154,32,1,0.45455
7145,26,154,33,1,0.45455
7145,26,154,34,2,-0.36364
7145,26,154,35,1,0.54545
7145,26,154,36,2,-0.090909
7145,26,154,37,2,-0.36364
7145,26,154,38,1,0.18182
7145,26,154,39,2,-0.18182
7145,26,154,40,2,-0.18182
7145,26,154,41,2,0.090909
7145,26,154,42,1,0.63636
7145,26,154,43,1,0.090909
7145,26,154,44,1,0.72727
7145,26,154,45,2,-0.090909
7145,26,154,46,1,0.54545
7145,26,154,47,2,0.18182
7145,26,154,48,1,0.090909
7145,26,154,49,2,-0.27273
7145,26,154,50,1,0.18182
7145,26,154,51,2,-0.36364
7145,26,155,1,1,-0.63636
7145,26,155,2,2,0.81818
7145,26,155,3,2,-0.81818
7145,26,155,4,2,-0.18182
7145,26,155,5,1,-0.63636
7145,26,155,6,2,0.81818
7145,26,155,7,2,-0.18182
7145,26,155,8,2,-0.36364
7145,26,155,9,2,-0.27273
7145,26,155,10,2,-0.54545
7145,26,155,11,2,-0.36364
7145,26,155,12,2,0.36364
7145,26,155,13,2,-0.45455
7145,26,155,14,2,-0.81818
7145,26,155,15,2,-0.45455
7145,26,155,16,2,0.63636
7145,26,155,17,1,0.090909
7145,26,155,18,2,-0.63636
7145,26,155,19,2,-0.63636
7145,26,155,20,2,0.27273
7145,26,155,21,2,-0.27273
7145,26,155,22,2,-0.45455
7145,26,155,23,2,0.72727
7145,26,155,24,2,-0.18182
7145,26,155,25,2,0.81818
7145,26,155,26,1,0.36364
7145,26,155,27,2,0.45455
7145,26,155,28,2,-0.81818
7145,26,155,29,2,-0.54545
7145,26,155,30,2,-0.36364
7145,26,155,31,1,0.81818
7145,26,155,32,2,-0.63636
7145,26,155,33,2,-0.45455
7145,26,155,34,2,-0.36364
7145,26,155,35,2,-0.81818
7145,26,155,36,2,-0.81818
7145,26,155,37,2,0.36364
7145,26,155,38,2,-0.45455
7145,26,155,39,2,-0.18182
7145,26,155,40,1,-0.18182
7145,26,155,41,2,-0.36364
7145,26,155,42,1,0.81818
7145,26,155,43,2,0.18182
7145,26,155,44,2,-0.18182
7145,26,155,45,1,-0.27273
7145,26,155,46,2,-0.54545
7145,26,155,47,1,0.81818
7145,26,155,48,2,-0.63636
7145,26,155,49,2,-0.45455
7145,26,155,50,2,-0.81818
7145,26,155,51,2,-0.36364
7145,26,156,1,1,0.090909
7145,26,156,2,2,0.090909
7145,26,156,3,2,0.45455
7145,26,156,4,1,-0.54545
7145,26,156,5,1,0.18182
7145,26,156,6,1,-0.45455
7145,26,156,7,2,0.090909
7145,26,156,8,2,-0.54545
7145,26,156,9,1,0.27273
7145,26,156,10,1,0.36364
7145,26,156,11,2,-0.45455
7145,26,156,12,1,0.090909
7145,26,156,13,2,0.54545
7145,26,156,14,2,-0.45455
7145,26,156,15,2,0.090909
7145,26,156,16,2,-0.18182
7145,26,156,17,1,0.36364
7145,26,156,18,2,-0.18182
7145,26,156,19,1,0.27273
7145,26,156,20,2,-0.18182
7145,26,156,21,1,0.45455
7145,26,156,22,2,-0.36364
7145,26,156,23,2,-0.54545
7145,26,156,24,1,0.45455
7145,26,156,25,1,0.54545
7145,26,156,26,1,0.090909
7145,26,156,27,1,0.18182
7145,26,156,28,2,-0.36364
7145,26,156,29,1,-0.090909
7145,26,156,30,2,-0.54545
7145,26,156,31,1,0.090909
7145,26,156,32,2,-0.18182
7145,26,156,33,2,-0.54545
7145,26,156,34,1,-0.090909
7145,26,156,35,1,-0.27273
7145,26,156,36,2,-0.45455
7145,26,156,37,1,0.72727
7145,26,156,38,2,-0.45455
7145,26,156,39,2,-0.36364
7145,26,156,40,1,0.090909
7145,26,156,41,2,0.090909
7145,26,156,42,2,-0.54545
7145,26,156,43,1,0.36364
7145,26,156,44,1,0.18182
7145,26,156,45,1,0.63636
7145,26,156,46,2,0.090909
7145,26,156,47,2,-0.54545
7145,26,156,48,1,0.27273
7145,26,156,49,1,0.090909
7145,26,156,50,1,0.090909
7145,26,156,51,2,-0.45455
7145,27,157,1,2,0.090909
7145,27,157,2,2,-0.090909
7145,27,157,3,2,-0.090909
7145,27,157,4,1,0.36364
7145,27,157,5,1,0.27273
7145,27,157,6,1,-0.72727
7145,27,157,7,1,0.18182
7145,27,157,8,1,-0.45455
7145,27,157,9,1,0.090909
7145,27,157,10,2,-0.54545
7145,27,157,11,2,-0.54545
7145,27,157,12,2,0.090909
7145,27,157,13,2,-0.27273
7145,27,157,14,2,0.090909
7145,27,157,15,1,0.27273
7145,27,157,16,2,0.090909
7145,27,157,17,1,0.45455
7145,27,157,18,2,0.090909
7145,27,157,19,2,0.18182
7145,27,157,20,2,-0.45455
7145,27,157,21,2,-0.27273
7145,27,157,22,2,-0.45455
7145,27,157,23,2,-0.27273
7145,27,157,24,2,-0.45455
7145,27,157,25,1,0.36364
7145,27,157,26,1,0.090909
7145,27,157,27,1,-0.090909
7145,27,157,28,1,0.18182
7145,27,157,29,2,-0.45455
7145,27,157,30,1,-0.090909
7145,27,157,31,2,0.18182
7145,27,157,32,1,0.090909
7145,27,157,33,1,0.090909
7145,27,157,34,2,0.090909
7145,27,157,35,2,-0.27273
7145,27,157,36,2,-0.63636
7145,27,157,37,1,0.090909
7145,27,157,38,1,-0.27273
7145,27,157,39,1,0.45455
7145,27,157,40,1,0.36364
7145,27,157,41,2,-0.36364
7145,27,157,42,1,0.36364
7145,27,157,43,1,-0.090909
7145,27,157,44,2,-0.45455
7145,27,157,45,1,0.63636
7145,27,157,46,1,0.18182
7145,27,157,47,2,-0.090909
7145,27,157,48,2,-0.18182
7145,27,157,49,1,0.45455
7145,27,157,50,2,-0.63636
7145,27,157,51,2,-0.36364
7145,27,158,1,2,-0.090909
7145,27,158,2,2,-0.63636
7145,27,158,3,2,-0.090909
7145,27,158,4,1,0.36364
7145,27,158,5,1,0.18182
7145,27,158,6,1,-0.54545
7145,27,158,7,2,0.45455
7145,27,158,8,2,-0.27273
7145,27,158,9,1,-0.36364
7145,27,158,10,2,-0.36364
7145,27,158,11,2,-0.54545
7145,27,158,12,2,0.81818
7145,27,158,13,1,0.45455
7145,27,158,14,1,0.81818
7145,27,158,15,2,0.36364
7145,27,158,16,1,-0.27273
7145,27,158,17,2,0.36364
7145,27,158,18,2,-0.090909
7145,27,158,19,1,-0.090909
7145,27,158,20,2,-0.36364
7145,27,158,21,2,-0.54545
7145,27,158,22,2,0.36364
7145,27,158,23,2,0.72727
7145,27,158,24,1,-0.45455
7145,27,158,25,1,-0.81818
7145,27,158,26,2,-0.090909
7145,27,158,27,1,0.36364
7145,27,158,28,2,0.81818
7145,27,158,29,1,0.45455
7145,27,158,30,1,0.81818
7145,27,158,31,1,0.45455
7145,27,158,32,2,-0.36364
7145,27,158,33,1,-0.36364
7145,27,158,34,1,-0.27273
7145,27,158,35,1,0.36364
7145,27,158,36,2,-0.63636
7145,27,158,37,1,0.45455
7145,27,158,38,1,0.63636
7145,27,158,39,1,0.45455
7145,27,158,40,2,0.18182
7145,27,158,41,1,0.27273
7145,27,158,42,2,-0.36364
7145,27,158,43,2,-0.54545
7145,27,158,44,1,0.18182
7145,27,158,45,1,0.81818
7145,27,158,46,2,0.090909
7145,27,158,47,2,-0.54545
7145,27,158,48,1,0.81818
7145,27,158,49,2,-0.54545
7145,27,158,50,2,-0.63636
7145,27,158,51,1,-0.090909
7145,27,159,1,2,-0.18182
7145,27,159,2,2,-0.18182
7145,27,159,3,1,-0.45455
7145,27,159,4,2,0.27273
7145,27,159,5,2,0.72727
7145,27,159,6,1,-0.36364
7145,27,159,7,1,0.45455
7145,27,159,8,2,0.54545
7145,27,159,9,1,0.72727
7145,27,159,10,1,-0.27273
7145,27,159,11,1,-0.36364
7145,27,159,12,1,0.36364
7145,27,159,13,1,0.36364
7145,27,159,14,1,-0.45455
7145,27,159,15,1,0.27273
7145,27,159,16,1,0.27273
7145,27,159,17,1,-0.36364
7145,27,159,18,1,0.54545
7145,27,159,19,1,-0.27273
7145,27,159,20,2,-0.18182
7145,27,159,21,1,-0.45455
7145,27,159,22,1,0.72727
7145,27,159,23,1,0.36364
7145,27,159,24,2,-0.18182
7145,27,159,25,2,-0.36364
7145,27,159,26,1,0.36364
7145,27,159,27,2,0.63636
7145,27,159,28,2,-0.45455
7145,27,159,29,1,-0.18182
7145,27,159,30,1,0.45455
7145,27,159,31,1,0.27273
7145,27,159,32,2,-0.45455
7145,27,159,33,1,-0.18182
7145,27,159,34,1,0.72727
7145,27,159,35,1,-0.36364
7145,27,159,36,2,0.45455
7145,27,159,37,1,-0.63636
7145,27,159,38,1,0.27273
7145,27,159,39,2,-0.27273
7145,27,159,40,1,0.090909
7145,27,159,41,1,0.54545
7145,27,159,42,1,-0.72727
7145,27,159,43,2,0.27273
7145,27,159,44,1,0.72727
7145,27,159,45,1,0.72727
7145,27,159,46,1,0.36364
7145,27,159,47,1,-0.81818
7145,27,159,48,2,0.18182
7145,27,159,49,2,-0.45455
7145,27,159,50,1,0.36364
7145,27,159,51,2,-0.36364
7145,27,160,1,2,0.18182
7145,27,160,2,2,0.090909
7145,27,160,3,2,-0.18182
7145,27,160,4,2,0.18182
7145,27,160,5,2,-0.27273
7145,27,160,6,2,-0.36364
7145,27,160,7,2,0.45455
7145,27,160,8,1,-0.090909
7145,27,160,9,1,0.36364
7145,27,160,10,2,-0.090909
7145,27,160,11,1,0.54545
7145,27,160,12,2,0.36364
7145,27,160,13,2,-0.18182
7145,27,160,14,2,-0.18182
7145,27,160,15,1,0.45455
7145,27,160,16,2,0.090909
7145,27,160,17,1,0.45455
7145,27,160,18,2,-0.090909
7145,27,160,19,2,-0.090909
7145,27,160,20,2,0.18182
7145,27,160,21,2,-0.090909
7145,27,160,22,2,-0.36364
7145,27,160,23,2,0.18182
7145,27,160,24,1,0.54545
7145,27,160,25,2,-0.45455
7145,27,160,26,1,0.63636
7145,27,160,27,2,0.18182
7145,27,160,28,1,0.36364
7145,27,160,29,2,0.18182
7145,27,160,30,1,-0.18182
7145,27,160,31,1,0.27273
7145,27,160,32,1,0.45455
7145,27,160,33,1,0.45455
7145,27,160,34,2,-0.36364
7145,27,160,35,1,0.54545
7145,27,160,36,2,-0.090909
7145,27,160,37,1,-0.36364
7145,27,160,38,1,0.18182
7145,27,160,39,2,-0.18182
7145,27,160,40,2,-0.18182
7145,27,160,41,2,0.090909
7145,27,160,42,1,0.63636
7145,27,160,43,2,0.090909
7145,27,160,44,1,0.72727
7145,27,160,45,2,-0.090909
7145,27,160,46,1,0.54545
7145,27,160,47,1,0.18182
7145,27,160,48,2,0.090909
7145,27,160,49,2,-0.27273
7145,27,160,50,1,0.18182
7145,27,160,51,2,-0.36364
7145,27,161,1,2,-0.63636
7145,27,161,2,2,0.81818
7145,27,161,3,1,-0.81818
7145,27,161,4,2,-0.18182
7145,27,161,5,2,-0.63636
7145,27,161,6,1,0.81818
7145,27,161,7,1,-0.18182
7145,27,161,8,1,-0.36364
7145,27,161,9,2,-0.27273
7145,27,161,10,2,-0.54545
7145,27,161,11,2,-0.36364
7145,27,161,12,2,0.36364
7145,27,161,13,2,-0.45455
7145,27,161,14,2,-0.81818
7145,27,161,15,2,-0.45455
7145,27,161,16,2,0.63636
7145,27,161,17,1,0.090909
7145,27,161,18,2,-0.63636
7145,27,161,19,2,-0.63636
7145,27,161,20,1,0.27273
7145,27,161,21,2,-0.27273
7145,27,161,22,2,-0.45455
7145,27,161,23,2,0.72727
7145,27,161,24,2,-0.18182
7145,27,161,25,1,0.81818
7145,27,161,26,2,0.36364
7145,27,161,27,2,0.45455
7145,27,161,28,2,-0.81818
7145,27,161,29,2,-0.54545
7145,27,161,30,2,-0.36364
7145,27,161,31,1,0.81818
7145,27,161,32,2,-0.63636
7145,27,161,33,2,-0.45455
7145,27,161,34,2,-0.36364
7145,27,161,35,2,-0.81818
7145,27,161,36,2,-0.81818
7145,27,161,37,2,0.36364
7145,27,161,38,2,-0.45455
7145,27,161,39,1,-0.18182
7145,27,161,40,2,-0.18182
7145,27,161,41,2,-0.36364
7145,27,161,42,1,0.81818
7145,27,161,43,1,0.18182
7145,27,161,44,2,-0.18182
7145,27,161,45,2,-0.27273
7145,27,161,46,2,-0.54545
7145,27,161,47,1,0.81818
7145,27,161,48,2,-0.63636
7145,27,161,49,2,-0.45455
7145,27,161,50,2,-0.81818
7145,27,161,51,2,-0.36364
7145,27,162,1,2,0.090909
7145,27,162,2,2,0.090909
7145,27,162,3,1,0.45455
7145,27,162,4,1,-0.54545
7145,27,162,5,1,0.18182
7145,27,162,6,2,-0.45455
7145,27,162,7,1,0.090909
7145,27,162,8,2,-0.54545
7145,27,162,9,1,0.27273
7145,27,162,10,1,0.36364
7145,27,162,11,2,-0.45455
7145,27,162,12,2,0.090909
7145,27,162,13,1,0.54545
7145,27,162,14,2,-0.45455
7145,27,162,15,2,0.090909
7145,27,162,16,1,-0.18182
7145,27,162,17,1,0.36364
7145,27,162,18,2,-0.18182
7145,27,162,19,1,0.27273
7145,27,162,20,1,-0.18182
7145,27,162,21,1,0.45455
7145,27,162,22,2,-0.36364
7145,27,162,23,2,-0.54545
7145,27,162,24,1,0.45455
7145,27,162,25,1,0.54545
7145,27,162,26,2,0.090909
7145,27,162,27,1,0.18182
7145,27,162,28,2,-0.36364
7145,27,162,29,2,-0.090909
7145,27,162,30,2,-0.54545
7145,27,162,31,2,0.090909
7145,27,162,32,2,-0.18182
7145,27,162,33,2,-0.54545
7145,27,162,34,1,-0.090909
7145,27,162,35,1,-0.27273
7145,27,162,36,2,-0.45455
7145,27,162,37,1,0.72727
7145,27,162,38,2,-0.45455
7145,27,162,39,2,-0.36364
7145,27,162,40,1,0.090909
7145,27,162,41,2,0.090909
7145,27,162,42,2,-0.54545
7145,27,162,43,1,0.36364
7145,27,162,44,1,0.18182
7145,27,162,45,1,0.63636
7145,27,162,46,1,0.090909
7145,27,162,47,2,-0.54545
7145,27,162,48,1,0.27273
7145,27,162,49,2,0.090909
7145,27,162,50,1,0.090909
7145,27,162,51,2,-0.45455
7145,28,163,1,1,0.090909
7145,28,163,2,1,-0.090909
7145,28,163,3,2,-0.090909
7145,28,163,4,2,0.36364
7145,28,163,5,1,0.27273
7145,28,163,6,2,-0.72727
7145,28,163,7,1,0.18182
7145,28,163,8,2,-0.45455
7145,28,163,9,1,0.090909
7145,28,163,10,2,-0.54545
7145,28,163,11,2,-0.54545
7145,28,163,12,1,0.090909
7145,28,163,13,2,-0.27273
7145,28,163,14,2,0.090909
7145,28,163,15,1,0.27273
7145,28,163,16,2,0.090909
7145,28,163,17,2,0.45455
7145,28,163,18,2,0.090909
7145,28,163,19,1,0.18182
7145,28,163,20,2,-0.45455
7145,28,163,21,2,-0.27273
7145,28,163,22,2,-0.45455
7145,28,163,23,2,-0.27273
7145,28,163,24,2,-0.45455
7145,28,163,25,1,0.36364
7145,28,163,26,1,0.090909
7145,28,163,27,2,-0.090909
7145,28,163,28,1,0.18182
7145,28,163,29,2,-0.45455
7145,28,163,30,2,-0.090909
7145,28,163,31,1,0.18182
7145,28,163,32,1,0.090909
7145,28,163,33,1,0.090909
7145,28,163,34,2,0.090909
7145,28,163,35,2,-0.27273
7145,28,163,36,2,-0.63636
7145,28,163,37,1,0.090909
7145,28,163,38,2,-0.27273
7145,28,163,39,1,0.45455
7145,28,163,40,2,0.36364
7145,28,163,41,2,-0.36364
7145,28,163,42,1,0.36364
7145,28,163,43,1,-0.090909
7145,28,163,44,2,-0.45455
7145,28,163,45,1,0.63636
7145,28,163,46,1,0.18182
7145,28,163,47,2,-0.090909
7145,28,163,48,1,-0.18182
7145,28,163,49,1,0.45455
7145,28,163,50,2,-0.63636
7145,28,163,51,2,-0.36364
7145,28,164,1,2,-0.090909
7145,28,164,2,2,-0.63636
7145,28,164,3,2,-0.090909
7145,28,164,4,2,0.36364
7145,28,164,5,1,0.18182
7145,28,164,6,1,-0.54545
7145,28,164,7,2,0.45455
7145,28,164,8,2,-0.27273
7145,28,164,9,1,-0.36364
7145,28,164,10,2,-0.36364
7145,28,164,11,1,-0.54545
7145,28,164,12,1,0.81818
7145,28,164,13,2,0.45455
7145,28,164,14,1,0.81818
7145,28,164,15,2,0.36364
7145,28,164,16,2,-0.27273
7145,28,164,17,1,0.36364
7145,28,164,18,2,-0.090909
7145,28,164,19,1,-0.090909
7145,28,164,20,2,-0.36364
7145,28,164,21,2,-0.54545
7145,28,164,22,1,0.36364
7145,28,164,23,2,0.72727
7145,28,164,24,1,-0.45455
7145,28,164,25,2,-0.81818
7145,28,164,26,2,-0.090909
7145,28,164,27,1,0.36364
7145,28,164,28,1,0.81818
7145,28,164,29,1,0.45455
7145,28,164,30,1,0.81818
7145,28,164,31,1,0.45455
7145,28,164,32,2,-0.36364
7145,28,164,33,2,-0.36364
7145,28,164,34,2,-0.27273
7145,28,164,35,1,0.36364
7145,28,164,36,1,-0.63636
7145,28,164,37,2,0.45455
7145,28,164,38,1,0.63636
7145,28,164,39,1,0.45455
7145,28,164,40,1,0.18182
7145,28,164,41,1,0.27273
7145,28,164,42,2,-0.36364
7145,28,164,43,2,-0.54545
7145,28,164,44,1,0.18182
7145,28,164,45,1,0.81818
7145,28,164,46,1,0.090909
7145,28,164,47,2,-0.54545
7145,28,164,48,1,0.81818
7145,28,164,49,2,-0.54545
7145,28,164,50,2,-0.63636
7145,28,164,51,1,-0.090909
7145,28,165,1,1,-0.18182
7145,28,165,2,2,-0.18182
7145,28,165,3,1,-0.45455
7145,28,165,4,1,0.27273
7145,28,165,5,2,0.72727
7145,28,165,6,1,-0.36364
7145,28,165,7,2,0.45455
7145,28,165,8,2,0.54545
7145,28,165,9,1,0.72727
7145,28,165,10,1,-0.27273
7145,28,165,11,1,-0.36364
7145,28,165,12,2,0.36364
7145,28,165,13,2,0.36364
7145,28,165,14,2,-0.45455
7145,28,165,15,1,0.27273
7145,28,165,16,1,0.27273
7145,28,165,17,2,-0.36364
7145,28,165,18,2,0.54545
7145,28,165,19,1,-0.27273
7145,28,165,20,2,-0.18182
7145,28,165,21,2,-0.45455
7145,28,165,22,1,0.72727
7145,28,165,23,2,0.36364
7145,28,165,24,2,-0.18182
7145,28,165,25,2,-0.36364
7145,28,165,26,1,0.36364
7145,28,165,27,2,0.63636
7145,28,165,28,2,-0.45455
7145,28,165,29,2,-0.18182
7145,28,165,30,2,0.45455
7145,28,165,31,1,0.27273
7145,28,165,32,2,-0.45455
7145,28,165,33,2,-0.18182
7145,28,165,34,1,0.72727
7145,28,165,35,2,-0.36364
7145,28,165,36,1,0.45455
7145,28,165,37,1,-0.63636
7145,28,165,38,1,0.27273
7145,28,165,39,1,-0.27273
7145,28,165,40,2,0.090909
7145,28,165,41,1,0.54545
7145,28,165,42,1,-0.72727
7145,28,165,43,1,0.27273
7145,28,165,44,1,0.72727
7145,28,165,45,1,0.72727
7145,28,165,46,1,0.36364
7145,28,165,47,2,-0.81818
7145,28,165,48,2,0.18182
7145,28,165,49,2,-0.45455
7145,28,165,50,1,0.36364
7145,28,165,51,2,-0.36364
7145,28,166,1,1,0.18182
7145,28,166,2,2,0.090909
7145,28,166,3,2,-0.18182
7145,28,166,4,1,0.18182
7145,28,166,5,2,-0.27273
7145,28,166,6,1,-0.36364
7145,28,166,7,2,0.45455
7145,28,166,8,1,-0.090909
7145,28,166,9,2,0.36364
7145,28,166,10,1,-0.090909
7145,28,166,11,1,0.54545
7145,28,166,12,1,0.36364
7145,28,166,13,1,-0.18182
7145,28,166,14,2,-0.18182
7145,28,166,15,1,0.45455
7145,28,166,16,2,0.090909
7145,28,166,17,1,0.45455
7145,28,166,18,1,-0.090909
7145,28,166,19,2,-0.090909
7145,28,166,20,2,0.18182
7145,28,166,21,1,-0.090909
7145,28,166,22,2,-0.36364
7145,28,166,23,2,0.18182
7145,28,166,24,1,0.54545
7145,28,166,25,2,-0.45455
7145,28,166,26,1,0.63636
7145,28,166,27,2,0.18182
7145,28,166,28,1,0.36364
7145,28,166,29,2,0.18182
7145,28,166,30,2,-0.18182
7145,28,166,31,1,0.27273
7145,28,166,32,1,0.45455
7145,28,166,33,1,0.45455
7145,28,166,34,2,-0.36364
7145,28,166,35,1,0.54545
7145,28,166,36,2,-0.090909
7145,28,166,37,2,-0.36364
7145,28,166,38,1,0.18182
7145,28,166,39,2,-0.18182
7145,28,166,40,1,-0.18182
7145,28,166,41,2,0.090909
7145,28,166,42,1,0.63636
7145,28,166,43,2,0.090909
7145,28,166,44,1,0.72727
7145,28,166,45,1,-0.090909
7145,28,166,46,1,0.54545
7145,28,166,47,1,0.18182
7145,28,166,48,2,0.090909
7145,28,166,49,2,-0.27273
7145,28,166,50,1,0.18182
7145,28,166,51,2,-0.36364
7145,28,167,1,2,-0.63636
7145,28,167,2,2,0.81818
7145,28,167,3,1,-0.81818
7145,28,167,4,2,-0.18182
7145,28,167,5,2,-0.63636
7145,28,167,6,1,0.81818
7145,28,167,7,2,-0.18182
7145,28,167,8,2,-0.36364
7145,28,167,9,1,-0.27273
7145,28,167,10,2,-0.54545
7145,28,167,11,2,-0.36364
7145,28,167,12,1,0.36364
7145,28,167,13,2,-0.45455
7145,28,167,14,2,-0.81818
7145,28,167,15,2,-0.45455
7145,28,167,16,1,0.63636
7145,28,167,17,1,0.090909
7145,28,167,18,2,-0.63636
7145,28,167,19,2,-0.63636
7145,28,167,20,2,0.27273
7145,28,167,21,2,-0.27273
7145,28,167,22,2,-0.45455
7145,28,167,23,2,0.72727
7145,28,167,24,2,-0.18182
7145,28,167,25,1,0.81818
7145,28,167,26,2,0.36364
7145,28,167,27,2,0.45455
7145,28,167,28,2,-0.81818
7145,28,167,29,2,-0.54545
7145,28,167,30,2,-0.36364
7145,28,167,31,1,0.81818
7145,28,167,32,1,-0.63636
7145,28,167,33,2,-0.45455
7145,28,167,34,2,-0.36364
7145,28,167,35,2,-0.81818
7145,28,167,36,2,-0.81818
7145,28,167,37,2,0.36364
7145,28,167,38,2,-0.45455
7145,28,167,39,2,-0.18182
7145,28,167,40,2,-0.18182
7145,28,167,41,2,-0.36364
7145,28,167,42,1,0.81818
7145,28,167,43,2,0.18182
7145,28,167,44,2,-0.18182
7145,28,167,45,2,-0.27273
7145,28,167,46,2,-0.54545
7145,28,167,47,1,0.81818
7145,28,167,48,2,-0.63636
7145,28,167,49,2,-0.45455
7145,28,167,50,2,-0.81818
7145,28,167,51,2,-0.36364
7145,28,168,1,1,0.090909
7145,28,168,2,2,0.090909
7145,28,168,3,2,0.45455
7145,28,168,4,1,-0.54545
7145,28,168,5,1,0.18182
7145,28,168,6,2,-0.45455
7145,28,168,7,2,0.090909
7145,28,168,8,2,-0.54545
7145,28,168,9,1,0.27273
7145,28,168,10,1,0.36364
7145,28,168,11,2,-0.45455
7145,28,168,12,1,0.090909
7145,28,168,13,1,0.54545
7145,28,168,14,2,-0.45455
7145,28,168,15,1,0.090909
7145,28,168,16,1,-0.18182
7145,28,168,17,1,0.36364
7145,28,168,18,1,-0.18182
7145,28,168,19,1,0.27273
7145,28,168,20,2,-0.18182
7145,28,168,21,1,0.45455
7145,28,168,22,2,-0.36364
7145,28,168,23,2,-0.54545
7145,28,168,24,1,0.45455
7145,28,168,25,1,0.54545
7145,28,168,26,2,0.090909
7145,28,168,27,1,0.18182
7145,28,168,28,2,-0.36364
7145,28,168,29,1,-0.090909
7145,28,168,30,2,-0.54545
7145,28,168,31,1,0.090909
7145,28,168,32,2,-0.18182
7145,28,168,33,2,-0.54545
7145,28,168,34,1,-0.090909
7145,28,168,35,1,-0.27273
7145,28,168,36,2,-0.45455
7145,28,168,37,1,0.72727
7145,28,168,38,2,-0.45455
7145,28,168,39,2,-0.36364
7145,28,168,40,1,0.090909
7145,28,168,41,2,0.090909
7145,28,168,42,2,-0.54545
7145,28,168,43,1,0.36364
7145,28,168,44,1,0.18182
7145,28,168,45,1,0.63636
7145,28,168,46,2,0.090909
7145,28,168,47,2,-0.54545
7145,28,168,48,1,0.27273
7145,28,168,49,1,0.090909
7145,28,168,50,1,0.090909
7145,28,168,51,2,-0.45455
7145,29,169,1,1,0.090909
7145,29,169,2,1,-0.090909
7145,29,169,3,1,-0.090909
7145,29,169,4,2,0.36364
7145,29,169,5,2,0.27273
7145,29,169,6,1,-0.72727
7145,29,169,7,2,0.18182
7145,29,169,8,2,-0.45455
7145,29,169,9,1,0.090909
7145,29,169,10,2,-0.54545
7145,29,169,11,2,-0.54545
7145,29,169,12,2,0.090909
7145,29,169,13,2,-0.27273
7145,29,169,14,2,0.090909
7145,29,169,15,1,0.27273
7145,29,169,16,1,0.090909
7145,29,169,17,2,0.45455
7145,29,169,18,1,0.090909
7145,29,169,19,2,0.18182
7145,29,169,20,2,-0.45455
7145,29,169,21,2,-0.27273
7145,29,169,22,2,-0.45455
7145,29,169,23,2,-0.27273
7145,29,169,24,2,-0.45455
7145,29,169,25,2,0.36364
7145,29,169,26,1,0.090909
7145,29,169,27,2,-0.090909
7145,29,169,28,2,0.18182
7145,29,169,29,2,-0.45455
7145,29,169,30,2,-0.090909
7145,29,169,31,1,0.18182
7145,29,169,32,1,0.090909
7145,29,169,33,1,0.090909
7145,29,169,34,1,0.090909
7145,29,169,35,2,-0.27273
7145,29,169,36,2,-0.63636
7145,29,169,37,1,0.090909
7145,29,169,38,2,-0.27273
7145,29,169,39,1,0.45455
7145,29,169,40,1,0.36364
7145,29,169,41,2,-0.36364
7145,29,169,42,1,0.36364
7145,29,169,43,1,-0.090909
7145,29,169,44,2,-0.45455
7145,29,169,45,1,0.63636
7145,29,169,46,1,0.18182
7145,29,169,47,1,-0.090909
7145,29,169,48,1,-0.18182
7145,29,169,49,1,0.45455
7145,29,169,50,2,-0.63636
7145,29,169,51,2,-0.36364
7145,29,170,1,1,-0.090909
7145,29,170,2,1,-0.63636
7145,29,170,3,1,-0.090909
7145,29,170,4,1,0.36364
7145,29,170,5,2,0.18182
7145,29,170,6,2,-0.54545
7145,29,170,7,2,0.45455
7145,29,170,8,1,-0.27273
7145,29,170,9,2,-0.36364
7145,29,170,10,1,-0.36364
7145,29,170,11,2,-0.54545
7145,29,170,12,2,0.81818
7145,29,170,13,2,0.45455
7145,29,170,14,1,0.81818
7145,29,170,15,1,0.36364
7145,29,170,16,1,-0.27273
7145,29,170,17,2,0.36364
7145,29,170,18,1,-0.090909
7145,29,170,19,1,-0.090909
7145,29,170,20,2,-0.36364
7145,29,170,21,1,-0.54545
7145,29,170,22,1,0.36364
7145,29,170,23,2,0.72727
7145,29,170,24,2,-0.45455
7145,29,170,25,1,-0.81818
7145,29,170,26,2,-0.090909
7145,29,170,27,1,0.36364
7145,29,170,28,1,0.81818
7145,29,170,29,1,0.45455
7145,29,170,30,1,0.81818
7145,29,170,31,1,0.45455
7145,29,170,32,2,-0.36364
7145,29,170,33,2,-0.36364
7145,29,170,34,1,-0.27273
7145,29,170,35,2,0.36364
7145,29,170,36,2,-0.63636
7145,29,170,37,1,0.45455
7145,29,170,38,1,0.63636
7145,29,170,39,1,0.45455
7145,29,170,40,2,0.18182
7145,29,170,41,2,0.27273
7145,29,170,42,2,-0.36364
7145,29,170,43,2,-0.54545
7145,29,170,44,2,0.18182
7145,29,170,45,1,0.81818
7145,29,170,46,1,0.090909
7145,29,170,47,2,-0.54545
7145,29,170,48,1,0.81818
7145,29,170,49,2,-0.54545
7145,29,170,50,2,-0.63636
7145,29,170,51,1,-0.090909
7145,29,171,1,1,-0.18182
7145,29,171,2,1,-0.18182
7145,29,171,3,1,-0.45455
7145,29,171,4,2,0.27273
7145,29,171,5,2,0.72727
7145,29,171,6,1,-0.36364
7145,29,171,7,2,0.45455
7145,29,171,8,2,0.54545
7145,29,171,9,1,0.72727
7145,29,171,10,1,-0.27273
7145,29,171,11,1,-0.36364
7145,29,171,12,2,0.36364
7145,29,171,13,1,0.36364
7145,29,171,14,2,-0.45455
7145,29,171,15,1,0.27273
7145,29,171,16,2,0.27273
7145,29,171,17,2,-0.36364
7145,29,171,18,1,0.54545
7145,29,171,19,2,-0.27273
7145,29,171,20,2,-0.18182
7145,29,171,21,1,-0.45455
7145,29,171,22,1,0.72727
7145,29,171,23,2,0.36364
7145,29,171,24,2,-0.18182
7145,29,171,25,2,-0.36364
7145,29,171,26,1,0.36364
7145,29,171,27,2,0.63636
7145,29,171,28,2,-0.45455
7145,29,171,29,2,-0.18182
7145,29,171,30,1,0.45455
7145,29,171,31,1,0.27273
7145,29,171,32,2,-0.45455
7145,29,171,33,2,-0.18182
7145,29,171,34,1,0.72727
7145,29,171,35,2,-0.36364
7145,29,171,36,1,0.45455
7145,29,171,37,1,-0.63636
7145,29,171,38,1,0.27273
7145,29,171,39,2,-0.27273
7145,29,171,40,2,0.090909
7145,29,171,41,2,0.54545
7145,29,171,42,1,-0.72727
7145,29,171,43,1,0.27273
7145,29,171,44,1,0.72727
7145,29,171,45,1,0.72727
7145,29,171,46,1,0.36364
7145,29,171,47,1,-0.81818
7145,29,171,48,1,0.18182
7145,29,171,49,2,-0.45455
7145,29,171,50,2,0.36364
7145,29,171,51,2,-0.36364
7145,29,172,1,1,0.18182
7145,29,172,2,2,0.090909
7145,29,172,3,1,-0.18182
7145,29,172,4,1,0.18182
7145,29,172,5,2,-0.27273
7145,29,172,6,1,-0.36364
7145,29,172,7,1,0.45455
7145,29,172,8,1,-0.090909
7145,29,172,9,1,0.36364
7145,29,172,10,2,-0.090909
7145,29,172,11,1,0.54545
7145,29,172,12,1,0.36364
7145,29,172,13,2,-0.18182
7145,29,172,14,2,-0.18182
7145,29,172,15,1,0.45455
7145,29,172,16,2,0.090909
7145,29,172,17,1,0.45455
7145,29,172,18,1,-0.090909
7145,29,172,19,2,-0.090909
7145,29,172,20,2,0.18182
7145,29,172,21,1,-0.090909
7145,29,172,22,2,-0.36364
7145,29,172,23,1,0.18182
7145,29,172,24,1,0.54545
7145,29,172,25,2,-0.45455
7145,29,172,26,1,0.63636
7145,29,172,27,2,0.18182
7145,29,172,28,1,0.36364
7145,29,172,29,1,0.18182
7145,29,172,30,2,-0.18182
7145,29,172,31,1,0.27273
7145,29,172,32,1,0.45455
7145,29,172,33,1,0.45455
7145,29,172,34,2,-0.36364
7145,29,172,35,1,0.54545
7145,29,172,36,2,-0.090909
7145,29,172,37,1,-0.36364
7145,29,172,38,1,0.18182
7145,29,172,39,2,-0.18182
7145,29,172,40,2,-0.18182
7145,29,172,41,2,0.090909
7145,29,172,42,1,0.63636
7145,29,172,43,2,0.090909
7145,29,172,44,1,0.72727
7145,29,172,45,1,-0.090909
7145,29,172,46,1,0.54545
7145,29,172,47,2,0.18182
7145,29,172,48,2,0.090909
7145,29,172,49,2,-0.27273
7145,29,172,50,1,0.18182
7145,29,172,51,2,-0.36364
7145,29,173,1,2,-0.63636
7145,29,173,2,2,0.81818
7145,29,173,3,2,-0.81818
7145,29,173,4,2,-0.18182
7145,29,173,5,1,-0.63636
7145,29,173,6,1,0.81818
7145,29,173,7,2,-0.18182
7145,29,173,8,1,-0.36364
7145,29,173,9,1,-0.27273
7145,29,173,10,2,-0.54545
7145,29,173,11,2,-0.36364
7145,29,173,12,2,0.36364
7145,29,173,13,2,-0.45455
7145,29,173,14,2,-0.81818
7145,29,173,15,2,-0.45455
7145,29,173,16,2,0.63636
7145,29,173,17,2,0.090909
7145,29,173,18,2,-0.63636
7145,29,173,19,2,-0.63636
7145,29,173,20,1,0.27273
7145,29,173,21,2,-0.27273
7145,29,173,22,2,-0.45455
7145,29,173,23,2,0.72727
7145,29,173,24,2,-0.18182
7145,29,173,25,1,0.81818
7145,29,173,26,2,0.36364
7145,29,173,27,1,0.45455
7145,29,173,28,2,-0.81818
7145,29,173,29,2,-0.54545
7145,29,173,30,2,-0.36364
7145,29,173,31,1,0.81818
7145,29,173,32,1,-0.63636
7145,29,173,33,2,-0.45455
7145,29,173,34,2,-0.36364
7145,29,173,35,2,-0.81818
7145,29,173,36,2,-0.81818
7145,29,173,37,2,0.36364
7145,29,173,38,2,-0.45455
7145,29,173,39,2,-0.18182
7145,29,173,40,2,-0.18182
7145,29,173,41,2,-0.36364
7145,29,173,42,1,0.81818
7145,29,173,43,1,0.18182
7145,29,173,44,2,-0.18182
7145,29,173,45,1,-0.27273
7145,29,173,46,2,-0.54545
7145,29,173,47,1,0.81818
7145,29,173,48,2,-0.63636
7145,29,173,49,2,-0.45455
7145,29,173,50,2,-0.81818
7145,29,173,51,2,-0.36364
7145,29,174,1,2,0.090909
7145,29,174,2,2,0.090909
7145,29,174,3,2,0.45455
7145,29,174,4,1,-0.54545
7145,29,174,5,1,0.18182
7145,29,174,6,2,-0.45455
7145,29,174,7,2,0.090909
7145,29,174,8,2,-0.54545
7145,29,174,9,2,0.27273
7145,29,174,10,1,0.36364
7145,29,174,11,2,-0.45455
7145,29,174,12,1,0.090909
7145,29,174,13,2,0.54545
7145,29,174,14,2,-0.45455
7145,29,174,15,1,0.090909
7145,29,174,16,1,-0.18182
7145,29,174,17,1,0.36364
7145,29,174,18,1,-0.18182
7145,29,174,19,1,0.27273
7145,29,174,20,2,-0.18182
7145,29,174,21,1,0.45455
7145,29,174,22,2,-0.36364
7145,29,174,23,2,-0.54545
7145,29,174,24,1,0.45455
7145,29,174,25,1,0.54545
7145,29,174,26,2,0.090909
7145,29,174,27,1,0.18182
7145,29,174,28,2,-0.36364
7145,29,174,29,1,-0.090909
7145,29,174,30,2,-0.54545
7145,29,174,31,1,0.090909
7145,29,174,32,2,-0.18182
7145,29,174,33,2,-0.54545
7145,29,174,34,2,-0.090909
7145,29,174,35,1,-0.27273
7145,29,174,36,2,-0.45455
7145,29,174,37,1,0.72727
7145,29,174,38,2,-0.45455
7145,29,174,39,2,-0.36364
7145,29,174,40,1,0.090909
7145,29,174,41,2,0.090909
7145,29,174,42,2,-0.54545
7145,29,174,43,1,0.36364
7145,29,174,44,1,0.18182
7145,29,174,45,2,0.63636
7145,29,174,46,1,0.090909
7145,29,174,47,2,-0.54545
7145,29,174,48,1,0.27273
7145,29,174,49,2,0.090909
7145,29,174,50,1,0.090909
7145,29,174,51,2,-0.45455
7145,30,175,1,2,0.090909
7145,30,175,2,2,-0.090909
7145,30,175,3,2,-0.090909
7145,30,175,4,2,0.36364
7145,30,175,5,2,0.27273
7145,30,175,6,2,-0.72727
7145,30,175,7,2,0.18182
7145,30,175,8,2,-0.45455
7145,30,175,9,1,0.090909
7145,30,175,10,2,-0.54545
7145,30,175,11,2,-0.54545
7145,30,175,12,2,0.090909
7145,30,175,13,2,-0.27273
7145,30,175,14,2,0.090909
7145,30,175,15,1,0.27273
7145,30,175,16,1,0.090909
7145,30,175,17,1,0.45455
7145,30,175,18,1,0.090909
7145,30,175,19,1,0.18182
7145,30,175,20,2,-0.45455
7145,30,175,21,2,-0.27273
7145,30,175,22,2,-0.45455
7145,30,175,23,2,-0.27273
7145,30,175,24,2,-0.45455
7145,30,175,25,1,0.36364
7145,30,175,26,1,0.090909
7145,30,175,27,1,-0.090909
7145,30,175,28,1,0.18182
7145,30,175,29,2,-0.45455
7145,30,175,30,2,-0.090909
7145,30,175,31,1,0.18182
7145,30,175,32,2,0.090909
7145,30,175,33,1,0.090909
7145,30,175,34,2,0.090909
7145,30,175,35,2,-0.27273
7145,30,175,36,2,-0.63636
7145,30,175,37,1,0.090909
7145,30,175,38,2,-0.27273
7145,30,175,39,1,0.45455
7145,30,175,40,1,0.36364
7145,30,175,41,2,-0.36364
7145,30,175,42,1,0.36364
7145,30,175,43,2,-0.090909
7145,30,175,44,2,-0.45455
7145,30,175,45,1,0.63636
7145,30,175,46,1,0.18182
7145,30,175,47,2,-0.090909
7145,30,175,48,2,-0.18182
7145,30,175,49,1,0.45455
7145,30,175,50,2,-0.63636
7145,30,175,51,2,-0.36364
7145,30,176,1,2,-0.090909
7145,30,176,2,2,-0.63636
7145,30,176,3,2,-0.090909
7145,30,176,4,1,0.36364
7145,30,176,5,2,0.18182
7145,30,176,6,2,-0.54545
7145,30,176,7,1,0.45455
7145,30,176,8,2,-0.27273
7145,30,176,9,2,-0.36364
7145,30,176,10,1,-0.36364
7145,30,176,11,1,-0.54545
7145,30,176,12,2,0.81818
7145,30,176,13,2,0.45455
7145,30,176,14,1,0.81818
7145,30,176,15,2,0.36364
7145,30,176,16,1,-0.27273
7145,30,176,17,1,0.36364
7145,30,176,18,2,-0.090909
7145,30,176,19,1,-0.090909
7145,30,176,20,1,-0.36364
7145,30,176,21,2,-0.54545
7145,30,176,22,2,0.36364
7145,30,176,23,2,0.72727
7145,30,176,24,2,-0.45455
7145,30,176,25,2,-0.81818
7145,30,176,26,2,-0.090909
7145,30,176,27,1,0.36364
7145,30,176,28,1,0.81818
7145,30,176,29,1,0.45455
7145,30,176,30,1,0.81818
7145,30,176,31,1,0.45455
7145,30,176,32,1,-0.36364
7145,30,176,33,2,-0.36364
7145,30,176,34,2,-0.27273
7145,30,176,35,1,0.36364
7145,30,176,36,2,-0.63636
7145,30,176,37,1,0.45455
7145,30,176,38,1,0.63636
7145,30,176,39,1,0.45455
7145,30,176,40,1,0.18182
7145,30,176,41,1,0.27273
7145,30,176,42,2,-0.36364
7145,30,176,43,1,-0.54545
7145,30,176,44,1,0.18182
7145,30,176,45,1,0.81818
7145,30,176,46,2,0.090909
7145,30,176,47,2,-0.54545
7145,30,176,48,1,0.81818
7145,30,176,49,1,-0.54545
7145,30,176,50,2,-0.63636
7145,30,176,51,1,-0.090909
7145,30,177,1,2,-0.18182
7145,30,177,2,2,-0.18182
7145,30,177,3,2,-0.45455
7145,30,177,4,2,0.27273
7145,30,177,5,1,0.72727
7145,30,177,6,1,-0.36364
7145,30,177,7,1,0.45455
7145,30,177,8,2,0.54545
7145,30,177,9,1,0.72727
7145,30,177,10,1,-0.27273
7145,30,177,11,1,-0.36364
7145,30,177,12,2,0.36364
7145,30,177,13,2,0.36364
7145,30,177,14,1,-0.45455
7145,30,177,15,1,0.27273
7145,30,177,16,2,0.27273
7145,30,177,17,2,-0.36364
7145,30,177,18,1,0.54545
7145,30,177,19,2,-0.27273
7145,30,177,20,2,-0.18182
7145,30,177,21,2,-0.45455
7145,30,177,22,1,0.72727
7145,30,177,23,1,0.36364
7145,30,177,24,2,-0.18182
7145,30,177,25,2,-0.36364
7145,30,177,26,1,0.36364
7145,30,177,27,2,0.63636
7145,30,177,28,2,-0.45455
7145,30,177,29,2,-0.18182
7145,30,177,30,2,0.45455
7145,30,177,31,1,0.27273
7145,30,177,32,2,-0.45455
7145,30,177,33,2,-0.18182
7145,30,177,34,1,0.72727
7145,30,177,35,2,-0.36364
7145,30,177,36,1,0.45455
7145,30,177,37,1,-0.63636
7145,30,177,38,1,0.27273
7145,30,177,39,1,-0.27273
7145,30,177,40,1,0.090909
7145,30,177,41,1,0.54545
7145,30,177,42,1,-0.72727
7145,30,177,43,1,0.27273
7145,30,177,44,1,0.72727
7145,30,177,45,1,0.72727
7145,30,177,46,1,0.36364
7145,30,177,47,1,-0.81818
7145,30,177,48,2,0.18182
7145,30,177,49,2,-0.45455
7145,30,177,50,2,0.36364
7145,30,177,51,2,-0.36364
7145,30,178,1,1,0.18182
7145,30,178,2,2,0.090909
7145,30,178,3,2,-0.18182
7145,30,178,4,1,0.18182
7145,30,178,5,2,-0.27273
7145,30,178,6,2,-0.36364
7145,30,178,7,2,0.45455
7145,30,178,8,2,-0.090909
7145,30,178,9,1,0.36364
7145,30,178,10,2,-0.090909
7145,30,178,11,2,0.54545
7145,30,178,12,1,0.36364
7145,30,178,13,1,-0.18182
7145,30,178,14,2,-0.18182
7145,30,178,15,1,0.45455
7145,30,178,16,2,0.090909
7145,30,178,17,1,0.45455
7145,30,178,18,2,-0.090909
7145,30,178,19,2,-0.090909
7145,30,178,20,2,0.18182
7145,30,178,21,1,-0.090909
7145,30,178,22,2,-0.36364
7145,30,178,23,1,0.18182
7145,30,178,24,1,0.54545
7145,30,178,25,2,-0.45455
7145,30,178,26,1,0.63636
7145,30,178,27,2,0.18182
7145,30,178,28,1,0.36364
7145,30,178,29,2,0.18182
7145,30,178,30,2,-0.18182
7145,30,178,31,1,0.27273
7145,30,178,32,1,0.45455
7145,30,178,33,1,0.45455
7145,30,178,34,2,-0.36364
7145,30,178,35,1,0.54545
7145,30,178,36,2,-0.090909
7145,30,178,37,2,-0.36364
7145,30,178,38,1,0.18182
7145,30,178,39,2,-0.18182
7145,30,178,40,1,-0.18182
7145,30,178,41,2,0.090909
7145,30,178,42,1,0.63636
7145,30,178,43,2,0.090909
7145,30,178,44,1,0.72727
7145,30,178,45,1,-0.090909
7145,30,178,46,1,0.54545
7145,30,178,47,1,0.18182
7145,30,178,48,2,0.090909
7145,30,178,49,2,-0.27273
7145,30,178,50,2,0.18182
7145,30,178,51,2,-0.36364
7145,30,179,1,1,-0.63636
7145,30,179,2,2,0.81818
7145,30,179,3,2,-0.81818
7145,30,179,4,2,-0.18182
7145,30,179,5,2,-0.63636
7145,30,179,6,1,0.81818
7145,30,179,7,2,-0.18182
7145,30,179,8,2,-0.36364
7145,30,179,9,1,-0.27273
7145,30,179,10,1,-0.54545
7145,30,179,11,2,-0.36364
7145,30,179,12,2,0.36364
7145,30,179,13,2,-0.45455
7145,30,179,14,2,-0.81818
7145,30,179,15,2,-0.45455
7145,30,179,16,2,0.63636
7145,30,179,17,2,0.090909
7145,30,179,18,2,-0.63636
7145,30,179,19,2,-0.63636
7145,30,179,20,2,0.27273
7145,30,179,21,1,-0.27273
7145,30,179,22,2,-0.45455
7145,30,179,23,2,0.72727
7145,30,179,24,2,-0.18182
7145,30,179,25,2,0.81818
7145,30,179,26,1,0.36364
7145,30,179,27,2,0.45455
7145,30,179,28,2,-0.81818
7145,30,179,29,1,-0.54545
7145,30,179,30,2,-0.36364
7145,30,179,31,1,0.81818
7145,30,179,32,2,-0.63636
7145,30,179,33,2,-0.45455
7145,30,179,34,2,-0.36364
7145,30,179,35,2,-0.81818
7145,30,179,36,2,-0.81818
7145,30,179,37,2,0.36364
7145,30,179,38,2,-0.45455
7145,30,179,39,2,-0.18182
7145,30,179,40,2,-0.18182
7145,30,179,41,2,-0.36364
7145,30,179,42,1,0.81818
7145,30,179,43,2,0.18182
7145,30,179,44,2,-0.18182
7145,30,179,45,1,-0.27273
7145,30,179,46,2,-0.54545
7145,30,179,47,1,0.81818
7145,30,179,48,2,-0.63636
7145,30,179,49,2,-0.45455
7145,30,179,50,2,-0.81818
7145,30,179,51,2,-0.36364
7145,30,180,1,1,0.090909
7145,30,180,2,1,0.090909
7145,30,180,3,1,0.45455
7145,30,180,4,2,-0.54545
7145,30,180,5,1,0.18182
7145,30,180,6,2,-0.45455
7145,30,180,7,1,0.090909
7145,30,180,8,2,-0.54545
7145,30,180,9,1,0.27273
7145,30,180,10,1,0.36364
7145,30,180,11,2,-0.45455
7145,30,180,12,1,0.090909
7145,30,180,13,1,0.54545
7145,30,180,14,2,-0.45455
7145,30,180,15,1,0.090909
7145,30,180,16,1,-0.18182
7145,30,180,17,1,0.36364
7145,30,180,18,1,-0.18182
7145,30,180,19,1,0.27273
7145,30,180,20,2,-0.18182
7145,30,180,21,1,0.45455
7145,30,180,22,2,-0.36364
7145,30,180,23,2,-0.54545
7145,30,180,24,1,0.45455
7145,30,180,25,1,0.54545
7145,30,180,26,2,0.090909
7145,30,180,27,1,0.18182
7145,30,180,28,2,-0.36364
7145,30,180,29,2,-0.090909
7145,30,180,30,2,-0.54545
7145,30,180,31,2,0.090909
7145,30,180,32,2,-0.18182
7145,30,180,33,2,-0.54545
7145,30,180,34,1,-0.090909
7145,30,180,35,1,-0.27273
7145,30,180,36,2,-0.45455
7145,30,180,37,1,0.72727
7145,30,180,38,2,-0.45455
7145,30,180,39,2,-0.36364
7145,30,180,40,1,0.090909
7145,30,180,41,2,0.090909
7145,30,180,42,2,-0.54545
7145,30,180,43,1,0.36364
7145,30,180,44,1,0.18182
7145,30,180,45,1,0.63636
7145,30,180,46,2,0.090909
7145,30,180,47,2,-0.54545
7145,30,180,48,1,0.27273
7145,30,180,49,1,0.090909
7145,30,180,50,2,0.090909
7145,30,180,51,2,-0.45455
7145,31,181,1,1,0.090909
7145,31,181,2,1,-0.090909
7145,31,181,3,2,-0.090909
7145,31,181,4,1,0.36364
7145,31,181,5,2,0.27273
7145,31,181,6,1,-0.72727
7145,31,181,7,1,0.18182
7145,31,181,8,2,-0.45455
7145,31,181,9,2,0.090909
7145,31,181,10,2,-0.54545
7145,31,181,11,2,-0.54545
7145,31,181,12,1,0.090909
7145,31,181,13,2,-0.27273
7145,31,181,14,2,0.090909
7145,31,181,15,2,0.27273
7145,31,181,16,2,0.090909
7145,31,181,17,2,0.45455
7145,31,181,18,1,0.090909
7145,31,181,19,2,0.18182
7145,31,181,20,2,-0.45455
7145,31,181,21,2,-0.27273
7145,31,181,22,2,-0.45455
7145,31,181,23,2,-0.27273
7145,31,181,24,2,-0.45455
7145,31,181,25,1,0.36364
7145,31,181,26,1,0.090909
7145,31,181,27,1,-0.090909
7145,31,181,28,1,0.18182
7145,31,181,29,2,-0.45455
7145,31,181,30,2,-0.090909
7145,31,181,31,1,0.18182
7145,31,181,32,2,0.090909
7145,31,181,33,1,0.090909
7145,31,181,34,1,0.090909
7145,31,181,35,2,-0.27273
7145,31,181,36,2,-0.63636
7145,31,181,37,2,0.090909
7145,31,181,38,2,-0.27273
7145,31,181,39,1,0.45455
7145,31,181,40,1,0.36364
7145,31,181,41,2,-0.36364
7145,31,181,42,1,0.36364
7145,31,181,43,1,-0.090909
7145,31,181,44,2,-0.45455
7145,31,181,45,1,0.63636
7145,31,181,46,1,0.18182
7145,31,181,47,1,-0.090909
7145,31,181,48,2,-0.18182
7145,31,181,49,1,0.45455
7145,31,181,50,2,-0.63636
7145,31,181,51,2,-0.36364
7145,31,182,1,1,-0.090909
7145,31,182,2,2,-0.63636
7145,31,182,3,2,-0.090909
7145,31,182,4,1,0.36364
7145,31,182,5,1,0.18182
7145,31,182,6,1,-0.54545
7145,31,182,7,2,0.45455
7145,31,182,8,1,-0.27273
7145,31,182,9,2,-0.36364
7145,31,182,10,2,-0.36364
7145,31,182,11,2,-0.54545
7145,31,182,12,2,0.81818
7145,31,182,13,2,0.45455
7145,31,182,14,1,0.81818
7145,31,182,15,1,0.36364
7145,31,182,16,1,-0.27273
7145,31,182,17,1,0.36364
7145,31,182,18,1,-0.090909
7145,31,182,19,2,-0.090909
7145,31,182,20,2,-0.36364
7145,31,182,21,2,-0.54545
7145,31,182,22,2,0.36364
7145,31,182,23,2,0.72727
7145,31,182,24,1,-0.45455
7145,31,182,25,1,-0.81818
7145,31,182,26,2,-0.090909
7145,31,182,27,1,0.36364
7145,31,182,28,2,0.81818
7145,31,182,29,1,0.45455
7145,31,182,30,1,0.81818
7145,31,182,31,1,0.45455
7145,31,182,32,1,-0.36364
7145,31,182,33,2,-0.36364
7145,31,182,34,1,-0.27273
7145,31,182,35,1,0.36364
7145,31,182,36,2,-0.63636
7145,31,182,37,1,0.45455
7145,31,182,38,2,0.63636
7145,31,182,39,1,0.45455
7145,31,182,40,1,0.18182
7145,31,182,41,1,0.27273
7145,31,182,42,2,-0.36364
7145,31,182,43,1,-0.54545
7145,31,182,44,1,0.18182
7145,31,182,45,1,0.81818
7145,31,182,46,1,0.090909
7145,31,182,47,2,-0.54545
7145,31,182,48,1,0.81818
7145,31,182,49,2,-0.54545
7145,31,182,50,2,-0.63636
7145,31,182,51,1,-0.090909
7145,31,183,1,1,-0.18182
7145,31,183,2,2,-0.18182
7145,31,183,3,1,-0.45455
7145,31,183,4,2,0.27273
7145,31,183,5,1,0.72727
7145,31,183,6,2,-0.36364
7145,31,183,7,2,0.45455
7145,31,183,8,2,0.54545
7145,31,183,9,1,0.72727
7145,31,183,10,1,-0.27273
7145,31,183,11,2,-0.36364
7145,31,183,12,2,0.36364
7145,31,183,13,1,0.36364
7145,31,183,14,2,-0.45455
7145,31,183,15,1,0.27273
7145,31,183,16,1,0.27273
7145,31,183,17,2,-0.36364
7145,31,183,18,1,0.54545
7145,31,183,19,1,-0.27273
7145,31,183,20,2,-0.18182
7145,31,183,21,2,-0.45455
7145,31,183,22,1,0.72727
7145,31,183,23,2,0.36364
7145,31,183,24,2,-0.18182
7145,31,183,25,2,-0.36364
7145,31,183,26,1,0.36364
7145,31,183,27,2,0.63636
7145,31,183,28,2,-0.45455
7145,31,183,29,1,-0.18182
7145,31,183,30,2,0.45455
7145,31,183,31,1,0.27273
7145,31,183,32,2,-0.45455
7145,31,183,33,1,-0.18182
7145,31,183,34,1,0.72727
7145,31,183,35,2,-0.36364
7145,31,183,36,1,0.45455
7145,31,183,37,1,-0.63636
7145,31,183,38,1,0.27273
7145,31,183,39,1,-0.27273
7145,31,183,40,1,0.090909
7145,31,183,41,1,0.54545
7145,31,183,42,1,-0.72727
7145,31,183,43,1,0.27273
7145,31,183,44,1,0.72727
7145,31,183,45,1,0.72727
7145,31,183,46,1,0.36364
7145,31,183,47,2,-0.81818
7145,31,183,48,2,0.18182
7145,31,183,49,2,-0.45455
7145,31,183,50,1,0.36364
7145,31,183,51,2,-0.36364
7145,31,184,1,2,0.18182
7145,31,184,2,1,0.090909
7145,31,184,3,1,-0.18182
7145,31,184,4,2,0.18182
7145,31,184,5,2,-0.27273
7145,31,184,6,1,-0.36364
7145,31,184,7,1,0.45455
7145,31,184,8,1,-0.090909
7145,31,184,9,1,0.36364
7145,31,184,10,2,-0.090909
7145,31,184,11,2,0.54545
7145,31,184,12,1,0.36364
7145,31,184,13,2,-0.18182
7145,31,184,14,2,-0.18182
7145,31,184,15,1,0.45455
7145,31,184,16,1,0.090909
7145,31,184,17,1,0.45455
7145,31,184,18,1,-0.090909
7145,31,184,19,2,-0.090909
7145,31,184,20,2,0.18182
7145,31,184,21,2,-0.090909
7145,31,184,22,2,-0.36364
7145,31,184,23,1,0.18182
7145,31,184,24,1,0.54545
7145,31,184,25,2,-0.45455
7145,31,184,26,1,0.63636
7145,31,184,27,2,0.18182
7145,31,184,28,1,0.36364
7145,31,184,29,1,0.18182
7145,31,184,30,1,-0.18182
7145,31,184,31,1,0.27273
7145,31,184,32,1,0.45455
7145,31,184,33,1,0.45455
7145,31,184,34,2,-0.36364
7145,31,184,35,1,0.54545
7145,31,184,36,2,-0.090909
7145,31,184,37,2,-0.36364
7145,31,184,38,1,0.18182
7145,31,184,39,2,-0.18182
7145,31,184,40,2,-0.18182
7145,31,184,41,2,0.090909
7145,31,184,42,1,0.63636
7145,31,184,43,1,0.090909
7145,31,184,44,1,0.72727
7145,31,184,45,1,-0.090909
7145,31,184,46,1,0.54545
7145,31,184,47,1,0.18182
7145,31,184,48,2,0.090909
7145,31,184,49,2,-0.27273
7145,31,184,50,1,0.18182
7145,31,184,51,1,-0.36364
7145,31,185,1,2,-0.63636
7145,31,185,2,2,0.81818
7145,31,185,3,1,-0.81818
7145,31,185,4,2,-0.18182
7145,31,185,5,1,-0.63636
7145,31,185,6,1,0.81818
7145,31,185,7,2,-0.18182
7145,31,185,8,2,-0.36364
7145,31,185,9,1,-0.27273
7145,31,185,10,2,-0.54545
7145,31,185,11,2,-0.36364
7145,31,185,12,2,0.36364
7145,31,185,13,2,-0.45455
7145,31,185,14,2,-0.81818
7145,31,185,15,2,-0.45455
7145,31,185,16,2,0.63636
7145,31,185,17,1,0.090909
7145,31,185,18,2,-0.63636
7145,31,185,19,2,-0.63636
7145,31,185,20,2,0.27273
7145,31,185,21,2,-0.27273
7145,31,185,22,2,-0.45455
7145,31,185,23,2,0.72727
7145,31,185,24,2,-0.18182
7145,31,185,25,1,0.81818
7145,31,185,26,2,0.36364
7145,31,185,27,1,0.45455
7145,31,185,28,2,-0.81818
7145,31,185,29,2,-0.54545
7145,31,185,30,2,-0.36364
7145,31,185,31,1,0.81818
7145,31,185,32,2,-0.63636
7145,31,185,33,2,-0.45455
7145,31,185,34,2,-0.36364
7145,31,185,35,2,-0.81818
7145,31,185,36,2,-0.81818
7145,31,185,37,2,0.36364
7145,31,185,38,2,-0.45455
7145,31,185,39,2,-0.18182
7145,31,185,40,2,-0.18182
7145,31,185,41,2,-0.36364
7145,31,185,42,1,0.81818
7145,31,185,43,2,0.18182
7145,31,185,44,2,-0.18182
7145,31,185,45,1,-0.27273
7145,31,185,46,2,-0.54545
7145,31,185,47,1,0.81818
7145,31,185,48,2,-0.63636
7145,31,185,49,2,-0.45455
7145,31,185,50,2,-0.81818
7145,31,185,51,2,-0.36364
7145,31,186,1,1,0.090909
7145,31,186,2,2,0.090909
7145,31,186,3,2,0.45455
7145,31,186,4,1,-0.54545
7145,31,186,5,1,0.18182
7145,31,186,6,2,-0.45455
7145,31,186,7,1,0.090909
7145,31,186,8,2,-0.54545
7145,31,186,9,1,0.27273
7145,31,186,10,1,0.36364
7145,31,186,11,2,-0.45455
7145,31,186,12,1,0.090909
7145,31,186,13,1,0.54545
7145,31,186,14,2,-0.45455
7145,31,186,15,2,0.090909
7145,31,186,16,2,-0.18182
7145,31,186,17,1,0.36364
7145,31,186,18,2,-0.18182
7145,31,186,19,1,0.27273
7145,31,186,20,2,-0.18182
7145,31,186,21,1,0.45455
7145,31,186,22,2,-0.36364
7145,31,186,23,2,-0.54545
7145,31,186,24,1,0.45455
7145,31,186,25,1,0.54545
7145,31,186,26,2,0.090909
7145,31,186,27,1,0.18182
7145,31,186,28,2,-0.36364
7145,31,186,29,1,-0.090909
7145,31,186,30,2,-0.54545
7145,31,186,31,2,0.090909
7145,31,186,32,2,-0.18182
7145,31,186,33,2,-0.54545
7145,31,186,34,2,-0.090909
7145,31,186,35,1,-0.27273
7145,31,186,36,2,-0.45455
7145,31,186,37,1,0.72727
7145,31,186,38,2,-0.45455
7145,31,186,39,2,-0.36364
7145,31,186,40,1,0.090909
7145,31,186,41,2,0.090909
7145,31,186,42,2,-0.54545
7145,31,186,43,1,0.36364
7145,31,186,44,1,0.18182
7145,31,186,45,1,0.63636
7145,31,186,46,2,0.090909
7145,31,186,47,2,-0.54545
7145,31,186,48,1,0.27273
7145,31,186,49,2,0.090909
7145,31,186,50,2,0.090909
7145,31,186,51,2,-0.45455
7145,32,187,1,2,0.090909
7145,32,187,2,2,-0.090909
7145,32,187,3,2,-0.090909
7145,32,187,4,2,0.36364
7145,32,187,5,2,0.27273
7145,32,187,6,2,-0.72727
7145,32,187,7,1,0.18182
7145,32,187,8,1,-0.45455
7145,32,187,9,2,0.090909
7145,32,187,10,2,-0.54545
7145,32,187,11,2,-0.54545
7145,32,187,12,2,0.090909
7145,32,187,13,2,-0.27273
7145,32,187,14,2,0.090909
7145,32,187,15,2,0.27273
7145,32,187,16,1,0.090909
7145,32,187,17,2,0.45455
7145,32,187,18,2,0.090909
7145,32,187,19,2,0.18182
7145,32,187,20,2,-0.45455
7145,32,187,21,2,-0.27273
7145,32,187,22,2,-0.45455
7145,32,187,23,2,-0.27273
7145,32,187,24,2,-0.45455
7145,32,187,25,1,0.36364
7145,32,187,26,2,0.090909
7145,32,187,27,2,-0.090909
7145,32,187,28,1,0.18182
7145,32,187,29,2,-0.45455
7145,32,187,30,1,-0.090909
7145,32,187,31,1,0.18182
7145,32,187,32,1,0.090909
7145,32,187,33,1,0.090909
7145,32,187,34,1,0.090909
7145,32,187,35,2,-0.27273
7145,32,187,36,2,-0.63636
7145,32,187,37,1,0.090909
7145,32,187,38,1,-0.27273
7145,32,187,39,1,0.45455
7145,32,187,40,1,0.36364
7145,32,187,41,2,-0.36364
7145,32,187,42,2,0.36364
7145,32,187,43,2,-0.090909
7145,32,187,44,2,-0.45455
7145,32,187,45,1,0.63636
7145,32,187,46,1,0.18182
7145,32,187,47,1,-0.090909
7145,32,187,48,2,-0.18182
7145,32,187,49,1,0.45455
7145,32,187,50,2,-0.63636
7145,32,187,51,2,-0.36364
7145,32,188,1,2,-0.090909
7145,32,188,2,2,-0.63636
7145,32,188,3,2,-0.090909
7145,32,188,4,1,0.36364
7145,32,188,5,1,0.18182
7145,32,188,6,1,-0.54545
7145,32,188,7,1,0.45455
7145,32,188,8,1,-0.27273
7145,32,188,9,1,-0.36364
7145,32,188,10,1,-0.36364
7145,32,188,11,1,-0.54545
7145,32,188,12,2,0.81818
7145,32,188,13,1,0.45455
7145,32,188,14,1,0.81818
7145,32,188,15,2,0.36364
7145,32,188,16,1,-0.27273
7145,32,188,17,2,0.36364
7145,32,188,18,2,-0.090909
7145,32,188,19,1,-0.090909
7145,32,188,20,1,-0.36364
7145,32,188,21,2,-0.54545
7145,32,188,22,1,0.36364
7145,32,188,23,1,0.72727
7145,32,188,24,1,-0.45455
7145,32,188,25,2,-0.81818
7145,32,188,26,2,-0.090909
7145,32,188,27,1,0.36364
7145,32,188,28,1,0.81818
7145,32,188,29,1,0.45455
7145,32,188,30,1,0.81818
7145,32,188,31,1,0.45455
7145,32,188,32,1,-0.36364
7145,32,188,33,2,-0.36364
7145,32,188,34,1,-0.27273
7145,32,188,35,1,0.36364
7145,32,188,36,2,-0.63636
7145,32,188,37,2,0.45455
7145,32,188,38,1,0.63636
7145,32,188,39,1,0.45455
7145,32,188,40,1,0.18182
7145,32,188,41,1,0.27273
7145,32,188,42,2,-0.36364
7145,32,188,43,1,-0.54545
7145,32,188,44,1,0.18182
7145,32,188,45,1,0.81818
7145,32,188,46,1,0.090909
7145,32,188,47,2,-0.54545
7145,32,188,48,1,0.81818
7145,32,188,49,2,-0.54545
7145,32,188,50,2,-0.63636
7145,32,188,51,1,-0.090909
7145,32,189,1,1,-0.18182
7145,32,189,2,2,-0.18182
7145,32,189,3,2,-0.45455
7145,32,189,4,2,0.27273
7145,32,189,5,2,0.72727
7145,32,189,6,2,-0.36364
7145,32,189,7,2,0.45455
7145,32,189,8,2,0.54545
7145,32,189,9,1,0.72727
7145,32,189,10,1,-0.27273
7145,32,189,11,1,-0.36364
7145,32,189,12,2,0.36364
7145,32,189,13,1,0.36364
7145,32,189,14,2,-0.45455
7145,32,189,15,1,0.27273
7145,32,189,16,2,0.27273
7145,32,189,17,1,-0.36364
7145,32,189,18,2,0.54545
7145,32,189,19,1,-0.27273
7145,32,189,20,2,-0.18182
7145,32,189,21,2,-0.45455
7145,32,189,22,1,0.72727
7145,32,189,23,1,0.36364
7145,32,189,24,2,-0.18182
7145,32,189,25,2,-0.36364
7145,32,189,26,1,0.36364
7145,32,189,27,2,0.63636
7145,32,189,28,1,-0.45455
7145,32,189,29,1,-0.18182
7145,32,189,30,1,0.45455
7145,32,189,31,1,0.27273
7145,32,189,32,2,-0.45455
7145,32,189,33,1,-0.18182
7145,32,189,34,1,0.72727
7145,32,189,35,1,-0.36364
7145,32,189,36,1,0.45455
7145,32,189,37,2,-0.63636
7145,32,189,38,2,0.27273
7145,32,189,39,2,-0.27273
7145,32,189,40,2,0.090909
7145,32,189,41,1,0.54545
7145,32,189,42,1,-0.72727
7145,32,189,43,1,0.27273
7145,32,189,44,1,0.72727
7145,32,189,45,1,0.72727
7145,32,189,46,1,0.36364
7145,32,189,47,2,-0.81818
7145,32,189,48,2,0.18182
7145,32,189,49,1,-0.45455
7145,32,189,50,1,0.36364
7145,32,189,51,2,-0.36364
7145,32,190,1,2,0.18182
7145,32,190,2,2,0.090909
7145,32,190,3,2,-0.18182
7145,32,190,4,1,0.18182
7145,32,190,5,2,-0.27273
7145,32,190,6,1,-0.36364
7145,32,190,7,2,0.45455
7145,32,190,8,1,-0.090909
7145,32,190,9,1,0.36364
7145,32,190,10,2,-0.090909
7145,32,190,11,1,0.54545
7145,32,190,12,2,0.36364
7145,32,190,13,2,-0.18182
7145,32,190,14,2,-0.18182
7145,32,190,15,1,0.45455
7145,32,190,16,2,0.090909
7145,32,190,17,2,0.45455
7145,32,190,18,2,-0.090909
7145,32,190,19,2,-0.090909
7145,32,190,20,2,0.18182
7145,32,190,21,1,-0.090909
7145,32,190,22,1,-0.36364
7145,32,190,23,2,0.18182
7145,32,190,24,1,0.54545
7145,32,190,25,2,-0.45455
7145,32,190,26,1,0.63636
7145,32,190,27,2,0.18182
7145,32,190,28,1,0.36364
7145,32,190,29,1,0.18182
7145,32,190,30,1,-0.18182
7145,32,190,31,1,0.27273
7145,32,190,32,1,0.45455
7145,32,190,33,1,0.45455
7145,32,190,34,1,-0.36364
7145,32,190,35,1,0.54545
7145,32,190,36,2,-0.090909
7145,32,190,37,1,-0.36364
7145,32,190,38,1,0.18182
7145,32,190,39,2,-0.18182
7145,32,190,40,2,-0.18182
7145,32,190,41,1,0.090909
7145,32,190,42,1,0.63636
7145,32,190,43,2,0.090909
7145,32,190,44,1,0.72727
7145,32,190,45,2,-0.090909
7145,32,190,46,1,0.54545
7145,32,190,47,1,0.18182
7145,32,190,48,1,0.090909
7145,32,190,49,2,-0.27273
7145,32,190,50,1,0.18182
7145,32,190,51,2,-0.36364
7145,32,191,1,1,-0.63636
7145,32,191,2,2,0.81818
7145,32,191,3,1,-0.81818
7145,32,191,4,2,-0.18182
7145,32,191,5,2,-0.63636
7145,32,191,6,1,0.81818
7145,32,191,7,2,-0.18182
7145,32,191,8,2,-0.36364
7145,32,191,9,2,-0.27273
7145,32,191,10,2,-0.54545
7145,32,191,11,2,-0.36364
7145,32,191,12,2,0.36364
7145,32,191,13,2,-0.45455
7145,32,191,14,2,-0.81818
7145,32,191,15,2,-0.45455
7145,32,191,16,2,0.63636
7145,32,191,17,2,0.090909
7145,32,191,18,2,-0.63636
7145,32,191,19,2,-0.63636
7145,32,191,20,2,0.27273
7145,32,191,21,2,-0.27273
7145,32,191,22,2,-0.45455
7145,32,191,23,2,0.72727
7145,32,191,24,2,-0.18182
7145,32,191,25,2,0.81818
7145,32,191,26,2,0.36364
7145,32,191,27,2,0.45455
7145,32,191,28,2,-0.81818
7145,32,191,29,2,-0.54545
7145,32,191,30,2,-0.36364
7145,32,191,31,1,0.81818
7145,32,191,32,1,-0.63636
7145,32,191,33,2,-0.45455
7145,32,191,34,2,-0.36364
7145,32,191,35,2,-0.81818
7145,32,191,36,2,-0.81818
7145,32,191,37,2,0.36364
7145,32,191,38,2,-0.45455
7145,32,191,39,2,-0.18182
7145,32,191,40,2,-0.18182
7145,32,191,41,2,-0.36364
7145,32,191,42,1,0.81818
7145,32,191,43,2,0.18182
7145,32,191,44,2,-0.18182
7145,32,191,45,1,-0.27273
7145,32,191,46,2,-0.54545
7145,32,191,47,1,0.81818
7145,32,191,48,2,-0.63636
7145,32,191,49,2,-0.45455
7145,32,191,50,2,-0.81818
7145,32,191,51,2,-0.36364
7145,32,192,1,2,0.090909
7145,32,192,2,2,0.090909
7145,32,192,3,2,0.45455
7145,32,192,4,1,-0.54545
7145,32,192,5,1,0.18182
7145,32,192,6,2,-0.45455
7145,32,192,7,1,0.090909
7145,32,192,8,2,-0.54545
7145,32,192,9,1,0.27273
7145,32,192,10,1,0.36364
7145,32,192,11,2,-0.45455
7145,32,192,12,2,0.090909
7145,32,192,13,1,0.54545
7145,32,192,14,2,-0.45455
7145,32,192,15,1,0.090909
7145,32,192,16,2,-0.18182
7145,32,192,17,1,0.36364
7145,32,192,18,2,-0.18182
7145,32,192,19,1,0.27273
7145,32,192,20,1,-0.18182
7145,32,192,21,1,0.45455
7145,32,192,22,2,-0.36364
7145,32,192,23,2,-0.54545
7145,32,192,24,1,0.45455
7145,32,192,25,1,0.54545
7145,32,192,26,2,0.090909
7145,32,192,27,1,0.18182
7145,32,192,28,2,-0.36364
7145,32,192,29,2,-0.090909
7145,32,192,30,2,-0.54545
7145,32,192,31,2,0.090909
7145,32,192,32,2,-0.18182
7145,32,192,33,2,-0.54545
7145,32,192,34,2,-0.090909
7145,32,192,35,2,-0.27273
7145,32,192,36,2,-0.45455
7145,32,192,37,1,0.72727
7145,32,192,38,2,-0.45455
7145,32,192,39,2,-0.36364
7145,32,192,40,1,0.090909
7145,32,192,41,2,0.090909
7145,32,192,42,2,-0.54545
7145,32,192,43,1,0.36364
7145,32,192,44,1,0.18182
7145,32,192,45,1,0.63636
7145,32,192,46,2,0.090909
7145,32,192,47,2,-0.54545
7145,32,192,48,1,0.27273
7145,32,192,49,2,0.090909
7145,32,192,50,1,0.090909
7145,32,192,51,2,-0.45455
7145,33,193,1,1,0.090909
7145,33,193,2,1,-0.090909
7145,33,193,3,1,-0.090909
7145,33,193,4,2,0.36364
7145,33,193,5,1,0.27273
7145,33,193,6,2,-0.72727
7145,33,193,7,1,0.18182
7145,33,193,8,2,-0.45455
7145,33,193,9,1,0.090909
7145,33,193,10,2,-0.54545
7145,33,193,11,2,-0.54545
7145,33,193,12,1,0.090909
7145,33,193,13,2,-0.27273
7145,33,193,14,1,0.090909
7145,33,193,15,2,0.27273
7145,33,193,16,1,0.090909
7145,33,193,17,2,0.45455
7145,33,193,18,2,0.090909
7145,33,193,19,2,0.18182
7145,33,193,20,2,-0.45455
7145,33,193,21,2,-0.27273
7145,33,193,22,2,-0.45455
7145,33,193,23,2,-0.27273
7145,33,193,24,2,-0.45455
7145,33,193,25,1,0.36364
7145,33,193,26,1,0.090909
7145,33,193,27,1,-0.090909
7145,33,193,28,1,0.18182
7145,33,193,29,2,-0.45455
7145,33,193,30,2,-0.090909
7145,33,193,31,1,0.18182
7145,33,193,32,2,0.090909
7145,33,193,33,1,0.090909
7145,33,193,34,1,0.090909
7145,33,193,35,2,-0.27273
7145,33,193,36,2,-0.63636
7145,33,193,37,1,0.090909
7145,33,193,38,2,-0.27273
7145,33,193,39,1,0.45455
7145,33,193,40,1,0.36364
7145,33,193,41,2,-0.36364
7145,33,193,42,1,0.36364
7145,33,193,43,1,-0.090909
7145,33,193,44,2,-0.45455
7145,33,193,45,1,0.63636
7145,33,193,46,1,0.18182
7145,33,193,47,1,-0.090909
7145,33,193,48,2,-0.18182
7145,33,193,49,1,0.45455
7145,33,193,50,2,-0.63636
7145,33,193,51,2,-0.36364
7145,33,194,1,1,-0.090909
7145,33,194,2,2,-0.63636
7145,33,194,3,1,-0.090909
7145,33,194,4,2,0.36364
7145,33,194,5,2,0.18182
7145,33,194,6,2,-0.54545
7145,33,194,7,2,0.45455
7145,33,194,8,1,-0.27273
7145,33,194,9,2,-0.36364
7145,33,194,10,2,-0.36364
7145,33,194,11,2,-0.54545
7145,33,194,12,2,0.81818
7145,33,194,13,2,0.45455
7145,33,194,14,1,0.81818
7145,33,194,15,1,0.36364
7145,33,194,16,1,-0.27273
7145,33,194,17,1,0.36364
7145,33,194,18,2,-0.090909
7145,33,194,19,1,-0.090909
7145,33,194,20,2,-0.36364
7145,33,194,21,1,-0.54545
7145,33,194,22,1,0.36364
7145,33,194,23,2,0.72727
7145,33,194,24,2,-0.45455
7145,33,194,25,1,-0.81818
7145,33,194,26,1,-0.090909
7145,33,194,27,2,0.36364
7145,33,194,28,1,0.81818
7145,33,194,29,1,0.45455
7145,33,194,30,1,0.81818
7145,33,194,31,1,0.45455
7145,33,194,32,2,-0.36364
7145,33,194,33,2,-0.36364
7145,33,194,34,2,-0.27273
7145,33,194,35,1,0.36364
7145,33,194,36,2,-0.63636
7145,33,194,37,1,0.45455
7145,33,194,38,1,0.63636
7145,33,194,39,1,0.45455
7145,33,194,40,1,0.18182
7145,33,194,41,1,0.27273
7145,33,194,42,2,-0.36364
7145,33,194,43,1,-0.54545
7145,33,194,44,2,0.18182
7145,33,194,45,1,0.81818
7145,33,194,46,2,0.090909
7145,33,194,47,2,-0.54545
7145,33,194,48,1,0.81818
7145,33,194,49,2,-0.54545
7145,33,194,50,2,-0.63636
7145,33,194,51,1,-0.090909
7145,33,195,1,2,-0.18182
7145,33,195,2,2,-0.18182
7145,33,195,3,1,-0.45455
7145,33,195,4,2,0.27273
7145,33,195,5,1,0.72727
7145,33,195,6,1,-0.36364
7145,33,195,7,2,0.45455
7145,33,195,8,2,0.54545
7145,33,195,9,1,0.72727
7145,33,195,10,1,-0.27273
7145,33,195,11,1,-0.36364
7145,33,195,12,2,0.36364
7145,33,195,13,1,0.36364
7145,33,195,14,2,-0.45455
7145,33,195,15,1,0.27273
7145,33,195,16,1,0.27273
7145,33,195,17,2,-0.36364
7145,33,195,18,2,0.54545
7145,33,195,19,1,-0.27273
7145,33,195,20,2,-0.18182
7145,33,195,21,2,-0.45455
7145,33,195,22,1,0.72727
7145,33,195,23,1,0.36364
7145,33,195,24,1,-0.18182
7145,33,195,25,2,-0.36364
7145,33,195,26,1,0.36364
7145,33,195,27,2,0.63636
7145,33,195,28,2,-0.45455
7145,33,195,29,2,-0.18182
7145,33,195,30,1,0.45455
7145,33,195,31,1,0.27273
7145,33,195,32,2,-0.45455
7145,33,195,33,2,-0.18182
7145,33,195,34,1,0.72727
7145,33,195,35,2,-0.36364
7145,33,195,36,1,0.45455
7145,33,195,37,1,-0.63636
7145,33,195,38,1,0.27273
7145,33,195,39,2,-0.27273
7145,33,195,40,1,0.090909
7145,33,195,41,2,0.54545
7145,33,195,42,2,-0.72727
7145,33,195,43,1,0.27273
7145,33,195,44,1,0.72727
7145,33,195,45,1,0.72727
7145,33,195,46,1,0.36364
7145,33,195,47,1,-0.81818
7145,33,195,48,2,0.18182
7145,33,195,49,2,-0.45455
7145,33,195,50,1,0.36364
7145,33,195,51,2,-0.36364
7145,33,196,1,1,0.18182
7145,33,196,2,1,0.090909
7145,33,196,3,2,-0.18182
7145,33,196,4,1,0.18182
7145,33,196,5,2,-0.27273
7145,33,196,6,2,-0.36364
7145,33,196,7,2,0.45455
7145,33,196,8,1,-0.090909
7145,33,196,9,1,0.36364
7145,33,196,10,1,-0.090909
7145,33,196,11,1,0.54545
7145,33,196,12,1,0.36364
7145,33,196,13,2,-0.18182
7145,33,196,14,2,-0.18182
7145,33,196,15,1,0.45455
7145,33,196,16,2,0.090909
7145,33,196,17,1,0.45455
7145,33,196,18,2,-0.090909
7145,33,196,19,2,-0.090909
7145,33,196,20,2,0.18182
7145,33,196,21,2,-0.090909
7145,33,196,22,2,-0.36364
7145,33,196,23,2,0.18182
7145,33,196,24,1,0.54545
7145,33,196,25,2,-0.45455
7145,33,196,26,1,0.63636
7145,33,196,27,2,0.18182
7145,33,196,28,1,0.36364
7145,33,196,29,1,0.18182
7145,33,196,30,2,-0.18182
7145,33,196,31,1,0.27273
7145,33,196,32,1,0.45455
7145,33,196,33,1,0.45455
7145,33,196,34,1,-0.36364
7145,33,196,35,1,0.54545
7145,33,196,36,2,-0.090909
7145,33,196,37,2,-0.36364
7145,33,196,38,1,0.18182
7145,33,196,39,2,-0.18182
7145,33,196,40,2,-0.18182
7145,33,196,41,1,0.090909
7145,33,196,42,1,0.63636
7145,33,196,43,1,0.090909
7145,33,196,44,1,0.72727
7145,33,196,45,1,-0.090909
7145,33,196,46,1,0.54545
7145,33,196,47,2,0.18182
7145,33,196,48,1,0.090909
7145,33,196,49,2,-0.27273
7145,33,196,50,1,0.18182
7145,33,196,51,2,-0.36364
7145,33,197,1,1,-0.63636
7145,33,197,2,2,0.81818
7145,33,197,3,1,-0.81818
7145,33,197,4,2,-0.18182
7145,33,197,5,2,-0.63636
7145,33,197,6,2,0.81818
7145,33,197,7,1,-0.18182
7145,33,197,8,2,-0.36364
7145,33,197,9,1,-0.27273
7145,33,197,10,1,-0.54545
7145,33,197,11,2,-0.36364
7145,33,197,12,1,0.36364
7145,33,197,13,2,-0.45455
7145,33,197,14,2,-0.81818
7145,33,197,15,2,-0.45455
7145,33,197,16,2,0.63636
7145,33,197,17,2,0.090909
7145,33,197,18,2,-0.63636
7145,33,197,19,2,-0.63636
7145,33,197,20,1,0.27273
7145,33,197,21,2,-0.27273
7145,33,197,22,2,-0.45455
7145,33,197,23,1,0.72727
7145,33,197,24,1,-0.18182
7145,33,197,25,2,0.81818
7145,33,197,26,2,0.36364
7145,33,197,27,2,0.45455
7145,33,197,28,2,-0.81818
7145,33,197,29,2,-0.54545
7145,33,197,30,2,-0.36364
7145,33,197,31,1,0.81818
7145,33,197,32,1,-0.63636
7145,33,197,33,2,-0.45455
7145,33,197,34,2,-0.36364
7145,33,197,35,2,-0.81818
7145,33,197,36,2,-0.81818
7145,33,197,37,2,0.36364
7145,33,197,38,2,-0.45455
7145,33,197,39,2,-0.18182
7145,33,197,40,2,-0.18182
7145,33,197,41,2,-0.36364
7145,33,197,42,1,0.81818
7145,33,197,43,2,0.18182
7145,33,197,44,2,-0.18182
7145,33,197,45,2,-0.27273
7145,33,197,46,2,-0.54545
7145,33,197,47,1,0.81818
7145,33,197,48,1,-0.63636
7145,33,197,49,2,-0.45455
7145,33,197,50,2,-0.81818
7145,33,197,51,2,-0.36364
7145,33,198,1,2,0.090909
7145,33,198,2,2,0.090909
7145,33,198,3,2,0.45455
7145,33,198,4,2,-0.54545
7145,33,198,5,1,0.18182
7145,33,198,6,2,-0.45455
7145,33,198,7,1,0.090909
7145,33,198,8,2,-0.54545
7145,33,198,9,1,0.27273
7145,33,198,10,1,0.36364
7145,33,198,11,2,-0.45455
7145,33,198,12,2,0.090909
7145,33,198,13,1,0.54545
7145,33,198,14,2,-0.45455
7145,33,198,15,2,0.090909
7145,33,198,16,1,-0.18182
7145,33,198,17,1,0.36364
7145,33,198,18,1,-0.18182
7145,33,198,19,1,0.27273
7145,33,198,20,1,-0.18182
7145,33,198,21,1,0.45455
7145,33,198,22,2,-0.36364
7145,33,198,23,2,-0.54545
7145,33,198,24,1,0.45455
7145,33,198,25,1,0.54545
7145,33,198,26,2,0.090909
7145,33,198,27,1,0.18182
7145,33,198,28,2,-0.36364
7145,33,198,29,2,-0.090909
7145,33,198,30,2,-0.54545
7145,33,198,31,2,0.090909
7145,33,198,32,2,-0.18182
7145,33,198,33,2,-0.54545
7145,33,198,34,1,-0.090909
7145,33,198,35,2,-0.27273
7145,33,198,36,2,-0.45455
7145,33,198,37,1,0.72727
7145,33,198,38,2,-0.45455
7145,33,198,39,2,-0.36364
7145,33,198,40,1,0.090909
7145,33,198,41,2,0.090909
7145,33,198,42,2,-0.54545
7145,33,198,43,1,0.36364
7145,33,198,44,1,0.18182
7145,33,198,45,1,0.63636
7145,33,198,46,2,0.090909
7145,33,198,47,2,-0.54545
7145,33,198,48,1,0.27273
7145,33,198,49,1,0.090909
7145,33,198,50,2,0.090909
7145,33,198,51,2,-0.45455
7145,34,199,1,2,0.090909
7145,34,199,2,1,-0.090909
7145,34,199,3,1,-0.090909
7145,34,199,4,1,0.36364
7145,34,199,5,2,0.27273
7145,34,199,6,1,-0.72727
7145,34,199,7,2,0.18182
7145,34,199,8,2,-0.45455
7145,34,199,9,1,0.090909
7145,34,199,10,2,-0.54545
7145,34,199,11,2,-0.54545
7145,34,199,12,2,0.090909
7145,34,199,13,2,-0.27273
7145,34,199,14,1,0.090909
7145,34,199,15,2,0.27273
7145,34,199,16,1,0.090909
7145,34,199,17,1,0.45455
7145,34,199,18,1,0.090909
7145,34,199,19,1,0.18182
7145,34,199,20,2,-0.45455
7145,34,199,21,2,-0.27273
7145,34,199,22,2,-0.45455
7145,34,199,23,2,-0.27273
7145,34,199,24,2,-0.45455
7145,34,199,25,1,0.36364
7145,34,199,26,1,0.090909
7145,34,199,27,1,-0.090909
7145,34,199,28,1,0.18182
7145,34,199,29,2,-0.45455
7145,34,199,30,2,-0.090909
7145,34,199,31,1,0.18182
7145,34,199,32,2,0.090909
7145,34,199,33,1,0.090909
7145,34,199,34,1,0.090909
7145,34,199,35,2,-0.27273
7145,34,199,36,1,-0.63636
7145,34,199,37,1,0.090909
7145,34,199,38,1,-0.27273
7145,34,199,39,1,0.45455
7145,34,199,40,1,0.36364
7145,34,199,41,2,-0.36364
7145,34,199,42,1,0.36364
7145,34,199,43,2,-0.090909
7145,34,199,44,2,-0.45455
7145,34,199,45,1,0.63636
7145,34,199,46,1,0.18182
7145,34,199,47,1,-0.090909
7145,34,199,48,2,-0.18182
7145,34,199,49,1,0.45455
7145,34,199,50,2,-0.63636
7145,34,199,51,2,-0.36364
7145,34,200,1,1,-0.090909
7145,34,200,2,1,-0.63636
7145,34,200,3,1,-0.090909
7145,34,200,4,1,0.36364
7145,34,200,5,1,0.18182
7145,34,200,6,1,-0.54545
7145,34,200,7,2,0.45455
7145,34,200,8,2,-0.27273
7145,34,200,9,2,-0.36364
7145,34,200,10,2,-0.36364
7145,34,200,11,2,-0.54545
7145,34,200,12,2,0.81818
7145,34,200,13,2,0.45455
7145,34,200,14,1,0.81818
7145,34,200,15,2,0.36364
7145,34,200,16,1,-0.27273
7145,34,200,17,1,0.36364
7145,34,200,18,2,-0.090909
7145,34,200,19,2,-0.090909
7145,34,200,20,2,-0.36364
7145,34,200,21,2,-0.54545
7145,34,200,22,1,0.36364
7145,34,200,23,2,0.72727
7145,34,200,24,1,-0.45455
7145,34,200,25,1,-0.81818
7145,34,200,26,2,-0.090909
7145,34,200,27,1,0.36364
7145,34,200,28,1,0.81818
7145,34,200,29,1,0.45455
7145,34,200,30,1,0.81818
7145,34,200,31,1,0.45455
7145,34,200,32,1,-0.36364
7145,34,200,33,1,-0.36364
7145,34,200,34,1,-0.27273
7145,34,200,35,1,0.36364
7145,34,200,36,1,-0.63636
7145,34,200,37,1,0.45455
7145,34,200,38,2,0.63636
7145,34,200,39,1,0.45455
7145,34,200,40,1,0.18182
7145,34,200,41,1,0.27273
7145,34,200,42,1,-0.36364
7145,34,200,43,2,-0.54545
7145,34,200,44,2,0.18182
7145,34,200,45,1,0.81818
7145,34,200,46,1,0.090909
7145,34,200,47,2,-0.54545
7145,34,200,48,1,0.81818
7145,34,200,49,2,-0.54545
7145,34,200,50,2,-0.63636
7145,34,200,51,1,-0.090909
7145,34,201,1,1,-0.18182
7145,34,201,2,2,-0.18182
7145,34,201,3,2,-0.45455
7145,34,201,4,2,0.27273
7145,34,201,5,2,0.72727
7145,34,201,6,2,-0.36364
7145,34,201,7,2,0.45455
7145,34,201,8,2,0.54545
7145,34,201,9,1,0.72727
7145,34,201,10,1,-0.27273
7145,34,201,11,2,-0.36364
7145,34,201,12,1,0.36364
7145,34,201,13,1,0.36364
7145,34,201,14,1,-0.45455
7145,34,201,15,1,0.27273
7145,34,201,16,2,0.27273
7145,34,201,17,2,-0.36364
7145,34,201,18,1,0.54545
7145,34,201,19,2,-0.27273
7145,34,201,20,2,-0.18182
7145,34,201,21,2,-0.45455
7145,34,201,22,1,0.72727
7145,34,201,23,2,0.36364
7145,34,201,24,1,-0.18182
7145,34,201,25,2,-0.36364
7145,34,201,26,1,0.36364
7145,34,201,27,2,0.63636
7145,34,201,28,2,-0.45455
7145,34,201,29,2,-0.18182
7145,34,201,30,1,0.45455
7145,34,201,31,1,0.27273
7145,34,201,32,2,-0.45455
7145,34,201,33,2,-0.18182
7145,34,201,34,1,0.72727
7145,34,201,35,2,-0.36364
7145,34,201,36,1,0.45455
7145,34,201,37,1,-0.63636
7145,34,201,38,1,0.27273
7145,34,201,39,2,-0.27273
7145,34,201,40,1,0.090909
7145,34,201,41,2,0.54545
7145,34,201,42,2,-0.72727
7145,34,201,43,1,0.27273
7145,34,201,44,1,0.72727
7145,34,201,45,1,0.72727
7145,34,201,46,1,0.36364
7145,34,201,47,1,-0.81818
7145,34,201,48,2,0.18182
7145,34,201,49,2,-0.45455
7145,34,201,50,1,0.36364
7145,34,201,51,2,-0.36364
7145,34,202,1,2,0.18182
7145,34,202,2,2,0.090909
7145,34,202,3,1,-0.18182
7145,34,202,4,1,0.18182
7145,34,202,5,2,-0.27273
7145,34,202,6,1,-0.36364
7145,34,202,7,1,0.45455
7145,34,202,8,1,-0.090909
7145,34,202,9,1,0.36364
7145,34,202,10,1,-0.090909
7145,34,202,11,2,0.54545
7145,34,202,12,1,0.36364
7145,34,202,13,2,-0.18182
7145,34,202,14,2,-0.18182
7145,34,202,15,1,0.45455
7145,34,202,16,2,0.090909
7145,34,202,17,1,0.45455
7145,34,202,18,1,-0.090909
7145,34,202,19,2,-0.090909
7145,34,202,20,2,0.18182
7145,34,202,21,1,-0.090909
7145,34,202,22,2,-0.36364
7145,34,202,23,1,0.18182
7145,34,202,24,1,0.54545
7145,34,202,25,2,-0.45455
7145,34,202,26,1,0.63636
7145,34,202,27,2,0.18182
7145,34,202,28,1,0.36364
7145,34,202,29,1,0.18182
7145,34,202,30,2,-0.18182
7145,34,202,31,1,0.27273
7145,34,202,32,1,0.45455
7145,34,202,33,1,0.45455
7145,34,202,34,2,-0.36364
7145,34,202,35,1,0.54545
7145,34,202,36,2,-0.090909
7145,34,202,37,2,-0.36364
7145,34,202,38,1,0.18182
7145,34,202,39,2,-0.18182
7145,34,202,40,2,-0.18182
7145,34,202,41,2,0.090909
7145,34,202,42,1,0.63636
7145,34,202,43,1,0.090909
7145,34,202,44,1,0.72727
7145,34,202,45,1,-0.090909
7145,34,202,46,1,0.54545
7145,34,202,47,1,0.18182
7145,34,202,48,2,0.090909
7145,34,202,49,2,-0.27273
7145,34,202,50,2,0.18182
7145,34,202,51,2,-0.36364
7145,34,203,1,2,-0.63636
7145,34,203,2,2,0.81818
7145,34,203,3,1,-0.81818
7145,34,203,4,1,-0.18182
7145,34,203,5,2,-0.63636
7145,34,203,6,1,0.81818
7145,34,203,7,2,-0.18182
7145,34,203,8,2,-0.36364
7145,34,203,9,1,-0.27273
7145,34,203,10,2,-0.54545
7145,34,203,11,2,-0.36364
7145,34,203,12,2,0.36364
7145,34,203,13,2,-0.45455
7145,34,203,14,1,-0.81818
7145,34,203,15,2,-0.45455
7145,34,203,16,2,0.63636
7145,34,203,17,1,0.090909
7145,34,203,18,2,-0.63636
7145,34,203,19,2,-0.63636
7145,34,203,20,2,0.27273
7145,34,203,21,2,-0.27273
7145,34,203,22,2,-0.45455
7145,34,203,23,2,0.72727
7145,34,203,24,2,-0.18182
7145,34,203,25,1,0.81818
7145,34,203,26,2,0.36364
7145,34,203,27,1,0.45455
7145,34,203,28,2,-0.81818
7145,34,203,29,2,-0.54545
7145,34,203,30,2,-0.36364
7145,34,203,31,1,0.81818
7145,34,203,32,2,-0.63636
7145,34,203,33,2,-0.45455
7145,34,203,34,2,-0.36364
7145,34,203,35,2,-0.81818
7145,34,203,36,2,-0.81818
7145,34,203,37,2,0.36364
7145,34,203,38,2,-0.45455
7145,34,203,39,2,-0.18182
7145,34,203,40,2,-0.18182
7145,34,203,41,2,-0.36364
7145,34,203,42,1,0.81818
7145,34,203,43,2,0.18182
7145,34,203,44,2,-0.18182
7145,34,203,45,1,-0.27273
7145,34,203,46,2,-0.54545
7145,34,203,47,1,0.81818
7145,34,203,48,2,-0.63636
7145,34,203,49,2,-0.45455
7145,34,203,50,2,-0.81818
7145,34,203,51,2,-0.36364
7145,34,204,1,1,0.090909
7145,34,204,2,2,0.090909
7145,34,204,3,1,0.45455
7145,34,204,4,2,-0.54545
7145,34,204,5,2,0.18182
7145,34,204,6,2,-0.45455
7145,34,204,7,2,0.090909
7145,34,204,8,2,-0.54545
7145,34,204,9,2,0.27273
7145,34,204,10,1,0.36364
7145,34,204,11,2,-0.45455
7145,34,204,12,1,0.090909
7145,34,204,13,1,0.54545
7145,34,204,14,2,-0.45455
7145,34,204,15,2,0.090909
7145,34,204,16,1,-0.18182
7145,34,204,17,1,0.36364
7145,34,204,18,2,-0.18182
7145,34,204,19,1,0.27273
7145,34,204,20,1,-0.18182
7145,34,204,21,1,0.45455
7145,34,204,22,2,-0.36364
7145,34,204,23,2,-0.54545
7145,34,204,24,1,0.45455
7145,34,204,25,1,0.54545
7145,34,204,26,1,0.090909
7145,34,204,27,1,0.18182
7145,34,204,28,2,-0.36364
7145,34,204,29,2,-0.090909
7145,34,204,30,2,-0.54545
7145,34,204,31,1,0.090909
7145,34,204,32,2,-0.18182
7145,34,204,33,2,-0.54545
7145,34,204,34,2,-0.090909
7145,34,204,35,2,-0.27273
7145,34,204,36,2,-0.45455
7145,34,204,37,1,0.72727
7145,34,204,38,2,-0.45455
7145,34,204,39,2,-0.36364
7145,34,204,40,1,0.090909
7145,34,204,41,1,0.090909
7145,34,204,42,2,-0.54545
7145,34,204,43,1,0.36364
7145,34,204,44,1,0.18182
7145,34,204,45,1,0.63636
7145,34,204,46,2,0.090909
7145,34,204,47,2,-0.54545
7145,34,204,48,1,0.27273
7145,34,204,49,2,0.090909
7145,34,204,50,1,0.090909
7145,34,204,51,2,-0.45455
7145,35,205,1,2,0.090909
7145,35,205,2,1,-0.090909
7145,35,205,3,2,-0.090909
7145,35,205,4,2,0.36364
7145,35,205,5,1,0.27273
7145,35,205,6,1,-0.72727
7145,35,205,7,1,0.18182
7145,35,205,8,2,-0.45455
7145,35,205,9,1,0.090909
7145,35,205,10,2,-0.54545
7145,35,205,11,2,-0.54545
7145,35,205,12,2,0.090909
7145,35,205,13,2,-0.27273
7145,35,205,14,1,0.090909
7145,35,205,15,1,0.27273
7145,35,205,16,1,0.090909
7145,35,205,17,1,0.45455
7145,35,205,18,1,0.090909
7145,35,205,19,1,0.18182
7145,35,205,20,2,-0.45455
7145,35,205,21,2,-0.27273
7145,35,205,22,2,-0.45455
7145,35,205,23,2,-0.27273
7145,35,205,24,2,-0.45455
7145,35,205,25,1,0.36364
7145,35,205,26,2,0.090909
7145,35,205,27,1,-0.090909
7145,35,205,28,1,0.18182
7145,35,205,29,1,-0.45455
7145,35,205,30,2,-0.090909
7145,35,205,31,1,0.18182
7145,35,205,32,2,0.090909
7145,35,205,33,1,0.090909
7145,35,205,34,1,0.090909
7145,35,205,35,2,-0.27273
7145,35,205,36,2,-0.63636
7145,35,205,37,2,0.090909
7145,35,205,38,2,-0.27273
7145,35,205,39,1,0.45455
7145,35,205,40,1,0.36364
7145,35,205,41,2,-0.36364
7145,35,205,42,1,0.36364
7145,35,205,43,1,-0.090909
7145,35,205,44,2,-0.45455
7145,35,205,45,1,0.63636
7145,35,205,46,1,0.18182
7145,35,205,47,1,-0.090909
7145,35,205,48,1,-0.18182
7145,35,205,49,1,0.45455
7145,35,205,50,2,-0.63636
7145,35,205,51,2,-0.36364
7145,35,206,1,1,-0.090909
7145,35,206,2,1,-0.63636
7145,35,206,3,2,-0.090909
7145,35,206,4,1,0.36364
7145,35,206,5,1,0.18182
7145,35,206,6,1,-0.54545
7145,35,206,7,1,0.45455
7145,35,206,8,1,-0.27273
7145,35,206,9,2,-0.36364
7145,35,206,10,2,-0.36364
7145,35,206,11,2,-0.54545
7145,35,206,12,1,0.81818
7145,35,206,13,1,0.45455
7145,35,206,14,1,0.81818
7145,35,206,15,2,0.36364
7145,35,206,16,1,-0.27273
7145,35,206,17,2,0.36364
7145,35,206,18,2,-0.090909
7145,35,206,19,1,-0.090909
7145,35,206,20,1,-0.36364
7145,35,206,21,2,-0.54545
7145,35,206,22,2,0.36364
7145,35,206,23,2,0.72727
7145,35,206,24,1,-0.45455
7145,35,206,25,2,-0.81818
7145,35,206,26,2,-0.090909
7145,35,206,27,1,0.36364
7145,35,206,28,1,0.81818
7145,35,206,29,2,0.45455
7145,35,206,30,1,0.81818
7145,35,206,31,1,0.45455
7145,35,206,32,1,-0.36364
7145,35,206,33,2,-0.36364
7145,35,206,34,1,-0.27273
7145,35,206,35,1,0.36364
7145,35,206,36,2,-0.63636
7145,35,206,37,2,0.45455
7145,35,206,38,2,0.63636
7145,35,206,39,1,0.45455
7145,35,206,40,1,0.18182
7145,35,206,41,2,0.27273
7145,35,206,42,2,-0.36364
7145,35,206,43,1,-0.54545
7145,35,206,44,1,0.18182
7145,35,206,45,1,0.81818
7145,35,206,46,2,0.090909
7145,35,206,47,2,-0.54545
7145,35,206,48,1,0.81818
7145,35,206,49,2,-0.54545
7145,35,206,50,2,-0.63636
7145,35,206,51,1,-0.090909
7145,35,207,1,2,-0.18182
7145,35,207,2,2,-0.18182
7145,35,207,3,2,-0.45455
7145,35,207,4,2,0.27273
7145,35,207,5,1,0.72727
7145,35,207,6,2,-0.36364
7145,35,207,7,1,0.45455
7145,35,207,8,2,0.54545
7145,35,207,9,1,0.72727
7145,35,207,10,1,-0.27273
7145,35,207,11,2,-0.36364
7145,35,207,12,2,0.36364
7145,35,207,13,2,0.36364
7145,35,207,14,1,-0.45455
7145,35,207,15,1,0.27273
7145,35,207,16,1,0.27273
7145,35,207,17,2,-0.36364
7145,35,207,18,1,0.54545
7145,35,207,19,1,-0.27273
7145,35,207,20,2,-0.18182
7145,35,207,21,1,-0.45455
7145,35,207,22,1,0.72727
7145,35,207,23,1,0.36364
7145,35,207,24,2,-0.18182
7145,35,207,25,2,-0.36364
7145,35,207,26,1,0.36364
7145,35,207,27,2,0.63636
7145,35,207,28,1,-0.45455
7145,35,207,29,2,-0.18182
7145,35,207,30,1,0.45455
7145,35,207,31,1,0.27273
7145,35,207,32,2,-0.45455
7145,35,207,33,1,-0.18182
7145,35,207,34,1,0.72727
7145,35,207,35,2,-0.36364
7145,35,207,36,2,0.45455
7145,35,207,37,1,-0.63636
7145,35,207,38,1,0.27273
7145,35,207,39,2,-0.27273
7145,35,207,40,2,0.090909
7145,35,207,41,2,0.54545
7145,35,207,42,2,-0.72727
7145,35,207,43,1,0.27273
7145,35,207,44,1,0.72727
7145,35,207,45,1,0.72727
7145,35,207,46,1,0.36364
7145,35,207,47,1,-0.81818
7145,35,207,48,2,0.18182
7145,35,207,49,2,-0.45455
7145,35,207,50,2,0.36364
7145,35,207,51,2,-0.36364
7145,35,208,1,2,0.18182
7145,35,208,2,2,0.090909
7145,35,208,3,2,-0.18182
7145,35,208,4,1,0.18182
7145,35,208,5,2,-0.27273
7145,35,208,6,2,-0.36364
7145,35,208,7,1,0.45455
7145,35,208,8,1,-0.090909
7145,35,208,9,2,0.36364
7145,35,208,10,2,-0.090909
7145,35,208,11,1,0.54545
7145,35,208,12,1,0.36364
7145,35,208,13,2,-0.18182
7145,35,208,14,2,-0.18182
7145,35,208,15,1,0.45455
7145,35,208,16,2,0.090909
7145,35,208,17,1,0.45455
7145,35,208,18,1,-0.090909
7145,35,208,19,2,-0.090909
7145,35,208,20,2,0.18182
7145,35,208,21,1,-0.090909
7145,35,208,22,1,-0.36364
7145,35,208,23,2,0.18182
7145,35,208,24,1,0.54545
7145,35,208,25,1,-0.45455
7145,35,208,26,1,0.63636
7145,35,208,27,2,0.18182
7145,35,208,28,1,0.36364
7145,35,208,29,1,0.18182
7145,35,208,30,1,-0.18182
7145,35,208,31,1,0.27273
7145,35,208,32,1,0.45455
7145,35,208,33,1,0.45455
7145,35,208,34,2,-0.36364
7145,35,208,35,1,0.54545
7145,35,208,36,2,-0.090909
7145,35,208,37,1,-0.36364
7145,35,208,38,1,0.18182
7145,35,208,39,2,-0.18182
7145,35,208,40,2,-0.18182
7145,35,208,41,1,0.090909
7145,35,208,42,1,0.63636
7145,35,208,43,1,0.090909
7145,35,208,44,1,0.72727
7145,35,208,45,1,-0.090909
7145,35,208,46,1,0.54545
7145,35,208,47,2,0.18182
7145,35,208,48,1,0.090909
7145,35,208,49,2,-0.27273
7145,35,208,50,1,0.18182
7145,35,208,51,2,-0.36364
7145,35,209,1,2,-0.63636
7145,35,209,2,2,0.81818
7145,35,209,3,1,-0.81818
7145,35,209,4,1,-0.18182
7145,35,209,5,2,-0.63636
7145,35,209,6,1,0.81818
7145,35,209,7,2,-0.18182
7145,35,209,8,2,-0.36364
7145,35,209,9,1,-0.27273
7145,35,209,10,2,-0.54545
7145,35,209,11,2,-0.36364
7145,35,209,12,2,0.36364
7145,35,209,13,1,-0.45455
7145,35,209,14,2,-0.81818
7145,35,209,15,2,-0.45455
7145,35,209,16,2,0.63636
7145,35,209,17,1,0.090909
7145,35,209,18,1,-0.63636
7145,35,209,19,2,-0.63636
7145,35,209,20,1,0.27273
7145,35,209,21,2,-0.27273
7145,35,209,22,2,-0.45455
7145,35,209,23,2,0.72727
7145,35,209,24,1,-0.18182
7145,35,209,25,2,0.81818
7145,35,209,26,1,0.36364
7145,35,209,27,1,0.45455
7145,35,209,28,2,-0.81818
7145,35,209,29,1,-0.54545
7145,35,209,30,1,-0.36364
7145,35,209,31,1,0.81818
7145,35,209,32,1,-0.63636
7145,35,209,33,2,-0.45455
7145,35,209,34,2,-0.36364
7145,35,209,35,2,-0.81818
7145,35,209,36,2,-0.81818
7145,35,209,37,2,0.36364
7145,35,209,38,2,-0.45455
7145,35,209,39,2,-0.18182
7145,35,209,40,2,-0.18182
7145,35,209,41,2,-0.36364
7145,35,209,42,1,0.81818
7145,35,209,43,2,0.18182
7145,35,209,44,2,-0.18182
7145,35,209,45,2,-0.27273
7145,35,209,46,2,-0.54545
7145,35,209,47,1,0.81818
7145,35,209,48,2,-0.63636
7145,35,209,49,2,-0.45455
7145,35,209,50,2,-0.81818
7145,35,209,51,2,-0.36364
7145,35,210,1,2,0.090909
7145,35,210,2,2,0.090909
7145,35,210,3,1,0.45455
7145,35,210,4,1,-0.54545
7145,35,210,5,1,0.18182
7145,35,210,6,2,-0.45455
7145,35,210,7,1,0.090909
7145,35,210,8,2,-0.54545
7145,35,210,9,2,0.27273
7145,35,210,10,1,0.36364
7145,35,210,11,2,-0.45455
7145,35,210,12,2,0.090909
7145,35,210,13,1,0.54545
7145,35,210,14,2,-0.45455
7145,35,210,15,1,0.090909
7145,35,210,16,1,-0.18182
7145,35,210,17,1,0.36364
7145,35,210,18,2,-0.18182
7145,35,210,19,1,0.27273
7145,35,210,20,2,-0.18182
7145,35,210,21,1,0.45455
7145,35,210,22,2,-0.36364
7145,35,210,23,2,-0.54545
7145,35,210,24,1,0.45455
7145,35,210,25,1,0.54545
7145,35,210,26,2,0.090909
7145,35,210,27,1,0.18182
7145,35,210,28,2,-0.36364
7145,35,210,29,2,-0.090909
7145,35,210,30,2,-0.54545
7145,35,210,31,1,0.090909
7145,35,210,32,2,-0.18182
7145,35,210,33,2,-0.54545
7145,35,210,34,2,-0.090909
7145,35,210,35,2,-0.27273
7145,35,210,36,2,-0.45455
7145,35,210,37,1,0.72727
7145,35,210,38,2,-0.45455
7145,35,210,39,2,-0.36364
7145,35,210,40,1,0.090909
7145,35,210,41,2,0.090909
7145,35,210,42,2,-0.54545
7145,35,210,43,1,0.36364
7145,35,210,44,1,0.18182
7145,35,210,45,1,0.63636
7145,35,210,46,2,0.090909
7145,35,210,47,2,-0.54545
7145,35,210,48,1,0.27273
7145,35,210,49,1,0.090909
7145,35,210,50,2,0.090909
7145,35,210,51,2,-0.45455
7145,36,211,1,2,0.090909
7145,36,211,2,1,-0.090909
7145,36,211,3,1,-0.090909
7145,36,211,4,2,0.36364
7145,36,211,5,2,0.27273
7145,36,211,6,1,-0.72727
7145,36,211,7,1,0.18182
7145,36,211,8,2,-0.45455
7145,36,211,9,1,0.090909
7145,36,211,10,2,-0.54545
7145,36,211,11,2,-0.54545
7145,36,211,12,1,0.090909
7145,36,211,13,2,-0.27273
7145,36,211,14,1,0.090909
7145,36,211,15,2,0.27273
7145,36,211,16,1,0.090909
7145,36,211,17,2,0.45455
7145,36,211,18,1,0.090909
7145,36,211,19,1,0.18182
7145,36,211,20,2,-0.45455
7145,36,211,21,2,-0.27273
7145,36,211,22,2,-0.45455
7145,36,211,23,2,-0.27273
7145,36,211,24,2,-0.45455
7145,36,211,25,2,0.36364
7145,36,211,26,1,0.090909
7145,36,211,27,2,-0.090909
7145,36,211,28,1,0.18182
7145,36,211,29,2,-0.45455
7145,36,211,30,1,-0.090909
7145,36,211,31,1,0.18182
7145,36,211,32,2,0.090909
7145,36,211,33,1,0.090909
7145,36,211,34,1,0.090909
7145,36,211,35,2,-0.27273
7145,36,211,36,2,-0.63636
7145,36,211,37,2,0.090909
7145,36,211,38,1,-0.27273
7145,36,211,39,1,0.45455
7145,36,211,40,1,0.36364
7145,36,211,41,2,-0.36364
7145,36,211,42,1,0.36364
7145,36,211,43,1,-0.090909
7145,36,211,44,2,-0.45455
7145,36,211,45,1,0.63636
7145,36,211,46,1,0.18182
7145,36,211,47,2,-0.090909
7145,36,211,48,2,-0.18182
7145,36,211,49,1,0.45455
7145,36,211,50,2,-0.63636
7145,36,211,51,2,-0.36364
7145,36,212,1,2,-0.090909
7145,36,212,2,2,-0.63636
7145,36,212,3,2,-0.090909
7145,36,212,4,2,0.36364
7145,36,212,5,1,0.18182
7145,36,212,6,2,-0.54545
7145,36,212,7,2,0.45455
7145,36,212,8,1,-0.27273
7145,36,212,9,2,-0.36364
7145,36,212,10,2,-0.36364
7145,36,212,11,2,-0.54545
7145,36,212,12,2,0.81818
7145,36,212,13,1,0.45455
7145,36,212,14,1,0.81818
7145,36,212,15,2,0.36364
7145,36,212,16,2,-0.27273
7145,36,212,17,1,0.36364
7145,36,212,18,1,-0.090909
7145,36,212,19,1,-0.090909
7145,36,212,20,2,-0.36364
7145,36,212,21,1,-0.54545
7145,36,212,22,1,0.36364
7145,36,212,23,2,0.72727
7145,36,212,24,1,-0.45455
7145,36,212,25,2,-0.81818
7145,36,212,26,2,-0.090909
7145,36,212,27,1,0.36364
7145,36,212,28,2,0.81818
7145,36,212,29,1,0.45455
7145,36,212,30,1,0.81818
7145,36,212,31,1,0.45455
7145,36,212,32,2,-0.36364
7145,36,212,33,2,-0.36364
7145,36,212,34,2,-0.27273
7145,36,212,35,1,0.36364
7145,36,212,36,2,-0.63636
7145,36,212,37,1,0.45455
7145,36,212,38,2,0.63636
7145,36,212,39,1,0.45455
7145,36,212,40,2,0.18182
7145,36,212,41,1,0.27273
7145,36,212,42,2,-0.36364
7145,36,212,43,1,-0.54545
7145,36,212,44,1,0.18182
7145,36,212,45,1,0.81818
7145,36,212,46,2,0.090909
7145,36,212,47,2,-0.54545
7145,36,212,48,1,0.81818
7145,36,212,49,2,-0.54545
7145,36,212,50,2,-0.63636
7145,36,212,51,1,-0.090909
7145,36,213,1,2,-0.18182
7145,36,213,2,1,-0.18182
7145,36,213,3,2,-0.45455
7145,36,213,4,2,0.27273
7145,36,213,5,2,0.72727
7145,36,213,6,2,-0.36364
7145,36,213,7,2,0.45455
7145,36,213,8,1,0.54545
7145,36,213,9,1,0.72727
7145,36,213,10,1,-0.27273
7145,36,213,11,2,-0.36364
7145,36,213,12,1,0.36364
7145,36,213,13,1,0.36364
7145,36,213,14,1,-0.45455
7145,36,213,15,1,0.27273
7145,36,213,16,1,0.27273
7145,36,213,17,2,-0.36364
7145,36,213,18,1,0.54545
7145,36,213,19,1,-0.27273
7145,36,213,20,2,-0.18182
7145,36,213,21,2,-0.45455
7145,36,213,22,1,0.72727
7145,36,213,23,1,0.36364
7145,36,213,24,2,-0.18182
7145,36,213,25,2,-0.36364
7145,36,213,26,1,0.36364
7145,36,213,27,2,0.63636
7145,36,213,28,1,-0.45455
7145,36,213,29,1,-0.18182
7145,36,213,30,1,0.45455
7145,36,213,31,1,0.27273
7145,36,213,32,2,-0.45455
7145,36,213,33,2,-0.18182
7145,36,213,34,1,0.72727
7145,36,213,35,2,-0.36364
7145,36,213,36,1,0.45455
7145,36,213,37,1,-0.63636
7145,36,213,38,1,0.27273
7145,36,213,39,2,-0.27273
7145,36,213,40,2,0.090909
7145,36,213,41,1,0.54545
7145,36,213,42,1,-0.72727
7145,36,213,43,1,0.27273
7145,36,213,44,1,0.72727
7145,36,213,45,1,0.72727
7145,36,213,46,1,0.36364
7145,36,213,47,2,-0.81818
7145,36,213,48,2,0.18182
7145,36,213,49,2,-0.45455
7145,36,213,50,1,0.36364
7145,36,213,51,2,-0.36364
7145,36,214,1,2,0.18182
7145,36,214,2,2,0.090909
7145,36,214,3,2,-0.18182
7145,36,214,4,1,0.18182
7145,36,214,5,2,-0.27273
7145,36,214,6,1,-0.36364
7145,36,214,7,1,0.45455
7145,36,214,8,1,-0.090909
7145,36,214,9,2,0.36364
7145,36,214,10,1,-0.090909
7145,36,214,11,2,0.54545
7145,36,214,12,1,0.36364
7145,36,214,13,1,-0.18182
7145,36,214,14,2,-0.18182
7145,36,214,15,1,0.45455
7145,36,214,16,1,0.090909
7145,36,214,17,1,0.45455
7145,36,214,18,2,-0.090909
7145,36,214,19,2,-0.090909
7145,36,214,20,2,0.18182
7145,36,214,21,1,-0.090909
7145,36,214,22,2,-0.36364
7145,36,214,23,2,0.18182
7145,36,214,24,1,0.54545
7145,36,214,25,1,-0.45455
7145,36,214,26,1,0.63636
7145,36,214,27,2,0.18182
7145,36,214,28,1,0.36364
7145,36,214,29,1,0.18182
7145,36,214,30,2,-0.18182
7145,36,214,31,1,0.27273
7145,36,214,32,1,0.45455
7145,36,214,33,1,0.45455
7145,36,214,34,2,-0.36364
7145,36,214,35,1,0.54545
7145,36,214,36,2,-0.090909
7145,36,214,37,2,-0.36364
7145,36,214,38,1,0.18182
7145,36,214,39,2,-0.18182
7145,36,214,40,2,-0.18182
7145,36,214,41,2,0.090909
7145,36,214,42,1,0.63636
7145,36,214,43,1,0.090909
7145,36,214,44,1,0.72727
7145,36,214,45,2,-0.090909
7145,36,214,46,1,0.54545
7145,36,214,47,1,0.18182
7145,36,214,48,1,0.090909
7145,36,214,49,2,-0.27273
7145,36,214,50,1,0.18182
7145,36,214,51,2,-0.36364
7145,36,215,1,2,-0.63636
7145,36,215,2,1,0.81818
7145,36,215,3,1,-0.81818
7145,36,215,4,2,-0.18182
7145,36,215,5,2,-0.63636
7145,36,215,6,1,0.81818
7145,36,215,7,1,-0.18182
7145,36,215,8,1,-0.36364
7145,36,215,9,1,-0.27273
7145,36,215,10,2,-0.54545
7145,36,215,11,2,-0.36364
7145,36,215,12,1,0.36364
7145,36,215,13,2,-0.45455
7145,36,215,14,2,-0.81818
7145,36,215,15,2,-0.45455
7145,36,215,16,2,0.63636
7145,36,215,17,1,0.090909
7145,36,215,18,2,-0.63636
7145,36,215,19,2,-0.63636
7145,36,215,20,2,0.27273
7145,36,215,21,2,-0.27273
7145,36,215,22,2,-0.45455
7145,36,215,23,2,0.72727
7145,36,215,24,2,-0.18182
7145,36,215,25,2,0.81818
7145,36,215,26,2,0.36364
7145,36,215,27,2,0.45455
7145,36,215,28,2,-0.81818
7145,36,215,29,2,-0.54545
7145,36,215,30,2,-0.36364
7145,36,215,31,1,0.81818
7145,36,215,32,2,-0.63636
7145,36,215,33,2,-0.45455
7145,36,215,34,2,-0.36364
7145,36,215,35,2,-0.81818
7145,36,215,36,2,-0.81818
7145,36,215,37,2,0.36364
7145,36,215,38,2,-0.45455
7145,36,215,39,2,-0.18182
7145,36,215,40,2,-0.18182
7145,36,215,41,2,-0.36364
7145,36,215,42,1,0.81818
7145,36,215,43,2,0.18182
7145,36,215,44,2,-0.18182
7145,36,215,45,1,-0.27273
7145,36,215,46,2,-0.54545
7145,36,215,47,1,0.81818
7145,36,215,48,2,-0.63636
7145,36,215,49,2,-0.45455
7145,36,215,50,2,-0.81818
7145,36,215,51,2,-0.36364
7145,36,216,1,2,0.090909
7145,36,216,2,2,0.090909
7145,36,216,3,1,0.45455
7145,36,216,4,2,-0.54545
7145,36,216,5,2,0.18182
7145,36,216,6,2,-0.45455
7145,36,216,7,1,0.090909
7145,36,216,8,2,-0.54545
7145,36,216,9,1,0.27273
7145,36,216,10,2,0.36364
7145,36,216,11,2,-0.45455
7145,36,216,12,1,0.090909
7145,36,216,13,1,0.54545
7145,36,216,14,1,-0.45455
7145,36,216,15,2,0.090909
7145,36,216,16,2,-0.18182
7145,36,216,17,1,0.36364
7145,36,216,18,2,-0.18182
7145,36,216,19,1,0.27273
7145,36,216,20,2,-0.18182
7145,36,216,21,1,0.45455
7145,36,216,22,2,-0.36364
7145,36,216,23,2,-0.54545
7145,36,216,24,1,0.45455
7145,36,216,25,1,0.54545
7145,36,216,26,2,0.090909
7145,36,216,27,1,0.18182
7145,36,216,28,2,-0.36364
7145,36,216,29,1,-0.090909
7145,36,216,30,2,-0.54545
7145,36,216,31,1,0.090909
7145,36,216,32,2,-0.18182
7145,36,216,33,2,-0.54545
7145,36,216,34,2,-0.090909
7145,36,216,35,2,-0.27273
7145,36,216,36,2,-0.45455
7145,36,216,37,1,0.72727
7145,36,216,38,2,-0.45455
7145,36,216,39,2,-0.36364
7145,36,216,40,1,0.090909
7145,36,216,41,2,0.090909
7145,36,216,42,2,-0.54545
7145,36,216,43,1,0.36364
7145,36,216,44,1,0.18182
7145,36,216,45,1,0.63636
7145,36,216,46,2,0.090909
7145,36,216,47,2,-0.54545
7145,36,216,48,1,0.27273
7145,36,216,49,2,0.090909
7145,36,216,50,1,0.090909
7145,36,216,51,2,-0.45455
7145,37,217,1,2,0.090909
7145,37,217,2,2,-0.090909
7145,37,217,3,2,-0.090909
7145,37,217,4,1,0.36364
7145,37,217,5,1,0.27273
7145,37,217,6,2,-0.72727
7145,37,217,7,2,0.18182
7145,37,217,8,2,-0.45455
7145,37,217,9,1,0.090909
7145,37,217,10,2,-0.54545
7145,37,217,11,2,-0.54545
7145,37,217,12,2,0.090909
7145,37,217,13,2,-0.27273
7145,37,217,14,1,0.090909
7145,37,217,15,1,0.27273
7145,37,217,16,1,0.090909
7145,37,217,17,1,0.45455
7145,37,217,18,1,0.090909
7145,37,217,19,1,0.18182
7145,37,217,20,2,-0.45455
7145,37,217,21,2,-0.27273
7145,37,217,22,2,-0.45455
7145,37,217,23,2,-0.27273
7145,37,217,24,2,-0.45455
7145,37,217,25,1,0.36364
7145,37,217,26,2,0.090909
7145,37,217,27,1,-0.090909
7145,37,217,28,1,0.18182
7145,37,217,29,2,-0.45455
7145,37,217,30,2,-0.090909
7145,37,217,31,1,0.18182
7145,37,217,32,2,0.090909
7145,37,217,33,1,0.090909
7145,37,217,34,1,0.090909
7145,37,217,35,2,-0.27273
7145,37,217,36,2,-0.63636
7145,37,217,37,2,0.090909
7145,37,217,38,2,-0.27273
7145,37,217,39,1,0.45455
7145,37,217,40,1,0.36364
7145,37,217,41,2,-0.36364
7145,37,217,42,1,0.36364
7145,37,217,43,1,-0.090909
7145,37,217,44,2,-0.45455
7145,37,217,45,1,0.63636
7145,37,217,46,1,0.18182
7145,37,217,47,2,-0.090909
7145,37,217,48,2,-0.18182
7145,37,217,49,1,0.45455
7145,37,217,50,2,-0.63636
7145,37,217,51,2,-0.36364
7145,37,218,1,1,-0.090909
7145,37,218,2,1,-0.63636
7145,37,218,3,2,-0.090909
7145,37,218,4,2,0.36364
7145,37,218,5,1,0.18182
7145,37,218,6,1,-0.54545
7145,37,218,7,2,0.45455
7145,37,218,8,1,-0.27273
7145,37,218,9,2,-0.36364
7145,37,218,10,2,-0.36364
7145,37,218,11,1,-0.54545
7145,37,218,12,2,0.81818
7145,37,218,13,1,0.45455
7145,37,218,14,1,0.81818
7145,37,218,15,1,0.36364
7145,37,218,16,1,-0.27273
7145,37,218,17,1,0.36364
7145,37,218,18,1,-0.090909
7145,37,218,19,2,-0.090909
7145,37,218,20,1,-0.36364
7145,37,218,21,2,-0.54545
7145,37,218,22,1,0.36364
7145,37,218,23,2,0.72727
7145,37,218,24,2,-0.45455
7145,37,218,25,2,-0.81818
7145,37,218,26,2,-0.090909
7145,37,218,27,1,0.36364
7145,37,218,28,1,0.81818
7145,37,218,29,1,0.45455
7145,37,218,30,1,0.81818
7145,37,218,31,1,0.45455
7145,37,218,32,1,-0.36364
7145,37,218,33,1,-0.36364
7145,37,218,34,2,-0.27273
7145,37,218,35,1,0.36364
7145,37,218,36,2,-0.63636
7145,37,218,37,1,0.45455
7145,37,218,38,1,0.63636
7145,37,218,39,1,0.45455
7145,37,218,40,2,0.18182
7145,37,218,41,1,0.27273
7145,37,218,42,2,-0.36364
7145,37,218,43,2,-0.54545
7145,37,218,44,1,0.18182
7145,37,218,45,1,0.81818
7145,37,218,46,1,0.090909
7145,37,218,47,2,-0.54545
7145,37,218,48,1,0.81818
7145,37,218,49,2,-0.54545
7145,37,218,50,2,-0.63636
7145,37,218,51,1,-0.090909
7145,37,219,1,2,-0.18182
7145,37,219,2,2,-0.18182
7145,37,219,3,1,-0.45455
7145,37,219,4,1,0.27273
7145,37,219,5,1,0.72727
7145,37,219,6,1,-0.36364
7145,37,219,7,2,0.45455
7145,37,219,8,2,0.54545
7145,37,219,9,1,0.72727
7145,37,219,10,1,-0.27273
7145,37,219,11,2,-0.36364
7145,37,219,12,2,0.36364
7145,37,219,13,1,0.36364
7145,37,219,14,1,-0.45455
7145,37,219,15,1,0.27273
7145,37,219,16,1,0.27273
7145,37,219,17,2,-0.36364
7145,37,219,18,2,0.54545
7145,37,219,19,1,-0.27273
7145,37,219,20,2,-0.18182
7145,37,219,21,2,-0.45455
7145,37,219,22,1,0.72727
7145,37,219,23,2,0.36364
7145,37,219,24,2,-0.18182
7145,37,219,25,2,-0.36364
7145,37,219,26,1,0.36364
7145,37,219,27,2,0.63636
7145,37,219,28,2,-0.45455
7145,37,219,29,2,-0.18182
7145,37,219,30,1,0.45455
7145,37,219,31,1,0.27273
7145,37,219,32,2,-0.45455
7145,37,219,33,2,-0.18182
7145,37,219,34,1,0.72727
7145,37,219,35,2,-0.36364
7145,37,219,36,1,0.45455
7145,37,219,37,1,-0.63636
7145,37,219,38,1,0.27273
7145,37,219,39,2,-0.27273
7145,37,219,40,1,0.090909
7145,37,219,41,1,0.54545
7145,37,219,42,1,-0.72727
7145,37,219,43,1,0.27273
7145,37,219,44,1,0.72727
7145,37,219,45,1,0.72727
7145,37,219,46,1,0.36364
7145,37,219,47,1,-0.81818
7145,37,219,48,1,0.18182
7145,37,219,49,2,-0.45455
7145,37,219,50,1,0.36364
7145,37,219,51,1,-0.36364
7145,37,220,1,2,0.18182
7145,37,220,2,1,0.090909
7145,37,220,3,2,-0.18182
7145,37,220,4,1,0.18182
7145,37,220,5,1,-0.27273
7145,37,220,6,2,-0.36364
7145,37,220,7,1,0.45455
7145,37,220,8,1,-0.090909
7145,37,220,9,1,0.36364
7145,37,220,10,1,-0.090909
7145,37,220,11,2,0.54545
7145,37,220,12,1,0.36364
7145,37,220,13,1,-0.18182
7145,37,220,14,2,-0.18182
7145,37,220,15,1,0.45455
7145,37,220,16,2,0.090909
7145,37,220,17,1,0.45455
7145,37,220,18,1,-0.090909
7145,37,220,19,2,-0.090909
7145,37,220,20,2,0.18182
7145,37,220,21,2,-0.090909
7145,37,220,22,2,-0.36364
7145,37,220,23,1,0.18182
7145,37,220,24,1,0.54545
7145,37,220,25,2,-0.45455
7145,37,220,26,1,0.63636
7145,37,220,27,2,0.18182
7145,37,220,28,1,0.36364
7145,37,220,29,1,0.18182
7145,37,220,30,1,-0.18182
7145,37,220,31,1,0.27273
7145,37,220,32,1,0.45455
7145,37,220,33,1,0.45455
7145,37,220,34,2,-0.36364
7145,37,220,35,1,0.54545
7145,37,220,36,2,-0.090909
7145,37,220,37,2,-0.36364
7145,37,220,38,1,0.18182
7145,37,220,39,2,-0.18182
7145,37,220,40,2,-0.18182
7145,37,220,41,2,0.090909
7145,37,220,42,1,0.63636
7145,37,220,43,1,0.090909
7145,37,220,44,1,0.72727
7145,37,220,45,1,-0.090909
7145,37,220,46,1,0.54545
7145,37,220,47,2,0.18182
7145,37,220,48,1,0.090909
7145,37,220,49,2,-0.27273
7145,37,220,50,1,0.18182
7145,37,220,51,2,-0.36364
7145,37,221,1,1,-0.63636
7145,37,221,2,2,0.81818
7145,37,221,3,1,-0.81818
7145,37,221,4,1,-0.18182
7145,37,221,5,2,-0.63636
7145,37,221,6,1,0.81818
7145,37,221,7,2,-0.18182
7145,37,221,8,2,-0.36364
7145,37,221,9,1,-0.27273
7145,37,221,10,2,-0.54545
7145,37,221,11,2,-0.36364
7145,37,221,12,2,0.36364
7145,37,221,13,2,-0.45455
7145,37,221,14,2,-0.81818
7145,37,221,15,2,-0.45455
7145,37,221,16,2,0.63636
7145,37,221,17,1,0.090909
7145,37,221,18,2,-0.63636
7145,37,221,19,2,-0.63636
7145,37,221,20,2,0.27273
7145,37,221,21,2,-0.27273
7145,37,221,22,2,-0.45455
7145,37,221,23,2,0.72727
7145,37,221,24,2,-0.18182
7145,37,221,25,1,0.81818
7145,37,221,26,1,0.36364
7145,37,221,27,1,0.45455
7145,37,221,28,2,-0.81818
7145,37,221,29,2,-0.54545
7145,37,221,30,2,-0.36364
7145,37,221,31,1,0.81818
7145,37,221,32,2,-0.63636
7145,37,221,33,2,-0.45455
7145,37,221,34,1,-0.36364
7145,37,221,35,2,-0.81818
7145,37,221,36,2,-0.81818
7145,37,221,37,2,0.36364
7145,37,221,38,2,-0.45455
7145,37,221,39,2,-0.18182
7145,37,221,40,2,-0.18182
7145,37,221,41,2,-0.36364
7145,37,221,42,1,0.81818
7145,37,221,43,2,0.18182
7145,37,221,44,2,-0.18182
7145,37,221,45,2,-0.27273
7145,37,221,46,2,-0.54545
7145,37,221,47,1,0.81818
7145,37,221,48,2,-0.63636
7145,37,221,49,2,-0.45455
7145,37,221,50,2,-0.81818
7145,37,221,51,2,-0.36364
7145,37,222,1,2,0.090909
7145,37,222,2,1,0.090909
7145,37,222,3,1,0.45455
7145,37,222,4,1,-0.54545
7145,37,222,5,2,0.18182
7145,37,222,6,2,-0.45455
7145,37,222,7,1,0.090909
7145,37,222,8,2,-0.54545
7145,37,222,9,1,0.27273
7145,37,222,10,1,0.36364
7145,37,222,11,2,-0.45455
7145,37,222,12,1,0.090909
7145,37,222,13,1,0.54545
7145,37,222,14,2,-0.45455
7145,37,222,15,1,0.090909
7145,37,222,16,2,-0.18182
7145,37,222,17,1,0.36364
7145,37,222,18,1,-0.18182
7145,37,222,19,1,0.27273
7145,37,222,20,2,-0.18182
7145,37,222,21,1,0.45455
7145,37,222,22,2,-0.36364
7145,37,222,23,2,-0.54545
7145,37,222,24,1,0.45455
7145,37,222,25,1,0.54545
7145,37,222,26,2,0.090909
7145,37,222,27,1,0.18182
7145,37,222,28,2,-0.36364
7145,37,222,29,2,-0.090909
7145,37,222,30,2,-0.54545
7145,37,222,31,2,0.090909
7145,37,222,32,2,-0.18182
7145,37,222,33,2,-0.54545
7145,37,222,34,1,-0.090909
7145,37,222,35,1,-0.27273
7145,37,222,36,2,-0.45455
7145,37,222,37,1,0.72727
7145,37,222,38,2,-0.45455
7145,37,222,39,2,-0.36364
7145,37,222,40,1,0.090909
7145,37,222,41,1,0.090909
7145,37,222,42,2,-0.54545
7145,37,222,43,1,0.36364
7145,37,222,44,1,0.18182
7145,37,222,45,1,0.63636
7145,37,222,46,2,0.090909
7145,37,222,47,2,-0.54545
7145,37,222,48,1,0.27273
7145,37,222,49,2,0.090909
7145,37,222,50,2,0.090909
7145,37,222,51,2,-0.45455
7145,38,223,1,2,0.090909
7145,38,223,2,2,-0.090909
7145,38,223,3,2,-0.090909
7145,38,223,4,1,0.36364
7145,38,223,5,1,0.27273
7145,38,223,6,2,-0.72727
7145,38,223,7,1,0.18182
7145,38,223,8,2,-0.45455
7145,38,223,9,1,0.090909
7145,38,223,10,2,-0.54545
7145,38,223,11,2,-0.54545
7145,38,223,12,2,0.090909
7145,38,223,13,2,-0.27273
7145,38,223,14,1,0.090909
7145,38,223,15,1,0.27273
7145,38,223,16,1,0.090909
7145,38,223,17,2,0.45455
7145,38,223,18,1,0.090909
7145,38,223,19,2,0.18182
7145,38,223,20,2,-0.45455
7145,38,223,21,2,-0.27273
7145,38,223,22,2,-0.45455
7145,38,223,23,2,-0.27273
7145,38,223,24,2,-0.45455
7145,38,223,25,1,0.36364
7145,38,223,26,2,0.090909
7145,38,223,27,2,-0.090909
7145,38,223,28,1,0.18182
7145,38,223,29,2,-0.45455
7145,38,223,30,1,-0.090909
7145,38,223,31,1,0.18182
7145,38,223,32,2,0.090909
7145,38,223,33,1,0.090909
7145,38,223,34,1,0.090909
7145,38,223,35,2,-0.27273
7145,38,223,36,2,-0.63636
7145,38,223,37,1,0.090909
7145,38,223,38,1,-0.27273
7145,38,223,39,1,0.45455
7145,38,223,40,1,0.36364
7145,38,223,41,2,-0.36364
7145,38,223,42,2,0.36364
7145,38,223,43,1,-0.090909
7145,38,223,44,2,-0.45455
7145,38,223,45,2,0.63636
7145,38,223,46,1,0.18182
7145,38,223,47,1,-0.090909
7145,38,223,48,2,-0.18182
7145,38,223,49,1,0.45455
7145,38,223,50,2,-0.63636
7145,38,223,51,2,-0.36364
7145,38,224,1,2,-0.090909
7145,38,224,2,2,-0.63636
7145,38,224,3,2,-0.090909
7145,38,224,4,1,0.36364
7145,38,224,5,1,0.18182
7145,38,224,6,1,-0.54545
7145,38,224,7,2,0.45455
7145,38,224,8,1,-0.27273
7145,38,224,9,1,-0.36364
7145,38,224,10,2,-0.36364
7145,38,224,11,2,-0.54545
7145,38,224,12,2,0.81818
7145,38,224,13,1,0.45455
7145,38,224,14,1,0.81818
7145,38,224,15,1,0.36364
7145,38,224,16,1,-0.27273
7145,38,224,17,1,0.36364
7145,38,224,18,1,-0.090909
7145,38,224,19,2,-0.090909
7145,38,224,20,2,-0.36364
7145,38,224,21,2,-0.54545
7145,38,224,22,2,0.36364
7145,38,224,23,1,0.72727
7145,38,224,24,1,-0.45455
7145,38,224,25,1,-0.81818
7145,38,224,26,2,-0.090909
7145,38,224,27,1,0.36364
7145,38,224,28,1,0.81818
7145,38,224,29,2,0.45455
7145,38,224,30,1,0.81818
7145,38,224,31,1,0.45455
7145,38,224,32,1,-0.36364
7145,38,224,33,2,-0.36364
7145,38,224,34,1,-0.27273
7145,38,224,35,1,0.36364
7145,38,224,36,1,-0.63636
7145,38,224,37,1,0.45455
7145,38,224,38,2,0.63636
7145,38,224,39,2,0.45455
7145,38,224,40,1,0.18182
7145,38,224,41,1,0.27273
7145,38,224,42,2,-0.36364
7145,38,224,43,2,-0.54545
7145,38,224,44,2,0.18182
7145,38,224,45,1,0.81818
7145,38,224,46,2,0.090909
7145,38,224,47,2,-0.54545
7145,38,224,48,1,0.81818
7145,38,224,49,2,-0.54545
7145,38,224,50,2,-0.63636
7145,38,224,51,1,-0.090909
7145,38,225,1,1,-0.18182
7145,38,225,2,2,-0.18182
7145,38,225,3,2,-0.45455
7145,38,225,4,1,0.27273
7145,38,225,5,2,0.72727
7145,38,225,6,2,-0.36364
7145,38,225,7,2,0.45455
7145,38,225,8,2,0.54545
7145,38,225,9,1,0.72727
7145,38,225,10,1,-0.27273
7145,38,225,11,2,-0.36364
7145,38,225,12,1,0.36364
7145,38,225,13,1,0.36364
7145,38,225,14,1,-0.45455
7145,38,225,15,2,0.27273
7145,38,225,16,2,0.27273
7145,38,225,17,1,-0.36364
7145,38,225,18,2,0.54545
7145,38,225,19,1,-0.27273
7145,38,225,20,1,-0.18182
7145,38,225,21,2,-0.45455
7145,38,225,22,1,0.72727
7145,38,225,23,1,0.36364
7145,38,225,24,1,-0.18182
7145,38,225,25,2,-0.36364
7145,38,225,26,2,0.36364
7145,38,225,27,2,0.63636
7145,38,225,28,2,-0.45455
7145,38,225,29,2,-0.18182
7145,38,225,30,2,0.45455
7145,38,225,31,1,0.27273
7145,38,225,32,2,-0.45455
7145,38,225,33,2,-0.18182
7145,38,225,34,1,0.72727
7145,38,225,35,2,-0.36364
7145,38,225,36,1,0.45455
7145,38,225,37,1,-0.63636
7145,38,225,38,1,0.27273
7145,38,225,39,2,-0.27273
7145,38,225,40,1,0.090909
7145,38,225,41,1,0.54545
7145,38,225,42,1,-0.72727
7145,38,225,43,1,0.27273
7145,38,225,44,1,0.72727
7145,38,225,45,1,0.72727
7145,38,225,46,1,0.36364
7145,38,225,47,2,-0.81818
7145,38,225,48,2,0.18182
7145,38,225,49,2,-0.45455
7145,38,225,50,1,0.36364
7145,38,225,51,2,-0.36364
7145,38,226,1,2,0.18182
7145,38,226,2,2,0.090909
7145,38,226,3,2,-0.18182
7145,38,226,4,2,0.18182
7145,38,226,5,2,-0.27273
7145,38,226,6,2,-0.36364
7145,38,226,7,2,0.45455
7145,38,226,8,1,-0.090909
7145,38,226,9,2,0.36364
7145,38,226,10,1,-0.090909
7145,38,226,11,1,0.54545
7145,38,226,12,1,0.36364
7145,38,226,13,2,-0.18182
7145,38,226,14,2,-0.18182
7145,38,226,15,1,0.45455
7145,38,226,16,2,0.090909
7145,38,226,17,1,0.45455
7145,38,226,18,1,-0.090909
7145,38,226,19,1,-0.090909
7145,38,226,20,2,0.18182
7145,38,226,21,1,-0.090909
7145,38,226,22,2,-0.36364
7145,38,226,23,2,0.18182
7145,38,226,24,1,0.54545
7145,38,226,25,2,-0.45455
7145,38,226,26,1,0.63636
7145,38,226,27,2,0.18182
7145,38,226,28,1,0.36364
7145,38,226,29,2,0.18182
7145,38,226,30,1,-0.18182
7145,38,226,31,1,0.27273
7145,38,226,32,1,0.45455
7145,38,226,33,1,0.45455
7145,38,226,34,2,-0.36364
7145,38,226,35,1,0.54545
7145,38,226,36,2,-0.090909
7145,38,226,37,2,-0.36364
7145,38,226,38,1,0.18182
7145,38,226,39,2,-0.18182
7145,38,226,40,2,-0.18182
7145,38,226,41,2,0.090909
7145,38,226,42,1,0.63636
7145,38,226,43,2,0.090909
7145,38,226,44,1,0.72727
7145,38,226,45,1,-0.090909
7145,38,226,46,1,0.54545
7145,38,226,47,2,0.18182
7145,38,226,48,1,0.090909
7145,38,226,49,2,-0.27273
7145,38,226,50,2,0.18182
7145,38,226,51,2,-0.36364
7145,38,227,1,2,-0.63636
7145,38,227,2,2,0.81818
7145,38,227,3,1,-0.81818
7145,38,227,4,1,-0.18182
7145,38,227,5,1,-0.63636
7145,38,227,6,2,0.81818
7145,38,227,7,2,-0.18182
7145,38,227,8,2,-0.36364
7145,38,227,9,2,-0.27273
7145,38,227,10,2,-0.54545
7145,38,227,11,2,-0.36364
7145,38,227,12,1,0.36364
7145,38,227,13,2,-0.45455
7145,38,227,14,2,-0.81818
7145,38,227,15,2,-0.45455
7145,38,227,16,2,0.63636
7145,38,227,17,1,0.090909
7145,38,227,18,2,-0.63636
7145,38,227,19,2,-0.63636
7145,38,227,20,2,0.27273
7145,38,227,21,1,-0.27273
7145,38,227,22,2,-0.45455
7145,38,227,23,2,0.72727
7145,38,227,24,1,-0.18182
7145,38,227,25,2,0.81818
7145,38,227,26,2,0.36364
7145,38,227,27,1,0.45455
7145,38,227,28,2,-0.81818
7145,38,227,29,2,-0.54545
7145,38,227,30,1,-0.36364
7145,38,227,31,1,0.81818
7145,38,227,32,2,-0.63636
7145,38,227,33,2,-0.45455
7145,38,227,34,2,-0.36364
7145,38,227,35,2,-0.81818
7145,38,227,36,2,-0.81818
7145,38,227,37,2,0.36364
7145,38,227,38,2,-0.45455
7145,38,227,39,2,-0.18182
7145,38,227,40,2,-0.18182
7145,38,227,41,2,-0.36364
7145,38,227,42,1,0.81818
7145,38,227,43,2,0.18182
7145,38,227,44,2,-0.18182
7145,38,227,45,1,-0.27273
7145,38,227,46,2,-0.54545
7145,38,227,47,1,0.81818
7145,38,227,48,2,-0.63636
7145,38,227,49,2,-0.45455
7145,38,227,50,2,-0.81818
7145,38,227,51,2,-0.36364
7145,38,228,1,2,0.090909
7145,38,228,2,2,0.090909
7145,38,228,3,1,0.45455
7145,38,228,4,2,-0.54545
7145,38,228,5,1,0.18182
7145,38,228,6,2,-0.45455
7145,38,228,7,2,0.090909
7145,38,228,8,2,-0.54545
7145,38,228,9,1,0.27273
7145,38,228,10,1,0.36364
7145,38,228,11,2,-0.45455
7145,38,228,12,1,0.090909
7145,38,228,13,1,0.54545
7145,38,228,14,2,-0.45455
7145,38,228,15,2,0.090909
7145,38,228,16,2,-0.18182
7145,38,228,17,1,0.36364
7145,38,228,18,1,-0.18182
7145,38,228,19,1,0.27273
7145,38,228,20,2,-0.18182
7145,38,228,21,1,0.45455
7145,38,228,22,2,-0.36364
7145,38,228,23,2,-0.54545
7145,38,228,24,1,0.45455
7145,38,228,25,1,0.54545
7145,38,228,26,1,0.090909
7145,38,228,27,1,0.18182
7145,38,228,28,2,-0.36364
7145,38,228,29,2,-0.090909
7145,38,228,30,2,-0.54545
7145,38,228,31,1,0.090909
7145,38,228,32,2,-0.18182
7145,38,228,33,2,-0.54545
7145,38,228,34,2,-0.090909
7145,38,228,35,1,-0.27273
7145,38,228,36,2,-0.45455
7145,38,228,37,1,0.72727
7145,38,228,38,2,-0.45455
7145,38,228,39,2,-0.36364
7145,38,228,40,1,0.090909
7145,38,228,41,2,0.090909
7145,38,228,42,2,-0.54545
7145,38,228,43,1,0.36364
7145,38,228,44,1,0.18182
7145,38,228,45,1,0.63636
7145,38,228,46,2,0.090909
7145,38,228,47,2,-0.54545
7145,38,228,48,1,0.27273
7145,38,228,49,2,0.090909
7145,38,228,50,2,0.090909
7145,38,228,51,2,-0.45455
7145,39,229,1,1,0.090909
7145,39,229,2,1,-0.090909
7145,39,229,3,1,-0.090909
7145,39,229,4,2,0.36364
7145,39,229,5,2,0.27273
7145,39,229,6,1,-0.72727
7145,39,229,7,1,0.18182
7145,39,229,8,2,-0.45455
7145,39,229,9,1,0.090909
7145,39,229,10,2,-0.54545
7145,39,229,11,2,-0.54545
7145,39,229,12,1,0.090909
7145,39,229,13,2,-0.27273
7145,39,229,14,2,0.090909
7145,39,229,15,1,0.27273
7145,39,229,16,2,0.090909
7145,39,229,17,1,0.45455
7145,39,229,18,1,0.090909
7145,39,229,19,2,0.18182
7145,39,229,20,2,-0.45455
7145,39,229,21,2,-0.27273
7145,39,229,22,2,-0.45455
7145,39,229,23,2,-0.27273
7145,39,229,24,2,-0.45455
7145,39,229,25,1,0.36364
7145,39,229,26,2,0.090909
7145,39,229,27,1,-0.090909
7145,39,229,28,1,0.18182
7145,39,229,29,2,-0.45455
7145,39,229,30,1,-0.090909
7145,39,229,31,1,0.18182
7145,39,229,32,1,0.090909
7145,39,229,33,1,0.090909
7145,39,229,34,2,0.090909
7145,39,229,35,2,-0.27273
7145,39,229,36,1,-0.63636
7145,39,229,37,1,0.090909
7145,39,229,38,2,-0.27273
7145,39,229,39,2,0.45455
7145,39,229,40,1,0.36364
7145,39,229,41,2,-0.36364
7145,39,229,42,1,0.36364
7145,39,229,43,1,-0.090909
7145,39,229,44,2,-0.45455
7145,39,229,45,1,0.63636
7145,39,229,46,1,0.18182
7145,39,229,47,2,-0.090909
7145,39,229,48,2,-0.18182
7145,39,229,49,1,0.45455
7145,39,229,50,2,-0.63636
7145,39,229,51,2,-0.36364
7145,39,230,1,2,-0.090909
7145,39,230,2,2,-0.63636
7145,39,230,3,1,-0.090909
7145,39,230,4,1,0.36364
7145,39,230,5,2,0.18182
7145,39,230,6,1,-0.54545
7145,39,230,7,2,0.45455
7145,39,230,8,1,-0.27273
7145,39,230,9,1,-0.36364
7145,39,230,10,1,-0.36364
7145,39,230,11,1,-0.54545
7145,39,230,12,1,0.81818
7145,39,230,13,1,0.45455
7145,39,230,14,1,0.81818
7145,39,230,15,2,0.36364
7145,39,230,16,1,-0.27273
7145,39,230,17,2,0.36364
7145,39,230,18,1,-0.090909
7145,39,230,19,2,-0.090909
7145,39,230,20,2,-0.36364
7145,39,230,21,2,-0.54545
7145,39,230,22,1,0.36364
7145,39,230,23,2,0.72727
7145,39,230,24,1,-0.45455
7145,39,230,25,1,-0.81818
7145,39,230,26,2,-0.090909
7145,39,230,27,1,0.36364
7145,39,230,28,1,0.81818
7145,39,230,29,1,0.45455
7145,39,230,30,1,0.81818
7145,39,230,31,1,0.45455
7145,39,230,32,2,-0.36364
7145,39,230,33,2,-0.36364
7145,39,230,34,1,-0.27273
7145,39,230,35,1,0.36364
7145,39,230,36,1,-0.63636
7145,39,230,37,1,0.45455
7145,39,230,38,2,0.63636
7145,39,230,39,1,0.45455
7145,39,230,40,1,0.18182
7145,39,230,41,1,0.27273
7145,39,230,42,2,-0.36364
7145,39,230,43,2,-0.54545
7145,39,230,44,1,0.18182
7145,39,230,45,1,0.81818
7145,39,230,46,2,0.090909
7145,39,230,47,2,-0.54545
7145,39,230,48,1,0.81818
7145,39,230,49,2,-0.54545
7145,39,230,50,2,-0.63636
7145,39,230,51,1,-0.090909
7145,39,231,1,1,-0.18182
7145,39,231,2,2,-0.18182
7145,39,231,3,2,-0.45455
7145,39,231,4,2,0.27273
7145,39,231,5,1,0.72727
7145,39,231,6,2,-0.36364
7145,39,231,7,2,0.45455
7145,39,231,8,2,0.54545
7145,39,231,9,1,0.72727
7145,39,231,10,1,-0.27273
7145,39,231,11,1,-0.36364
7145,39,231,12,1,0.36364
7145,39,231,13,1,0.36364
7145,39,231,14,2,-0.45455
7145,39,231,15,2,0.27273
7145,39,231,16,2,0.27273
7145,39,231,17,2,-0.36364
7145,39,231,18,1,0.54545
7145,39,231,19,1,-0.27273
7145,39,231,20,2,-0.18182
7145,39,231,21,2,-0.45455
7145,39,231,22,1,0.72727
7145,39,231,23,1,0.36364
7145,39,231,24,1,-0.18182
7145,39,231,25,2,-0.36364
7145,39,231,26,1,0.36364
7145,39,231,27,2,0.63636
7145,39,231,28,1,-0.45455
7145,39,231,29,2,-0.18182
7145,39,231,30,1,0.45455
7145,39,231,31,1,0.27273
7145,39,231,32,2,-0.45455
7145,39,231,33,1,-0.18182
7145,39,231,34,1,0.72727
7145,39,231,35,2,-0.36364
7145,39,231,36,1,0.45455
7145,39,231,37,1,-0.63636
7145,39,231,38,1,0.27273
7145,39,231,39,2,-0.27273
7145,39,231,40,1,0.090909
7145,39,231,41,1,0.54545
7145,39,231,42,1,-0.72727
7145,39,231,43,1,0.27273
7145,39,231,44,1,0.72727
7145,39,231,45,1,0.72727
7145,39,231,46,1,0.36364
7145,39,231,47,2,-0.81818
7145,39,231,48,2,0.18182
7145,39,231,49,2,-0.45455
7145,39,231,50,1,0.36364
7145,39,231,51,2,-0.36364
7145,39,232,1,2,0.18182
7145,39,232,2,1,0.090909
7145,39,232,3,2,-0.18182
7145,39,232,4,1,0.18182
7145,39,232,5,2,-0.27273
7145,39,232,6,1,-0.36364
7145,39,232,7,1,0.45455
7145,39,232,8,1,-0.090909
7145,39,232,9,1,0.36364
7145,39,232,10,2,-0.090909
7145,39,232,11,1,0.54545
7145,39,232,12,1,0.36364
7145,39,232,13,2,-0.18182
7145,39,232,14,2,-0.18182
7145,39,232,15,1,0.45455
7145,39,232,16,1,0.090909
7145,39,232,17,1,0.45455
7145,39,232,18,2,-0.090909
7145,39,232,19,2,-0.090909
7145,39,232,20,2,0.18182
7145,39,232,21,2,-0.090909
7145,39,232,22,2,-0.36364
7145,39,232,23,1,0.18182
7145,39,232,24,1,0.54545
7145,39,232,25,2,-0.45455
7145,39,232,26,1,0.63636
7145,39,232,27,2,0.18182
7145,39,232,28,1,0.36364
7145,39,232,29,1,0.18182
7145,39,232,30,2,-0.18182
7145,39,232,31,2,0.27273
7145,39,232,32,1,0.45455
7145,39,232,33,1,0.45455
7145,39,232,34,1,-0.36364
7145,39,232,35,1,0.54545
7145,39,232,36,2,-0.090909
7145,39,232,37,2,-0.36364
7145,39,232,38,1,0.18182
7145,39,232,39,2,-0.18182
7145,39,232,40,2,-0.18182
7145,39,232,41,2,0.090909
7145,39,232,42,1,0.63636
7145,39,232,43,1,0.090909
7145,39,232,44,1,0.72727
7145,39,232,45,2,-0.090909
7145,39,232,46,1,0.54545
7145,39,232,47,2,0.18182
7145,39,232,48,2,0.090909
7145,39,232,49,2,-0.27273
7145,39,232,50,2,0.18182
7145,39,232,51,2,-0.36364
7145,39,233,1,2,-0.63636
7145,39,233,2,2,0.81818
7145,39,233,3,1,-0.81818
7145,39,233,4,1,-0.18182
7145,39,233,5,1,-0.63636
7145,39,233,6,1,0.81818
7145,39,233,7,1,-0.18182
7145,39,233,8,1,-0.36364
7145,39,233,9,2,-0.27273
7145,39,233,10,2,-0.54545
7145,39,233,11,2,-0.36364
7145,39,233,12,2,0.36364
7145,39,233,13,1,-0.45455
7145,39,233,14,1,-0.81818
7145,39,233,15,2,-0.45455
7145,39,233,16,2,0.63636
7145,39,233,17,2,0.090909
7145,39,233,18,2,-0.63636
7145,39,233,19,2,-0.63636
7145,39,233,20,2,0.27273
7145,39,233,21,2,-0.27273
7145,39,233,22,2,-0.45455
7145,39,233,23,2,0.72727
7145,39,233,24,2,-0.18182
7145,39,233,25,1,0.81818
7145,39,233,26,1,0.36364
7145,39,233,27,2,0.45455
7145,39,233,28,2,-0.81818
7145,39,233,29,2,-0.54545
7145,39,233,30,2,-0.36364
7145,39,233,31,1,0.81818
7145,39,233,32,1,-0.63636
7145,39,233,33,2,-0.45455
7145,39,233,34,2,-0.36364
7145,39,233,35,2,-0.81818
7145,39,233,36,2,-0.81818
7145,39,233,37,2,0.36364
7145,39,233,38,2,-0.45455
7145,39,233,39,1,-0.18182
7145,39,233,40,2,-0.18182
7145,39,233,41,2,-0.36364
7145,39,233,42,1,0.81818
7145,39,233,43,2,0.18182
7145,39,233,44,2,-0.18182
7145,39,233,45,1,-0.27273
7145,39,233,46,2,-0.54545
7145,39,233,47,1,0.81818
7145,39,233,48,2,-0.63636
7145,39,233,49,2,-0.45455
7145,39,233,50,2,-0.81818
7145,39,233,51,2,-0.36364
7145,39,234,1,1,0.090909
7145,39,234,2,2,0.090909
7145,39,234,3,2,0.45455
7145,39,234,4,1,-0.54545
7145,39,234,5,2,0.18182
7145,39,234,6,2,-0.45455
7145,39,234,7,1,0.090909
7145,39,234,8,2,-0.54545
7145,39,234,9,1,0.27273
7145,39,234,10,2,0.36364
7145,39,234,11,2,-0.45455
7145,39,234,12,2,0.090909
7145,39,234,13,1,0.54545
7145,39,234,14,2,-0.45455
7145,39,234,15,2,0.090909
7145,39,234,16,1,-0.18182
7145,39,234,17,1,0.36364
7145,39,234,18,1,-0.18182
7145,39,234,19,1,0.27273
7145,39,234,20,1,-0.18182
7145,39,234,21,1,0.45455
7145,39,234,22,2,-0.36364
7145,39,234,23,2,-0.54545
7145,39,234,24,1,0.45455
7145,39,234,25,1,0.54545
7145,39,234,26,2,0.090909
7145,39,234,27,1,0.18182
7145,39,234,28,1,-0.36364
7145,39,234,29,1,-0.090909
7145,39,234,30,2,-0.54545
7145,39,234,31,1,0.090909
7145,39,234,32,2,-0.18182
7145,39,234,33,2,-0.54545
7145,39,234,34,2,-0.090909
7145,39,234,35,2,-0.27273
7145,39,234,36,2,-0.45455
7145,39,234,37,1,0.72727
7145,39,234,38,2,-0.45455
7145,39,234,39,2,-0.36364
7145,39,234,40,1,0.090909
7145,39,234,41,2,0.090909
7145,39,234,42,1,-0.54545
7145,39,234,43,1,0.36364
7145,39,234,44,1,0.18182
7145,39,234,45,1,0.63636
7145,39,234,46,2,0.090909
7145,39,234,47,2,-0.54545
7145,39,234,48,1,0.27273
7145,39,234,49,1,0.090909
7145,39,234,50,2,0.090909
7145,39,234,51,2,-0.45455
7145,40,235,1,2,0.090909
7145,40,235,2,2,-0.090909
7145,40,235,3,1,-0.090909
7145,40,235,4,1,0.36364
7145,40,235,5,1,0.27273
7145,40,235,6,1,-0.72727
7145,40,235,7,1,0.18182
7145,40,235,8,2,-0.45455
7145,40,235,9,1,0.090909
7145,40,235,10,2,-0.54545
7145,40,235,11,2,-0.54545
7145,40,235,12,1,0.090909
7145,40,235,13,2,-0.27273
7145,40,235,14,2,0.090909
7145,40,235,15,2,0.27273
7145,40,235,16,1,0.090909
7145,40,235,17,2,0.45455
7145,40,235,18,1,0.090909
7145,40,235,19,1,0.18182
7145,40,235,20,2,-0.45455
7145,40,235,21,2,-0.27273
7145,40,235,22,2,-0.45455
7145,40,235,23,2,-0.27273
7145,40,235,24,2,-0.45455
7145,40,235,25,1,0.36364
7145,40,235,26,1,0.090909
7145,40,235,27,1,-0.090909
7145,40,235,28,1,0.18182
7145,40,235,29,2,-0.45455
7145,40,235,30,1,-0.090909
7145,40,235,31,1,0.18182
7145,40,235,32,1,0.090909
7145,40,235,33,2,0.090909
7145,40,235,34,1,0.090909
7145,40,235,35,2,-0.27273
7145,40,235,36,2,-0.63636
7145,40,235,37,2,0.090909
7145,40,235,38,2,-0.27273
7145,40,235,39,1,0.45455
7145,40,235,40,1,0.36364
7145,40,235,41,2,-0.36364
7145,40,235,42,1,0.36364
7145,40,235,43,2,-0.090909
7145,40,235,44,2,-0.45455
7145,40,235,45,1,0.63636
7145,40,235,46,1,0.18182
7145,40,235,47,2,-0.090909
7145,40,235,48,2,-0.18182
7145,40,235,49,1,0.45455
7145,40,235,50,2,-0.63636
7145,40,235,51,2,-0.36364
7145,40,236,1,1,-0.090909
7145,40,236,2,2,-0.63636
7145,40,236,3,2,-0.090909
7145,40,236,4,1,0.36364
7145,40,236,5,1,0.18182
7145,40,236,6,2,-0.54545
7145,40,236,7,2,0.45455
7145,40,236,8,1,-0.27273
7145,40,236,9,1,-0.36364
7145,40,236,10,2,-0.36364
7145,40,236,11,2,-0.54545
7145,40,236,12,2,0.81818
7145,40,236,13,2,0.45455
7145,40,236,14,2,0.81818
7145,40,236,15,2,0.36364
7145,40,236,16,1,-0.27273
7145,40,236,17,1,0.36364
7145,40,236,18,1,-0.090909
7145,40,236,19,2,-0.090909
7145,40,236,20,1,-0.36364
7145,40,236,21,1,-0.54545
7145,40,236,22,1,0.36364
7145,40,236,23,2,0.72727
7145,40,236,24,2,-0.45455
7145,40,236,25,2,-0.81818
7145,40,236,26,2,-0.090909
7145,40,236,27,1,0.36364
7145,40,236,28,1,0.81818
7145,40,236,29,1,0.45455
7145,40,236,30,1,0.81818
7145,40,236,31,1,0.45455
7145,40,236,32,2,-0.36364
7145,40,236,33,2,-0.36364
7145,40,236,34,1,-0.27273
7145,40,236,35,1,0.36364
7145,40,236,36,1,-0.63636
7145,40,236,37,1,0.45455
7145,40,236,38,1,0.63636
7145,40,236,39,1,0.45455
7145,40,236,40,1,0.18182
7145,40,236,41,1,0.27273
7145,40,236,42,2,-0.36364
7145,40,236,43,2,-0.54545
7145,40,236,44,1,0.18182
7145,40,236,45,1,0.81818
7145,40,236,46,2,0.090909
7145,40,236,47,2,-0.54545
7145,40,236,48,1,0.81818
7145,40,236,49,2,-0.54545
7145,40,236,50,2,-0.63636
7145,40,236,51,1,-0.090909
7145,40,237,1,1,-0.18182
7145,40,237,2,2,-0.18182
7145,40,237,3,1,-0.45455
7145,40,237,4,1,0.27273
7145,40,237,5,1,0.72727
7145,40,237,6,1,-0.36364
7145,40,237,7,2,0.45455
7145,40,237,8,2,0.54545
7145,40,237,9,1,0.72727
7145,40,237,10,1,-0.27273
7145,40,237,11,2,-0.36364
7145,40,237,12,2,0.36364
7145,40,237,13,2,0.36364
7145,40,237,14,2,-0.45455
7145,40,237,15,1,0.27273
7145,40,237,16,1,0.27273
7145,40,237,17,1,-0.36364
7145,40,237,18,2,0.54545
7145,40,237,19,1,-0.27273
7145,40,237,20,2,-0.18182
7145,40,237,21,2,-0.45455
7145,40,237,22,1,0.72727
7145,40,237,23,1,0.36364
7145,40,237,24,2,-0.18182
7145,40,237,25,2,-0.36364
7145,40,237,26,1,0.36364
7145,40,237,27,2,0.63636
7145,40,237,28,2,-0.45455
7145,40,237,29,1,-0.18182
7145,40,237,30,1,0.45455
7145,40,237,31,1,0.27273
7145,40,237,32,2,-0.45455
7145,40,237,33,2,-0.18182
7145,40,237,34,1,0.72727
7145,40,237,35,2,-0.36364
7145,40,237,36,1,0.45455
7145,40,237,37,1,-0.63636
7145,40,237,38,1,0.27273
7145,40,237,39,2,-0.27273
7145,40,237,40,2,0.090909
7145,40,237,41,1,0.54545
7145,40,237,42,2,-0.72727
7145,40,237,43,2,0.27273
7145,40,237,44,1,0.72727
7145,40,237,45,1,0.72727
7145,40,237,46,1,0.36364
7145,40,237,47,1,-0.81818
7145,40,237,48,2,0.18182
7145,40,237,49,2,-0.45455
7145,40,237,50,1,0.36364
7145,40,237,51,2,-0.36364
7145,40,238,1,2,0.18182
7145,40,238,2,1,0.090909
7145,40,238,3,2,-0.18182
7145,40,238,4,2,0.18182
7145,40,238,5,2,-0.27273
7145,40,238,6,2,-0.36364
7145,40,238,7,1,0.45455
7145,40,238,8,2,-0.090909
7145,40,238,9,1,0.36364
7145,40,238,10,2,-0.090909
7145,40,238,11,1,0.54545
7145,40,238,12,1,0.36364
7145,40,238,13,1,-0.18182
7145,40,238,14,1,-0.18182
7145,40,238,15,1,0.45455
7145,40,238,16,1,0.090909
7145,40,238,17,1,0.45455
7145,40,238,18,2,-0.090909
7145,40,238,19,2,-0.090909
7145,40,238,20,2,0.18182
7145,40,238,21,1,-0.090909
7145,40,238,22,2,-0.36364
7145,40,238,23,2,0.18182
7145,40,238,24,1,0.54545
7145,40,238,25,2,-0.45455
7145,40,238,26,1,0.63636
7145,40,238,27,2,0.18182
7145,40,238,28,1,0.36364
7145,40,238,29,1,0.18182
7145,40,238,30,2,-0.18182
7145,40,238,31,1,0.27273
7145,40,238,32,1,0.45455
7145,40,238,33,1,0.45455
7145,40,238,34,2,-0.36364
7145,40,238,35,1,0.54545
7145,40,238,36,2,-0.090909
7145,40,238,37,2,-0.36364
7145,40,238,38,1,0.18182
7145,40,238,39,2,-0.18182
7145,40,238,40,2,-0.18182
7145,40,238,41,1,0.090909
7145,40,238,42,1,0.63636
7145,40,238,43,2,0.090909
7145,40,238,44,1,0.72727
7145,40,238,45,1,-0.090909
7145,40,238,46,1,0.54545
7145,40,238,47,2,0.18182
7145,40,238,48,2,0.090909
7145,40,238,49,2,-0.27273
7145,40,238,50,1,0.18182
7145,40,238,51,2,-0.36364
7145,40,239,1,2,-0.63636
7145,40,239,2,2,0.81818
7145,40,239,3,1,-0.81818
7145,40,239,4,2,-0.18182
7145,40,239,5,2,-0.63636
7145,40,239,6,1,0.81818
7145,40,239,7,2,-0.18182
7145,40,239,8,2,-0.36364
7145,40,239,9,2,-0.27273
7145,40,239,10,2,-0.54545
7145,40,239,11,1,-0.36364
7145,40,239,12,2,0.36364
7145,40,239,13,2,-0.45455
7145,40,239,14,2,-0.81818
7145,40,239,15,2,-0.45455
7145,40,239,16,2,0.63636
7145,40,239,17,2,0.090909
7145,40,239,18,2,-0.63636
7145,40,239,19,2,-0.63636
7145,40,239,20,2,0.27273
7145,40,239,21,2,-0.27273
7145,40,239,22,2,-0.45455
7145,40,239,23,2,0.72727
7145,40,239,24,2,-0.18182
7145,40,239,25,2,0.81818
7145,40,239,26,2,0.36364
7145,40,239,27,1,0.45455
7145,40,239,28,2,-0.81818
7145,40,239,29,2,-0.54545
7145,40,239,30,2,-0.36364
7145,40,239,31,1,0.81818
7145,40,239,32,2,-0.63636
7145,40,239,33,2,-0.45455
7145,40,239,34,2,-0.36364
7145,40,239,35,2,-0.81818
7145,40,239,36,2,-0.81818
7145,40,239,37,2,0.36364
7145,40,239,38,2,-0.45455
7145,40,239,39,2,-0.18182
7145,40,239,40,2,-0.18182
7145,40,239,41,1,-0.36364
7145,40,239,42,1,0.81818
7145,40,239,43,2,0.18182
7145,40,239,44,2,-0.18182
7145,40,239,45,1,-0.27273
7145,40,239,46,2,-0.54545
7145,40,239,47,1,0.81818
7145,40,239,48,2,-0.63636
7145,40,239,49,2,-0.45455
7145,40,239,50,2,-0.81818
7145,40,239,51,2,-0.36364
7145,40,240,1,1,0.090909
7145,40,240,2,2,0.090909
7145,40,240,3,2,0.45455
7145,40,240,4,2,-0.54545
7145,40,240,5,2,0.18182
7145,40,240,6,2,-0.45455
7145,40,240,7,1,0.090909
7145,40,240,8,2,-0.54545
7145,40,240,9,1,0.27273
7145,40,240,10,2,0.36364
7145,40,240,11,2,-0.45455
7145,40,240,12,1,0.090909
7145,40,240,13,1,0.54545
7145,40,240,14,2,-0.45455
7145,40,240,15,2,0.090909
7145,40,240,16,2,-0.18182
7145,40,240,17,1,0.36364
7145,40,240,18,2,-0.18182
7145,40,240,19,1,0.27273
7145,40,240,20,2,-0.18182
7145,40,240,21,1,0.45455
7145,40,240,22,2,-0.36364
7145,40,240,23,2,-0.54545
7145,40,240,24,1,0.45455
7145,40,240,25,1,0.54545
7145,40,240,26,1,0.090909
7145,40,240,27,1,0.18182
7145,40,240,28,2,-0.36364
7145,40,240,29,1,-0.090909
7145,40,240,30,2,-0.54545
7145,40,240,31,2,0.090909
7145,40,240,32,2,-0.18182
7145,40,240,33,2,-0.54545
7145,40,240,34,1,-0.090909
7145,40,240,35,2,-0.27273
7145,40,240,36,2,-0.45455
7145,40,240,37,1,0.72727
7145,40,240,38,2,-0.45455
7145,40,240,39,2,-0.36364
7145,40,240,40,1,0.090909
7145,40,240,41,2,0.090909
7145,40,240,42,2,-0.54545
7145,40,240,43,1,0.36364
7145,40,240,44,1,0.18182
7145,40,240,45,1,0.63636
7145,40,240,46,2,0.090909
7145,40,240,47,2,-0.54545
7145,40,240,48,1,0.27273
7145,40,240,49,1,0.090909
7145,40,240,50,1,0.090909
7145,40,240,51,2,-0.45455
7145,41,241,1,2,0.090909
7145,41,241,2,2,-0.090909
7145,41,241,3,2,-0.090909
7145,41,241,4,1,0.36364
7145,41,241,5,2,0.27273
7145,41,241,6,2,-0.72727
7145,41,241,7,1,0.18182
7145,41,241,8,2,-0.45455
7145,41,241,9,1,0.090909
7145,41,241,10,2,-0.54545
7145,41,241,11,1,-0.54545
7145,41,241,12,2,0.090909
7145,41,241,13,2,-0.27273
7145,41,241,14,2,0.090909
7145,41,241,15,1,0.27273
7145,41,241,16,1,0.090909
7145,41,241,17,2,0.45455
7145,41,241,18,1,0.090909
7145,41,241,19,1,0.18182
7145,41,241,20,2,-0.45455
7145,41,241,21,2,-0.27273
7145,41,241,22,2,-0.45455
7145,41,241,23,2,-0.27273
7145,41,241,24,2,-0.45455
7145,41,241,25,1,0.36364
7145,41,241,26,1,0.090909
7145,41,241,27,1,-0.090909
7145,41,241,28,1,0.18182
7145,41,241,29,2,-0.45455
7145,41,241,30,1,-0.090909
7145,41,241,31,1,0.18182
7145,41,241,32,2,0.090909
7145,41,241,33,1,0.090909
7145,41,241,34,1,0.090909
7145,41,241,35,2,-0.27273
7145,41,241,36,2,-0.63636
7145,41,241,37,1,0.090909
7145,41,241,38,2,-0.27273
7145,41,241,39,1,0.45455
7145,41,241,40,1,0.36364
7145,41,241,41,2,-0.36364
7145,41,241,42,1,0.36364
7145,41,241,43,1,-0.090909
7145,41,241,44,2,-0.45455
7145,41,241,45,1,0.63636
7145,41,241,46,1,0.18182
7145,41,241,47,2,-0.090909
7145,41,241,48,1,-0.18182
7145,41,241,49,1,0.45455
7145,41,241,50,2,-0.63636
7145,41,241,51,2,-0.36364
7145,41,242,1,1,-0.090909
7145,41,242,2,2,-0.63636
7145,41,242,3,2,-0.090909
7145,41,242,4,2,0.36364
7145,41,242,5,1,0.18182
7145,41,242,6,2,-0.54545
7145,41,242,7,1,0.45455
7145,41,242,8,2,-0.27273
7145,41,242,9,2,-0.36364
7145,41,242,10,1,-0.36364
7145,41,242,11,2,-0.54545
7145,41,242,12,2,0.81818
7145,41,242,13,2,0.45455
7145,41,242,14,1,0.81818
7145,41,242,15,1,0.36364
7145,41,242,16,2,-0.27273
7145,41,242,17,1,0.36364
7145,41,242,18,1,-0.090909
7145,41,242,19,1,-0.090909
7145,41,242,20,2,-0.36364
7145,41,242,21,2,-0.54545
7145,41,242,22,1,0.36364
7145,41,242,23,2,0.72727
7145,41,242,24,2,-0.45455
7145,41,242,25,1,-0.81818
7145,41,242,26,2,-0.090909
7145,41,242,27,2,0.36364
7145,41,242,28,2,0.81818
7145,41,242,29,1,0.45455
7145,41,242,30,1,0.81818
7145,41,242,31,1,0.45455
7145,41,242,32,1,-0.36364
7145,41,242,33,1,-0.36364
7145,41,242,34,1,-0.27273
7145,41,242,35,1,0.36364
7145,41,242,36,2,-0.63636
7145,41,242,37,2,0.45455
7145,41,242,38,1,0.63636
7145,41,242,39,1,0.45455
7145,41,242,40,1,0.18182
7145,41,242,41,1,0.27273
7145,41,242,42,1,-0.36364
7145,41,242,43,2,-0.54545
7145,41,242,44,2,0.18182
7145,41,242,45,1,0.81818
7145,41,242,46,1,0.090909
7145,41,242,47,2,-0.54545
7145,41,242,48,1,0.81818
7145,41,242,49,2,-0.54545
7145,41,242,50,2,-0.63636
7145,41,242,51,1,-0.090909
7145,41,243,1,2,-0.18182
7145,41,243,2,1,-0.18182
7145,41,243,3,1,-0.45455
7145,41,243,4,2,0.27273
7145,41,243,5,1,0.72727
7145,41,243,6,1,-0.36364
7145,41,243,7,2,0.45455
7145,41,243,8,2,0.54545
7145,41,243,9,1,0.72727
7145,41,243,10,1,-0.27273
7145,41,243,11,2,-0.36364
7145,41,243,12,2,0.36364
7145,41,243,13,1,0.36364
7145,41,243,14,1,-0.45455
7145,41,243,15,1,0.27273
7145,41,243,16,1,0.27273
7145,41,243,17,2,-0.36364
7145,41,243,18,1,0.54545
7145,41,243,19,1,-0.27273
7145,41,243,20,2,-0.18182
7145,41,243,21,2,-0.45455
7145,41,243,22,1,0.72727
7145,41,243,23,1,0.36364
7145,41,243,24,2,-0.18182
7145,41,243,25,2,-0.36364
7145,41,243,26,1,0.36364
7145,41,243,27,2,0.63636
7145,41,243,28,2,-0.45455
7145,41,243,29,1,-0.18182
7145,41,243,30,1,0.45455
7145,41,243,31,1,0.27273
7145,41,243,32,2,-0.45455
7145,41,243,33,1,-0.18182
7145,41,243,34,1,0.72727
7145,41,243,35,2,-0.36364
7145,41,243,36,1,0.45455
7145,41,243,37,1,-0.63636
7145,41,243,38,2,0.27273
7145,41,243,39,1,-0.27273
7145,41,243,40,1,0.090909
7145,41,243,41,1,0.54545
7145,41,243,42,1,-0.72727
7145,41,243,43,1,0.27273
7145,41,243,44,1,0.72727
7145,41,243,45,1,0.72727
7145,41,243,46,1,0.36364
7145,41,243,47,1,-0.81818
7145,41,243,48,1,0.18182
7145,41,243,49,2,-0.45455
7145,41,243,50,1,0.36364
7145,41,243,51,2,-0.36364
7145,41,244,1,2,0.18182
7145,41,244,2,1,0.090909
7145,41,244,3,2,-0.18182
7145,41,244,4,1,0.18182
7145,41,244,5,1,-0.27273
7145,41,244,6,2,-0.36364
7145,41,244,7,2,0.45455
7145,41,244,8,2,-0.090909
7145,41,244,9,1,0.36364
7145,41,244,10,1,-0.090909
7145,41,244,11,1,0.54545
7145,41,244,12,1,0.36364
7145,41,244,13,2,-0.18182
7145,41,244,14,2,-0.18182
7145,41,244,15,2,0.45455
7145,41,244,16,2,0.090909
7145,41,244,17,1,0.45455
7145,41,244,18,2,-0.090909
7145,41,244,19,2,-0.090909
7145,41,244,20,2,0.18182
7145,41,244,21,1,-0.090909
7145,41,244,22,1,-0.36364
7145,41,244,23,2,0.18182
7145,41,244,24,1,0.54545
7145,41,244,25,1,-0.45455
7145,41,244,26,1,0.63636
7145,41,244,27,2,0.18182
7145,41,244,28,1,0.36364
7145,41,244,29,2,0.18182
7145,41,244,30,1,-0.18182
7145,41,244,31,1,0.27273
7145,41,244,32,1,0.45455
7145,41,244,33,1,0.45455
7145,41,244,34,2,-0.36364
7145,41,244,35,1,0.54545
7145,41,244,36,2,-0.090909
7145,41,244,37,2,-0.36364
7145,41,244,38,1,0.18182
7145,41,244,39,2,-0.18182
7145,41,244,40,1,-0.18182
7145,41,244,41,1,0.090909
7145,41,244,42,1,0.63636
7145,41,244,43,1,0.090909
7145,41,244,44,1,0.72727
7145,41,244,45,1,-0.090909
7145,41,244,46,1,0.54545
7145,41,244,47,2,0.18182
7145,41,244,48,1,0.090909
7145,41,244,49,2,-0.27273
7145,41,244,50,2,0.18182
7145,41,244,51,2,-0.36364
7145,41,245,1,2,-0.63636
7145,41,245,2,2,0.81818
7145,41,245,3,2,-0.81818
7145,41,245,4,1,-0.18182
7145,41,245,5,1,-0.63636
7145,41,245,6,1,0.81818
7145,41,245,7,2,-0.18182
7145,41,245,8,2,-0.36364
7145,41,245,9,1,-0.27273
7145,41,245,10,2,-0.54545
7145,41,245,11,2,-0.36364
7145,41,245,12,1,0.36364
7145,41,245,13,1,-0.45455
7145,41,245,14,2,-0.81818
7145,41,245,15,2,-0.45455
7145,41,245,16,2,0.63636
7145,41,245,17,2,0.090909
7145,41,245,18,1,-0.63636
7145,41,245,19,2,-0.63636
7145,41,245,20,2,0.27273
7145,41,245,21,2,-0.27273
7145,41,245,22,2,-0.45455
7145,41,245,23,2,0.72727
7145,41,245,24,2,-0.18182
7145,41,245,25,2,0.81818
7145,41,245,26,2,0.36364
7145,41,245,27,1,0.45455
7145,41,245,28,2,-0.81818
7145,41,245,29,2,-0.54545
7145,41,245,30,2,-0.36364
7145,41,245,31,1,0.81818
7145,41,245,32,2,-0.63636
7145,41,245,33,2,-0.45455
7145,41,245,34,2,-0.36364
7145,41,245,35,2,-0.81818
7145,41,245,36,2,-0.81818
7145,41,245,37,2,0.36364
7145,41,245,38,2,-0.45455
7145,41,245,39,2,-0.18182
7145,41,245,40,2,-0.18182
7145,41,245,41,2,-0.36364
7145,41,245,42,1,0.81818
7145,41,245,43,2,0.18182
7145,41,245,44,2,-0.18182
7145,41,245,45,2,-0.27273
7145,41,245,46,2,-0.54545
7145,41,245,47,1,0.81818
7145,41,245,48,2,-0.63636
7145,41,245,49,2,-0.45455
7145,41,245,50,2,-0.81818
7145,41,245,51,2,-0.36364
7145,41,246,1,2,0.090909
7145,41,246,2,1,0.090909
7145,41,246,3,1,0.45455
7145,41,246,4,1,-0.54545
7145,41,246,5,2,0.18182
7145,41,246,6,2,-0.45455
7145,41,246,7,1,0.090909
7145,41,246,8,2,-0.54545
7145,41,246,9,1,0.27273
7145,41,246,10,1,0.36364
7145,41,246,11,2,-0.45455
7145,41,246,12,2,0.090909
7145,41,246,13,1,0.54545
7145,41,246,14,2,-0.45455
7145,41,246,15,1,0.090909
7145,41,246,16,2,-0.18182
7145,41,246,17,1,0.36364
7145,41,246,18,1,-0.18182
7145,41,246,19,1,0.27273
7145,41,246,20,1,-0.18182
7145,41,246,21,1,0.45455
7145,41,246,22,2,-0.36364
7145,41,246,23,2,-0.54545
7145,41,246,24,1,0.45455
7145,41,246,25,1,0.54545
7145,41,246,26,2,0.090909
7145,41,246,27,1,0.18182
7145,41,246,28,2,-0.36364
7145,41,246,29,2,-0.090909
7145,41,246,30,2,-0.54545
7145,41,246,31,1,0.090909
7145,41,246,32,2,-0.18182
7145,41,246,33,2,-0.54545
7145,41,246,34,2,-0.090909
7145,41,246,35,2,-0.27273
7145,41,246,36,2,-0.45455
7145,41,246,37,1,0.72727
7145,41,246,38,2,-0.45455
7145,41,246,39,2,-0.36364
7145,41,246,40,1,0.090909
7145,41,246,41,2,0.090909
7145,41,246,42,2,-0.54545
7145,41,246,43,1,0.36364
7145,41,246,44,1,0.18182
7145,41,246,45,1,0.63636
7145,41,246,46,2,0.090909
7145,41,246,47,2,-0.54545
7145,41,246,48,1,0.27273
7145,41,246,49,1,0.090909
7145,41,246,50,1,0.090909
7145,41,246,51,2,-0.45455
7145,42,247,1,2,0.090909
7145,42,247,2,1,-0.090909
7145,42,247,3,1,-0.090909
7145,42,247,4,2,0.36364
7145,42,247,5,2,0.27273
7145,42,247,6,1,-0.72727
7145,42,247,7,2,0.18182
7145,42,247,8,2,-0.45455
7145,42,247,9,2,0.090909
7145,42,247,10,2,-0.54545
7145,42,247,11,2,-0.54545
7145,42,247,12,2,0.090909
7145,42,247,13,2,-0.27273
7145,42,247,14,1,0.090909
7145,42,247,15,1,0.27273
7145,42,247,16,1,0.090909
7145,42,247,17,1,0.45455
7145,42,247,18,2,0.090909
7145,42,247,19,1,0.18182
7145,42,247,20,2,-0.45455
7145,42,247,21,2,-0.27273
7145,42,247,22,2,-0.45455
7145,42,247,23,2,-0.27273
7145,42,247,24,2,-0.45455
7145,42,247,25,1,0.36364
7145,42,247,26,2,0.090909
7145,42,247,27,2,-0.090909
7145,42,247,28,1,0.18182
7145,42,247,29,2,-0.45455
7145,42,247,30,2,-0.090909
7145,42,247,31,1,0.18182
7145,42,247,32,2,0.090909
7145,42,247,33,1,0.090909
7145,42,247,34,1,0.090909
7145,42,247,35,2,-0.27273
7145,42,247,36,2,-0.63636
7145,42,247,37,2,0.090909
7145,42,247,38,1,-0.27273
7145,42,247,39,1,0.45455
7145,42,247,40,1,0.36364
7145,42,247,41,2,-0.36364
7145,42,247,42,2,0.36364
7145,42,247,43,1,-0.090909
7145,42,247,44,2,-0.45455
7145,42,247,45,1,0.63636
7145,42,247,46,1,0.18182
7145,42,247,47,2,-0.090909
7145,42,247,48,1,-0.18182
7145,42,247,49,1,0.45455
7145,42,247,50,2,-0.63636
7145,42,247,51,2,-0.36364
7145,42,248,1,2,-0.090909
7145,42,248,2,1,-0.63636
7145,42,248,3,1,-0.090909
7145,42,248,4,1,0.36364
7145,42,248,5,1,0.18182
7145,42,248,6,1,-0.54545
7145,42,248,7,2,0.45455
7145,42,248,8,2,-0.27273
7145,42,248,9,2,-0.36364
7145,42,248,10,2,-0.36364
7145,42,248,11,2,-0.54545
7145,42,248,12,2,0.81818
7145,42,248,13,2,0.45455
7145,42,248,14,2,0.81818
7145,42,248,15,2,0.36364
7145,42,248,16,1,-0.27273
7145,42,248,17,2,0.36364
7145,42,248,18,2,-0.090909
7145,42,248,19,2,-0.090909
7145,42,248,20,2,-0.36364
7145,42,248,21,2,-0.54545
7145,42,248,22,2,0.36364
7145,42,248,23,1,0.72727
7145,42,248,24,1,-0.45455
7145,42,248,25,2,-0.81818
7145,42,248,26,2,-0.090909
7145,42,248,27,1,0.36364
7145,42,248,28,1,0.81818
7145,42,248,29,1,0.45455
7145,42,248,30,1,0.81818
7145,42,248,31,1,0.45455
7145,42,248,32,2,-0.36364
7145,42,248,33,1,-0.36364
7145,42,248,34,2,-0.27273
7145,42,248,35,2,0.36364
7145,42,248,36,2,-0.63636
7145,42,248,37,1,0.45455
7145,42,248,38,2,0.63636
7145,42,248,39,2,0.45455
7145,42,248,40,1,0.18182
7145,42,248,41,1,0.27273
7145,42,248,42,2,-0.36364
7145,42,248,43,2,-0.54545
7145,42,248,44,1,0.18182
7145,42,248,45,1,0.81818
7145,42,248,46,2,0.090909
7145,42,248,47,2,-0.54545
7145,42,248,48,1,0.81818
7145,42,248,49,2,-0.54545
7145,42,248,50,2,-0.63636
7145,42,248,51,1,-0.090909
7145,42,249,1,2,-0.18182
7145,42,249,2,1,-0.18182
7145,42,249,3,2,-0.45455
7145,42,249,4,2,0.27273
7145,42,249,5,2,0.72727
7145,42,249,6,1,-0.36364
7145,42,249,7,1,0.45455
7145,42,249,8,1,0.54545
7145,42,249,9,1,0.72727
7145,42,249,10,1,-0.27273
7145,42,249,11,2,-0.36364
7145,42,249,12,1,0.36364
7145,42,249,13,1,0.36364
7145,42,249,14,1,-0.45455
7145,42,249,15,1,0.27273
7145,42,249,16,1,0.27273
7145,42,249,17,1,-0.36364
7145,42,249,18,1,0.54545
7145,42,249,19,1,-0.27273
7145,42,249,20,2,-0.18182
7145,42,249,21,2,-0.45455
7145,42,249,22,1,0.72727
7145,42,249,23,1,0.36364
7145,42,249,24,2,-0.18182
7145,42,249,25,2,-0.36364
7145,42,249,26,1,0.36364
7145,42,249,27,2,0.63636
7145,42,249,28,2,-0.45455
7145,42,249,29,2,-0.18182
7145,42,249,30,2,0.45455
7145,42,249,31,1,0.27273
7145,42,249,32,2,-0.45455
7145,42,249,33,1,-0.18182
7145,42,249,34,1,0.72727
7145,42,249,35,2,-0.36364
7145,42,249,36,1,0.45455
7145,42,249,37,1,-0.63636
7145,42,249,38,1,0.27273
7145,42,249,39,1,-0.27273
7145,42,249,40,1,0.090909
7145,42,249,41,2,0.54545
7145,42,249,42,2,-0.72727
7145,42,249,43,1,0.27273
7145,42,249,44,1,0.72727
7145,42,249,45,1,0.72727
7145,42,249,46,1,0.36364
7145,42,249,47,2,-0.81818
7145,42,249,48,2,0.18182
7145,42,249,49,2,-0.45455
7145,42,249,50,2,0.36364
7145,42,249,51,2,-0.36364
7145,42,250,1,2,0.18182
7145,42,250,2,2,0.090909
7145,42,250,3,1,-0.18182
7145,42,250,4,1,0.18182
7145,42,250,5,1,-0.27273
7145,42,250,6,2,-0.36364
7145,42,250,7,2,0.45455
7145,42,250,8,1,-0.090909
7145,42,250,9,1,0.36364
7145,42,250,10,1,-0.090909
7145,42,250,11,1,0.54545
7145,42,250,12,1,0.36364
7145,42,250,13,2,-0.18182
7145,42,250,14,2,-0.18182
7145,42,250,15,2,0.45455
7145,42,250,16,2,0.090909
7145,42,250,17,1,0.45455
7145,42,250,18,1,-0.090909
7145,42,250,19,2,-0.090909
7145,42,250,20,2,0.18182
7145,42,250,21,1,-0.090909
7145,42,250,22,1,-0.36364
7145,42,250,23,1,0.18182
7145,42,250,24,1,0.54545
7145,42,250,25,2,-0.45455
7145,42,250,26,1,0.63636
7145,42,250,27,2,0.18182
7145,42,250,28,1,0.36364
7145,42,250,29,1,0.18182
7145,42,250,30,1,-0.18182
7145,42,250,31,1,0.27273
7145,42,250,32,1,0.45455
7145,42,250,33,1,0.45455
7145,42,250,34,1,-0.36364
7145,42,250,35,1,0.54545
7145,42,250,36,1,-0.090909
7145,42,250,37,2,-0.36364
7145,42,250,38,1,0.18182
7145,42,250,39,2,-0.18182
7145,42,250,40,2,-0.18182
7145,42,250,41,2,0.090909
7145,42,250,42,1,0.63636
7145,42,250,43,2,0.090909
7145,42,250,44,1,0.72727
7145,42,250,45,2,-0.090909
7145,42,250,46,1,0.54545
7145,42,250,47,2,0.18182
7145,42,250,48,2,0.090909
7145,42,250,49,2,-0.27273
7145,42,250,50,2,0.18182
7145,42,250,51,2,-0.36364
7145,42,251,1,2,-0.63636
7145,42,251,2,2,0.81818
7145,42,251,3,2,-0.81818
7145,42,251,4,2,-0.18182
7145,42,251,5,1,-0.63636
7145,42,251,6,2,0.81818
7145,42,251,7,2,-0.18182
7145,42,251,8,1,-0.36364
7145,42,251,9,2,-0.27273
7145,42,251,10,2,-0.54545
7145,42,251,11,2,-0.36364
7145,42,251,12,2,0.36364
7145,42,251,13,2,-0.45455
7145,42,251,14,2,-0.81818
7145,42,251,15,2,-0.45455
7145,42,251,16,2,0.63636
7145,42,251,17,2,0.090909
7145,42,251,18,2,-0.63636
7145,42,251,19,2,-0.63636
7145,42,251,20,2,0.27273
7145,42,251,21,2,-0.27273
7145,42,251,22,2,-0.45455
7145,42,251,23,2,0.72727
7145,42,251,24,1,-0.18182
7145,42,251,25,2,0.81818
7145,42,251,26,1,0.36364
7145,42,251,27,2,0.45455
7145,42,251,28,2,-0.81818
7145,42,251,29,2,-0.54545
7145,42,251,30,2,-0.36364
7145,42,251,31,1,0.81818
7145,42,251,32,2,-0.63636
7145,42,251,33,2,-0.45455
7145,42,251,34,2,-0.36364
7145,42,251,35,2,-0.81818
7145,42,251,36,2,-0.81818
7145,42,251,37,2,0.36364
7145,42,251,38,2,-0.45455
7145,42,251,39,2,-0.18182
7145,42,251,40,2,-0.18182
7145,42,251,41,2,-0.36364
7145,42,251,42,1,0.81818
7145,42,251,43,2,0.18182
7145,42,251,44,2,-0.18182
7145,42,251,45,2,-0.27273
7145,42,251,46,2,-0.54545
7145,42,251,47,1,0.81818
7145,42,251,48,2,-0.63636
7145,42,251,49,2,-0.45455
7145,42,251,50,2,-0.81818
7145,42,251,51,2,-0.36364
7145,42,252,1,2,0.090909
7145,42,252,2,2,0.090909
7145,42,252,3,2,0.45455
7145,42,252,4,1,-0.54545
7145,42,252,5,2,0.18182
7145,42,252,6,2,-0.45455
7145,42,252,7,2,0.090909
7145,42,252,8,2,-0.54545
7145,42,252,9,1,0.27273
7145,42,252,10,1,0.36364
7145,42,252,11,1,-0.45455
7145,42,252,12,2,0.090909
7145,42,252,13,1,0.54545
7145,42,252,14,2,-0.45455
7145,42,252,15,1,0.090909
7145,42,252,16,1,-0.18182
7145,42,252,17,1,0.36364
7145,42,252,18,2,-0.18182
7145,42,252,19,1,0.27273
7145,42,252,20,2,-0.18182
7145,42,252,21,1,0.45455
7145,42,252,22,2,-0.36364
7145,42,252,23,2,-0.54545
7145,42,252,24,1,0.45455
7145,42,252,25,1,0.54545
7145,42,252,26,1,0.090909
7145,42,252,27,1,0.18182
7145,42,252,28,2,-0.36364
7145,42,252,29,2,-0.090909
7145,42,252,30,2,-0.54545
7145,42,252,31,1,0.090909
7145,42,252,32,2,-0.18182
7145,42,252,33,2,-0.54545
7145,42,252,34,2,-0.090909
7145,42,252,35,2,-0.27273
7145,42,252,36,2,-0.45455
7145,42,252,37,1,0.72727
7145,42,252,38,2,-0.45455
7145,42,252,39,2,-0.36364
7145,42,252,40,1,0.090909
7145,42,252,41,2,0.090909
7145,42,252,42,2,-0.54545
7145,42,252,43,1,0.36364
7145,42,252,44,1,0.18182
7145,42,252,45,1,0.63636
7145,42,252,46,1,0.090909
7145,42,252,47,2,-0.54545
7145,42,252,48,1,0.27273
7145,42,252,49,1,0.090909
7145,42,252,50,1,0.090909
7145,42,252,51,2,-0.45455
7145,43,253,1,1,0.090909
7145,43,253,2,2,-0.090909
7145,43,253,3,2,-0.090909
7145,43,253,4,1,0.36364
7145,43,253,5,2,0.27273
7145,43,253,6,2,-0.72727
7145,43,253,7,2,0.18182
7145,43,253,8,2,-0.45455
7145,43,253,9,1,0.090909
7145,43,253,10,2,-0.54545
7145,43,253,11,2,-0.54545
7145,43,253,12,1,0.090909
7145,43,253,13,2,-0.27273
7145,43,253,14,2,0.090909
7145,43,253,15,2,0.27273
7145,43,253,16,1,0.090909
7145,43,253,17,1,0.45455
7145,43,253,18,1,0.090909
7145,43,253,19,2,0.18182
7145,43,253,20,2,-0.45455
7145,43,253,21,2,-0.27273
7145,43,253,22,2,-0.45455
7145,43,253,23,2,-0.27273
7145,43,253,24,2,-0.45455
7145,43,253,25,2,0.36364
7145,43,253,26,1,0.090909
7145,43,253,27,2,-0.090909
7145,43,253,28,1,0.18182
7145,43,253,29,2,-0.45455
7145,43,253,30,2,-0.090909
7145,43,253,31,2,0.18182
7145,43,253,32,1,0.090909
7145,43,253,33,2,0.090909
7145,43,253,34,1,0.090909
7145,43,253,35,2,-0.27273
7145,43,253,36,2,-0.63636
7145,43,253,37,2,0.090909
7145,43,253,38,2,-0.27273
7145,43,253,39,1,0.45455
7145,43,253,40,1,0.36364
7145,43,253,41,2,-0.36364
7145,43,253,42,1,0.36364
7145,43,253,43,1,-0.090909
7145,43,253,44,2,-0.45455
7145,43,253,45,1,0.63636
7145,43,253,46,1,0.18182
7145,43,253,47,1,-0.090909
7145,43,253,48,2,-0.18182
7145,43,253,49,1,0.45455
7145,43,253,50,2,-0.63636
7145,43,253,51,2,-0.36364
7145,43,254,1,1,-0.090909
7145,43,254,2,1,-0.63636
7145,43,254,3,2,-0.090909
7145,43,254,4,2,0.36364
7145,43,254,5,2,0.18182
7145,43,254,6,2,-0.54545
7145,43,254,7,2,0.45455
7145,43,254,8,2,-0.27273
7145,43,254,9,2,-0.36364
7145,43,254,10,2,-0.36364
7145,43,254,11,2,-0.54545
7145,43,254,12,2,0.81818
7145,43,254,13,2,0.45455
7145,43,254,14,1,0.81818
7145,43,254,15,2,0.36364
7145,43,254,16,1,-0.27273
7145,43,254,17,1,0.36364
7145,43,254,18,2,-0.090909
7145,43,254,19,2,-0.090909
7145,43,254,20,1,-0.36364
7145,43,254,21,2,-0.54545
7145,43,254,22,1,0.36364
7145,43,254,23,2,0.72727
7145,43,254,24,2,-0.45455
7145,43,254,25,1,-0.81818
7145,43,254,26,2,-0.090909
7145,43,254,27,1,0.36364
7145,43,254,28,1,0.81818
7145,43,254,29,1,0.45455
7145,43,254,30,1,0.81818
7145,43,254,31,1,0.45455
7145,43,254,32,2,-0.36364
7145,43,254,33,2,-0.36364
7145,43,254,34,1,-0.27273
7145,43,254,35,1,0.36364
7145,43,254,36,2,-0.63636
7145,43,254,37,1,0.45455
7145,43,254,38,1,0.63636
7145,43,254,39,1,0.45455
7145,43,254,40,1,0.18182
7145,43,254,41,1,0.27273
7145,43,254,42,2,-0.36364
7145,43,254,43,1,-0.54545
7145,43,254,44,1,0.18182
7145,43,254,45,1,0.81818
7145,43,254,46,2,0.090909
7145,43,254,47,2,-0.54545
7145,43,254,48,1,0.81818
7145,43,254,49,2,-0.54545
7145,43,254,50,1,-0.63636
7145,43,254,51,1,-0.090909
7145,43,255,1,1,-0.18182
7145,43,255,2,2,-0.18182
7145,43,255,3,2,-0.45455
7145,43,255,4,2,0.27273
7145,43,255,5,2,0.72727
7145,43,255,6,1,-0.36364
7145,43,255,7,2,0.45455
7145,43,255,8,2,0.54545
7145,43,255,9,1,0.72727
7145,43,255,10,1,-0.27273
7145,43,255,11,2,-0.36364
7145,43,255,12,1,0.36364
7145,43,255,13,1,0.36364
7145,43,255,14,2,-0.45455
7145,43,255,15,1,0.27273
7145,43,255,16,1,0.27273
7145,43,255,17,2,-0.36364
7145,43,255,18,1,0.54545
7145,43,255,19,1,-0.27273
7145,43,255,20,2,-0.18182
7145,43,255,21,2,-0.45455
7145,43,255,22,1,0.72727
7145,43,255,23,1,0.36364
7145,43,255,24,2,-0.18182
7145,43,255,25,2,-0.36364
7145,43,255,26,1,0.36364
7145,43,255,27,2,0.63636
7145,43,255,28,2,-0.45455
7145,43,255,29,2,-0.18182
7145,43,255,30,1,0.45455
7145,43,255,31,1,0.27273
7145,43,255,32,1,-0.45455
7145,43,255,33,2,-0.18182
7145,43,255,34,1,0.72727
7145,43,255,35,2,-0.36364
7145,43,255,36,1,0.45455
7145,43,255,37,2,-0.63636
7145,43,255,38,1,0.27273
7145,43,255,39,1,-0.27273
7145,43,255,40,1,0.090909
7145,43,255,41,1,0.54545
7145,43,255,42,2,-0.72727
7145,43,255,43,1,0.27273
7145,43,255,44,1,0.72727
7145,43,255,45,1,0.72727
7145,43,255,46,1,0.36364
7145,43,255,47,2,-0.81818
7145,43,255,48,2,0.18182
7145,43,255,49,2,-0.45455
7145,43,255,50,1,0.36364
7145,43,255,51,2,-0.36364
7145,43,256,1,2,0.18182
7145,43,256,2,1,0.090909
7145,43,256,3,1,-0.18182
7145,43,256,4,2,0.18182
7145,43,256,5,1,-0.27273
7145,43,256,6,2,-0.36364
7145,43,256,7,1,0.45455
7145,43,256,8,1,-0.090909
7145,43,256,9,1,0.36364
7145,43,256,10,1,-0.090909
7145,43,256,11,2,0.54545
7145,43,256,12,1,0.36364
7145,43,256,13,2,-0.18182
7145,43,256,14,2,-0.18182
7145,43,256,15,1,0.45455
7145,43,256,16,1,0.090909
7145,43,256,17,1,0.45455
7145,43,256,18,1,-0.090909
7145,43,256,19,2,-0.090909
7145,43,256,20,2,0.18182
7145,43,256,21,2,-0.090909
7145,43,256,22,2,-0.36364
7145,43,256,23,1,0.18182
7145,43,256,24,1,0.54545
7145,43,256,25,2,-0.45455
7145,43,256,26,1,0.63636
7145,43,256,27,1,0.18182
7145,43,256,28,1,0.36364
7145,43,256,29,1,0.18182
7145,43,256,30,2,-0.18182
7145,43,256,31,1,0.27273
7145,43,256,32,1,0.45455
7145,43,256,33,1,0.45455
7145,43,256,34,2,-0.36364
7145,43,256,35,1,0.54545
7145,43,256,36,1,-0.090909
7145,43,256,37,2,-0.36364
7145,43,256,38,1,0.18182
7145,43,256,39,2,-0.18182
7145,43,256,40,2,-0.18182
7145,43,256,41,1,0.090909
7145,43,256,42,1,0.63636
7145,43,256,43,1,0.090909
7145,43,256,44,1,0.72727
7145,43,256,45,2,-0.090909
7145,43,256,46,1,0.54545
7145,43,256,47,1,0.18182
7145,43,256,48,1,0.090909
7145,43,256,49,2,-0.27273
7145,43,256,50,1,0.18182
7145,43,256,51,2,-0.36364
7145,43,257,1,2,-0.63636
7145,43,257,2,2,0.81818
7145,43,257,3,1,-0.81818
7145,43,257,4,1,-0.18182
7145,43,257,5,2,-0.63636
7145,43,257,6,2,0.81818
7145,43,257,7,2,-0.18182
7145,43,257,8,2,-0.36364
7145,43,257,9,1,-0.27273
7145,43,257,10,1,-0.54545
7145,43,257,11,2,-0.36364
7145,43,257,12,2,0.36364
7145,43,257,13,2,-0.45455
7145,43,257,14,2,-0.81818
7145,43,257,15,2,-0.45455
7145,43,257,16,2,0.63636
7145,43,257,17,2,0.090909
7145,43,257,18,2,-0.63636
7145,43,257,19,2,-0.63636
7145,43,257,20,2,0.27273
7145,43,257,21,2,-0.27273
7145,43,257,22,2,-0.45455
7145,43,257,23,2,0.72727
7145,43,257,24,2,-0.18182
7145,43,257,25,2,0.81818
7145,43,257,26,2,0.36364
7145,43,257,27,1,0.45455
7145,43,257,28,2,-0.81818
7145,43,257,29,2,-0.54545
7145,43,257,30,2,-0.36364
7145,43,257,31,1,0.81818
7145,43,257,32,1,-0.63636
7145,43,257,33,2,-0.45455
7145,43,257,34,2,-0.36364
7145,43,257,35,2,-0.81818
7145,43,257,36,2,-0.81818
7145,43,257,37,2,0.36364
7145,43,257,38,2,-0.45455
7145,43,257,39,2,-0.18182
7145,43,257,40,2,-0.18182
7145,43,257,41,2,-0.36364
7145,43,257,42,1,0.81818
7145,43,257,43,2,0.18182
7145,43,257,44,2,-0.18182
7145,43,257,45,2,-0.27273
7145,43,257,46,2,-0.54545
7145,43,257,47,1,0.81818
7145,43,257,48,2,-0.63636
7145,43,257,49,2,-0.45455
7145,43,257,50,2,-0.81818
7145,43,257,51,2,-0.36364
7145,43,258,1,2,0.090909
7145,43,258,2,2,0.090909
7145,43,258,3,2,0.45455
7145,43,258,4,2,-0.54545
7145,43,258,5,2,0.18182
7145,43,258,6,2,-0.45455
7145,43,258,7,1,0.090909
7145,43,258,8,2,-0.54545
7145,43,258,9,1,0.27273
7145,43,258,10,1,0.36364
7145,43,258,11,2,-0.45455
7145,43,258,12,2,0.090909
7145,43,258,13,1,0.54545
7145,43,258,14,2,-0.45455
7145,43,258,15,1,0.090909
7145,43,258,16,1,-0.18182
7145,43,258,17,1,0.36364
7145,43,258,18,1,-0.18182
7145,43,258,19,1,0.27273
7145,43,258,20,2,-0.18182
7145,43,258,21,1,0.45455
7145,43,258,22,2,-0.36364
7145,43,258,23,2,-0.54545
7145,43,258,24,1,0.45455
7145,43,258,25,1,0.54545
7145,43,258,26,2,0.090909
7145,43,258,27,1,0.18182
7145,43,258,28,2,-0.36364
7145,43,258,29,1,-0.090909
7145,43,258,30,2,-0.54545
7145,43,258,31,2,0.090909
7145,43,258,32,2,-0.18182
7145,43,258,33,2,-0.54545
7145,43,258,34,2,-0.090909
7145,43,258,35,1,-0.27273
7145,43,258,36,2,-0.45455
7145,43,258,37,1,0.72727
7145,43,258,38,2,-0.45455
7145,43,258,39,2,-0.36364
7145,43,258,40,1,0.090909
7145,43,258,41,1,0.090909
7145,43,258,42,2,-0.54545
7145,43,258,43,1,0.36364
7145,43,258,44,1,0.18182
7145,43,258,45,1,0.63636
7145,43,258,46,1,0.090909
7145,43,258,47,2,-0.54545
7145,43,258,48,1,0.27273
7145,43,258,49,1,0.090909
7145,43,258,50,1,0.090909
7145,43,258,51,2,-0.45455
7145,44,259,1,2,0.090909
7145,44,259,2,2,-0.090909
7145,44,259,3,2,-0.090909
7145,44,259,4,2,0.36364
7145,44,259,5,1,0.27273
7145,44,259,6,2,-0.72727
7145,44,259,7,1,0.18182
7145,44,259,8,2,-0.45455
7145,44,259,9,1,0.090909
7145,44,259,10,2,-0.54545
7145,44,259,11,2,-0.54545
7145,44,259,12,2,0.090909
7145,44,259,13,1,-0.27273
7145,44,259,14,2,0.090909
7145,44,259,15,2,0.27273
7145,44,259,16,2,0.090909
7145,44,259,17,2,0.45455
7145,44,259,18,1,0.090909
7145,44,259,19,1,0.18182
7145,44,259,20,2,-0.45455
7145,44,259,21,2,-0.27273
7145,44,259,22,2,-0.45455
7145,44,259,23,2,-0.27273
7145,44,259,24,2,-0.45455
7145,44,259,25,1,0.36364
7145,44,259,26,2,0.090909
7145,44,259,27,1,-0.090909
7145,44,259,28,1,0.18182
7145,44,259,29,2,-0.45455
7145,44,259,30,1,-0.090909
7145,44,259,31,1,0.18182
7145,44,259,32,2,0.090909
7145,44,259,33,1,0.090909
7145,44,259,34,1,0.090909
7145,44,259,35,2,-0.27273
7145,44,259,36,2,-0.63636
7145,44,259,37,2,0.090909
7145,44,259,38,1,-0.27273
7145,44,259,39,1,0.45455
7145,44,259,40,1,0.36364
7145,44,259,41,2,-0.36364
7145,44,259,42,1,0.36364
7145,44,259,43,1,-0.090909
7145,44,259,44,2,-0.45455
7145,44,259,45,1,0.63636
7145,44,259,46,1,0.18182
7145,44,259,47,2,-0.090909
7145,44,259,48,2,-0.18182
7145,44,259,49,1,0.45455
7145,44,259,50,2,-0.63636
7145,44,259,51,2,-0.36364
7145,44,260,1,1,-0.090909
7145,44,260,2,2,-0.63636
7145,44,260,3,2,-0.090909
7145,44,260,4,2,0.36364
7145,44,260,5,1,0.18182
7145,44,260,6,1,-0.54545
7145,44,260,7,1,0.45455
7145,44,260,8,2,-0.27273
7145,44,260,9,2,-0.36364
7145,44,260,10,2,-0.36364
7145,44,260,11,2,-0.54545
7145,44,260,12,2,0.81818
7145,44,260,13,2,0.45455
7145,44,260,14,1,0.81818
7145,44,260,15,1,0.36364
7145,44,260,16,1,-0.27273
7145,44,260,17,1,0.36364
7145,44,260,18,1,-0.090909
7145,44,260,19,2,-0.090909
7145,44,260,20,2,-0.36364
7145,44,260,21,2,-0.54545
7145,44,260,22,1,0.36364
7145,44,260,23,2,0.72727
7145,44,260,24,1,-0.45455
7145,44,260,25,1,-0.81818
7145,44,260,26,1,-0.090909
7145,44,260,27,1,0.36364
7145,44,260,28,1,0.81818
7145,44,260,29,1,0.45455
7145,44,260,30,1,0.81818
7145,44,260,31,1,0.45455
7145,44,260,32,2,-0.36364
7145,44,260,33,2,-0.36364
7145,44,260,34,1,-0.27273
7145,44,260,35,1,0.36364
7145,44,260,36,2,-0.63636
7145,44,260,37,1,0.45455
7145,44,260,38,1,0.63636
7145,44,260,39,1,0.45455
7145,44,260,40,2,0.18182
7145,44,260,41,1,0.27273
7145,44,260,42,2,-0.36364
7145,44,260,43,2,-0.54545
7145,44,260,44,2,0.18182
7145,44,260,45,1,0.81818
7145,44,260,46,1,0.090909
7145,44,260,47,2,-0.54545
7145,44,260,48,1,0.81818
7145,44,260,49,2,-0.54545
7145,44,260,50,2,-0.63636
7145,44,260,51,1,-0.090909
7145,44,261,1,1,-0.18182
7145,44,261,2,2,-0.18182
7145,44,261,3,2,-0.45455
7145,44,261,4,2,0.27273
7145,44,261,5,1,0.72727
7145,44,261,6,2,-0.36364
7145,44,261,7,1,0.45455
7145,44,261,8,2,0.54545
7145,44,261,9,1,0.72727
7145,44,261,10,1,-0.27273
7145,44,261,11,2,-0.36364
7145,44,261,12,1,0.36364
7145,44,261,13,2,0.36364
7145,44,261,14,2,-0.45455
7145,44,261,15,1,0.27273
7145,44,261,16,1,0.27273
7145,44,261,17,2,-0.36364
7145,44,261,18,2,0.54545
7145,44,261,19,2,-0.27273
7145,44,261,20,2,-0.18182
7145,44,261,21,1,-0.45455
7145,44,261,22,1,0.72727
7145,44,261,23,1,0.36364
7145,44,261,24,2,-0.18182
7145,44,261,25,2,-0.36364
7145,44,261,26,1,0.36364
7145,44,261,27,2,0.63636
7145,44,261,28,2,-0.45455
7145,44,261,29,1,-0.18182
7145,44,261,30,1,0.45455
7145,44,261,31,1,0.27273
7145,44,261,32,2,-0.45455
7145,44,261,33,1,-0.18182
7145,44,261,34,1,0.72727
7145,44,261,35,2,-0.36364
7145,44,261,36,1,0.45455
7145,44,261,37,2,-0.63636
7145,44,261,38,1,0.27273
7145,44,261,39,2,-0.27273
7145,44,261,40,2,0.090909
7145,44,261,41,1,0.54545
7145,44,261,42,1,-0.72727
7145,44,261,43,1,0.27273
7145,44,261,44,1,0.72727
7145,44,261,45,1,0.72727
7145,44,261,46,1,0.36364
7145,44,261,47,1,-0.81818
7145,44,261,48,1,0.18182
7145,44,261,49,2,-0.45455
7145,44,261,50,1,0.36364
7145,44,261,51,2,-0.36364
7145,44,262,1,2,0.18182
7145,44,262,2,1,0.090909
7145,44,262,3,2,-0.18182
7145,44,262,4,2,0.18182
7145,44,262,5,1,-0.27273
7145,44,262,6,1,-0.36364
7145,44,262,7,1,0.45455
7145,44,262,8,1,-0.090909
7145,44,262,9,1,0.36364
7145,44,262,10,1,-0.090909
7145,44,262,11,1,0.54545
7145,44,262,12,1,0.36364
7145,44,262,13,2,-0.18182
7145,44,262,14,2,-0.18182
7145,44,262,15,1,0.45455
7145,44,262,16,1,0.090909
7145,44,262,17,1,0.45455
7145,44,262,18,1,-0.090909
7145,44,262,19,1,-0.090909
7145,44,262,20,2,0.18182
7145,44,262,21,1,-0.090909
7145,44,262,22,2,-0.36364
7145,44,262,23,2,0.18182
7145,44,262,24,1,0.54545
7145,44,262,25,2,-0.45455
7145,44,262,26,1,0.63636
7145,44,262,27,2,0.18182
7145,44,262,28,1,0.36364
7145,44,262,29,1,0.18182
7145,44,262,30,2,-0.18182
7145,44,262,31,1,0.27273
7145,44,262,32,1,0.45455
7145,44,262,33,1,0.45455
7145,44,262,34,2,-0.36364
7145,44,262,35,1,0.54545
7145,44,262,36,2,-0.090909
7145,44,262,37,1,-0.36364
7145,44,262,38,1,0.18182
7145,44,262,39,2,-0.18182
7145,44,262,40,2,-0.18182
7145,44,262,41,2,0.090909
7145,44,262,42,1,0.63636
7145,44,262,43,1,0.090909
7145,44,262,44,1,0.72727
7145,44,262,45,2,-0.090909
7145,44,262,46,1,0.54545
7145,44,262,47,1,0.18182
7145,44,262,48,2,0.090909
7145,44,262,49,2,-0.27273
7145,44,262,50,1,0.18182
7145,44,262,51,2,-0.36364
7145,44,263,1,2,-0.63636
7145,44,263,2,2,0.81818
7145,44,263,3,2,-0.81818
7145,44,263,4,2,-0.18182
7145,44,263,5,1,-0.63636
7145,44,263,6,2,0.81818
7145,44,263,7,2,-0.18182
7145,44,263,8,2,-0.36364
7145,44,263,9,1,-0.27273
7145,44,263,10,1,-0.54545
7145,44,263,11,2,-0.36364
7145,44,263,12,2,0.36364
7145,44,263,13,2,-0.45455
7145,44,263,14,2,-0.81818
7145,44,263,15,2,-0.45455
7145,44,263,16,1,0.63636
7145,44,263,17,1,0.090909
7145,44,263,18,2,-0.63636
7145,44,263,19,2,-0.63636
7145,44,263,20,1,0.27273
7145,44,263,21,2,-0.27273
7145,44,263,22,2,-0.45455
7145,44,263,23,2,0.72727
7145,44,263,24,2,-0.18182
7145,44,263,25,1,0.81818
7145,44,263,26,2,0.36364
7145,44,263,27,2,0.45455
7145,44,263,28,2,-0.81818
7145,44,263,29,2,-0.54545
7145,44,263,30,2,-0.36364
7145,44,263,31,1,0.81818
7145,44,263,32,2,-0.63636
7145,44,263,33,2,-0.45455
7145,44,263,34,2,-0.36364
7145,44,263,35,2,-0.81818
7145,44,263,36,2,-0.81818
7145,44,263,37,2,0.36364
7145,44,263,38,2,-0.45455
7145,44,263,39,2,-0.18182
7145,44,263,40,2,-0.18182
7145,44,263,41,2,-0.36364
7145,44,263,42,1,0.81818
7145,44,263,43,2,0.18182
7145,44,263,44,2,-0.18182
7145,44,263,45,1,-0.27273
7145,44,263,46,2,-0.54545
7145,44,263,47,1,0.81818
7145,44,263,48,2,-0.63636
7145,44,263,49,2,-0.45455
7145,44,263,50,2,-0.81818
7145,44,263,51,2,-0.36364
7145,44,264,1,1,0.090909
7145,44,264,2,2,0.090909
7145,44,264,3,1,0.45455
7145,44,264,4,1,-0.54545
7145,44,264,5,2,0.18182
7145,44,264,6,2,-0.45455
7145,44,264,7,2,0.090909
7145,44,264,8,2,-0.54545
7145,44,264,9,1,0.27273
7145,44,264,10,1,0.36364
7145,44,264,11,2,-0.45455
7145,44,264,12,2,0.090909
7145,44,264,13,1,0.54545
7145,44,264,14,2,-0.45455
7145,44,264,15,1,0.090909
7145,44,264,16,2,-0.18182
7145,44,264,17,1,0.36364
7145,44,264,18,1,-0.18182
7145,44,264,19,1,0.27273
7145,44,264,20,2,-0.18182
7145,44,264,21,1,0.45455
7145,44,264,22,2,-0.36364
7145,44,264,23,2,-0.54545
7145,44,264,24,1,0.45455
7145,44,264,25,1,0.54545
7145,44,264,26,2,0.090909
7145,44,264,27,1,0.18182
7145,44,264,28,2,-0.36364
7145,44,264,29,1,-0.090909
7145,44,264,30,2,-0.54545
7145,44,264,31,1,0.090909
7145,44,264,32,2,-0.18182
7145,44,264,33,2,-0.54545
7145,44,264,34,1,-0.090909
7145,44,264,35,1,-0.27273
7145,44,264,36,2,-0.45455
7145,44,264,37,1,0.72727
7145,44,264,38,2,-0.45455
7145,44,264,39,2,-0.36364
7145,44,264,40,1,0.090909
7145,44,264,41,2,0.090909
7145,44,264,42,2,-0.54545
7145,44,264,43,1,0.36364
7145,44,264,44,1,0.18182
7145,44,264,45,1,0.63636
7145,44,264,46,2,0.090909
7145,44,264,47,2,-0.54545
7145,44,264,48,1,0.27273
7145,44,264,49,2,0.090909
7145,44,264,50,2,0.090909
7145,44,264,51,2,-0.45455
7145,45,265,1,2,0.090909
7145,45,265,2,1,-0.090909
7145,45,265,3,2,-0.090909
7145,45,265,4,2,0.36364
7145,45,265,5,1,0.27273
7145,45,265,6,2,-0.72727
7145,45,265,7,2,0.18182
7145,45,265,8,2,-0.45455
7145,45,265,9,1,0.090909
7145,45,265,10,2,-0.54545
7145,45,265,11,2,-0.54545
7145,45,265,12,1,0.090909
7145,45,265,13,2,-0.27273
7145,45,265,14,2,0.090909
7145,45,265,15,1,0.27273
7145,45,265,16,2,0.090909
7145,45,265,17,2,0.45455
7145,45,265,18,1,0.090909
7145,45,265,19,1,0.18182
7145,45,265,20,2,-0.45455
7145,45,265,21,2,-0.27273
7145,45,265,22,2,-0.45455
7145,45,265,23,2,-0.27273
7145,45,265,24,2,-0.45455
7145,45,265,25,1,0.36364
7145,45,265,26,2,0.090909
7145,45,265,27,1,-0.090909
7145,45,265,28,1,0.18182
7145,45,265,29,2,-0.45455
7145,45,265,30,2,-0.090909
7145,45,265,31,1,0.18182
7145,45,265,32,2,0.090909
7145,45,265,33,1,0.090909
7145,45,265,34,2,0.090909
7145,45,265,35,2,-0.27273
7145,45,265,36,2,-0.63636
7145,45,265,37,1,0.090909
7145,45,265,38,1,-0.27273
7145,45,265,39,1,0.45455
7145,45,265,40,1,0.36364
7145,45,265,41,2,-0.36364
7145,45,265,42,1,0.36364
7145,45,265,43,2,-0.090909
7145,45,265,44,2,-0.45455
7145,45,265,45,1,0.63636
7145,45,265,46,1,0.18182
7145,45,265,47,2,-0.090909
7145,45,265,48,1,-0.18182
7145,45,265,49,1,0.45455
7145,45,265,50,2,-0.63636
7145,45,265,51,2,-0.36364
7145,45,266,1,2,-0.090909
7145,45,266,2,2,-0.63636
7145,45,266,3,1,-0.090909
7145,45,266,4,2,0.36364
7145,45,266,5,1,0.18182
7145,45,266,6,2,-0.54545
7145,45,266,7,1,0.45455
7145,45,266,8,2,-0.27273
7145,45,266,9,2,-0.36364
7145,45,266,10,1,-0.36364
7145,45,266,11,2,-0.54545
7145,45,266,12,1,0.81818
7145,45,266,13,2,0.45455
7145,45,266,14,1,0.81818
7145,45,266,15,2,0.36364
7145,45,266,16,2,-0.27273
7145,45,266,17,1,0.36364
7145,45,266,18,1,-0.090909
7145,45,266,19,2,-0.090909
7145,45,266,20,2,-0.36364
7145,45,266,21,2,-0.54545
7145,45,266,22,1,0.36364
7145,45,266,23,2,0.72727
7145,45,266,24,1,-0.45455
7145,45,266,25,2,-0.81818
7145,45,266,26,2,-0.090909
7145,45,266,27,2,0.36364
7145,45,266,28,1,0.81818
7145,45,266,29,1,0.45455
7145,45,266,30,1,0.81818
7145,45,266,31,1,0.45455
7145,45,266,32,2,-0.36364
7145,45,266,33,2,-0.36364
7145,45,266,34,1,-0.27273
7145,45,266,35,1,0.36364
7145,45,266,36,2,-0.63636
7145,45,266,37,1,0.45455
7145,45,266,38,1,0.63636
7145,45,266,39,1,0.45455
7145,45,266,40,1,0.18182
7145,45,266,41,2,0.27273
7145,45,266,42,2,-0.36364
7145,45,266,43,2,-0.54545
7145,45,266,44,2,0.18182
7145,45,266,45,1,0.81818
7145,45,266,46,2,0.090909
7145,45,266,47,2,-0.54545
7145,45,266,48,1,0.81818
7145,45,266,49,2,-0.54545
7145,45,266,50,2,-0.63636
7145,45,266,51,1,-0.090909
7145,45,267,1,1,-0.18182
7145,45,267,2,2,-0.18182
7145,45,267,3,1,-0.45455
7145,45,267,4,2,0.27273
7145,45,267,5,2,0.72727
7145,45,267,6,1,-0.36364
7145,45,267,7,2,0.45455
7145,45,267,8,2,0.54545
7145,45,267,9,1,0.72727
7145,45,267,10,1,-0.27273
7145,45,267,11,2,-0.36364
7145,45,267,12,1,0.36364
7145,45,267,13,1,0.36364
7145,45,267,14,1,-0.45455
7145,45,267,15,1,0.27273
7145,45,267,16,1,0.27273
7145,45,267,17,2,-0.36364
7145,45,267,18,1,0.54545
7145,45,267,19,1,-0.27273
7145,45,267,20,2,-0.18182
7145,45,267,21,2,-0.45455
7145,45,267,22,1,0.72727
7145,45,267,23,1,0.36364
7145,45,267,24,1,-0.18182
7145,45,267,25,2,-0.36364
7145,45,267,26,1,0.36364
7145,45,267,27,2,0.63636
7145,45,267,28,2,-0.45455
7145,45,267,29,2,-0.18182
7145,45,267,30,2,0.45455
7145,45,267,31,1,0.27273
7145,45,267,32,2,-0.45455
7145,45,267,33,2,-0.18182
7145,45,267,34,1,0.72727
7145,45,267,35,2,-0.36364
7145,45,267,36,1,0.45455
7145,45,267,37,1,-0.63636
7145,45,267,38,2,0.27273
7145,45,267,39,2,-0.27273
7145,45,267,40,1,0.090909
7145,45,267,41,1,0.54545
7145,45,267,42,1,-0.72727
7145,45,267,43,1,0.27273
7145,45,267,44,1,0.72727
7145,45,267,45,1,0.72727
7145,45,267,46,1,0.36364
7145,45,267,47,1,-0.81818
7145,45,267,48,2,0.18182
7145,45,267,49,2,-0.45455
7145,45,267,50,1,0.36364
7145,45,267,51,2,-0.36364
7145,45,268,1,1,0.18182
7145,45,268,2,1,0.090909
7145,45,268,3,1,-0.18182
7145,45,268,4,1,0.18182
7145,45,268,5,1,-0.27273
7145,45,268,6,2,-0.36364
7145,45,268,7,1,0.45455
7145,45,268,8,2,-0.090909
7145,45,268,9,1,0.36364
7145,45,268,10,2,-0.090909
7145,45,268,11,1,0.54545
7145,45,268,12,1,0.36364
7145,45,268,13,2,-0.18182
7145,45,268,14,2,-0.18182
7145,45,268,15,1,0.45455
7145,45,268,16,1,0.090909
7145,45,268,17,1,0.45455
7145,45,268,18,1,-0.090909
7145,45,268,19,2,-0.090909
7145,45,268,20,2,0.18182
7145,45,268,21,1,-0.090909
7145,45,268,22,1,-0.36364
7145,45,268,23,2,0.18182
7145,45,268,24,1,0.54545
7145,45,268,25,2,-0.45455
7145,45,268,26,2,0.63636
7145,45,268,27,2,0.18182
7145,45,268,28,1,0.36364
7145,45,268,29,1,0.18182
7145,45,268,30,1,-0.18182
7145,45,268,31,1,0.27273
7145,45,268,32,1,0.45455
7145,45,268,33,1,0.45455
7145,45,268,34,2,-0.36364
7145,45,268,35,1,0.54545
7145,45,268,36,2,-0.090909
7145,45,268,37,2,-0.36364
7145,45,268,38,1,0.18182
7145,45,268,39,2,-0.18182
7145,45,268,40,2,-0.18182
7145,45,268,41,2,0.090909
7145,45,268,42,1,0.63636
7145,45,268,43,1,0.090909
7145,45,268,44,1,0.72727
7145,45,268,45,1,-0.090909
7145,45,268,46,1,0.54545
7145,45,268,47,2,0.18182
7145,45,268,48,1,0.090909
7145,45,268,49,2,-0.27273
7145,45,268,50,1,0.18182
7145,45,268,51,2,-0.36364
7145,45,269,1,1,-0.63636
7145,45,269,2,2,0.81818
7145,45,269,3,1,-0.81818
7145,45,269,4,2,-0.18182
7145,45,269,5,2,-0.63636
7145,45,269,6,1,0.81818
7145,45,269,7,2,-0.18182
7145,45,269,8,2,-0.36364
7145,45,269,9,2,-0.27273
7145,45,269,10,2,-0.54545
7145,45,269,11,2,-0.36364
7145,45,269,12,2,0.36364
7145,45,269,13,2,-0.45455
7145,45,269,14,2,-0.81818
7145,45,269,15,2,-0.45455
7145,45,269,16,2,0.63636
7145,45,269,17,2,0.090909
7145,45,269,18,2,-0.63636
7145,45,269,19,2,-0.63636
7145,45,269,20,2,0.27273
7145,45,269,21,2,-0.27273
7145,45,269,22,2,-0.45455
7145,45,269,23,2,0.72727
7145,45,269,24,2,-0.18182
7145,45,269,25,1,0.81818
7145,45,269,26,2,0.36364
7145,45,269,27,2,0.45455
7145,45,269,28,2,-0.81818
7145,45,269,29,2,-0.54545
7145,45,269,30,2,-0.36364
7145,45,269,31,1,0.81818
7145,45,269,32,2,-0.63636
7145,45,269,33,2,-0.45455
7145,45,269,34,2,-0.36364
7145,45,269,35,2,-0.81818
7145,45,269,36,2,-0.81818
7145,45,269,37,2,0.36364
7145,45,269,38,2,-0.45455
7145,45,269,39,2,-0.18182
7145,45,269,40,2,-0.18182
7145,45,269,41,2,-0.36364
7145,45,269,42,1,0.81818
7145,45,269,43,2,0.18182
7145,45,269,44,2,-0.18182
7145,45,269,45,2,-0.27273
7145,45,269,46,2,-0.54545
7145,45,269,47,1,0.81818
7145,45,269,48,1,-0.63636
7145,45,269,49,2,-0.45455
7145,45,269,50,2,-0.81818
7145,45,269,51,2,-0.36364
7145,45,270,1,2,0.090909
7145,45,270,2,2,0.090909
7145,45,270,3,1,0.45455
7145,45,270,4,1,-0.54545
7145,45,270,5,2,0.18182
7145,45,270,6,2,-0.45455
7145,45,270,7,2,0.090909
7145,45,270,8,2,-0.54545
7145,45,270,9,2,0.27273
7145,45,270,10,1,0.36364
7145,45,270,11,2,-0.45455
7145,45,270,12,2,0.090909
7145,45,270,13,1,0.54545
7145,45,270,14,2,-0.45455
7145,45,270,15,1,0.090909
7145,45,270,16,1,-0.18182
7145,45,270,17,1,0.36364
7145,45,270,18,1,-0.18182
7145,45,270,19,1,0.27273
7145,45,270,20,2,-0.18182
7145,45,270,21,1,0.45455
7145,45,270,22,2,-0.36364
7145,45,270,23,2,-0.54545
7145,45,270,24,2,0.45455
7145,45,270,25,1,0.54545
7145,45,270,26,2,0.090909
7145,45,270,27,1,0.18182
7145,45,270,28,2,-0.36364
7145,45,270,29,2,-0.090909
7145,45,270,30,2,-0.54545
7145,45,270,31,2,0.090909
7145,45,270,32,2,-0.18182
7145,45,270,33,2,-0.54545
7145,45,270,34,2,-0.090909
7145,45,270,35,1,-0.27273
7145,45,270,36,2,-0.45455
7145,45,270,37,1,0.72727
7145,45,270,38,2,-0.45455
7145,45,270,39,2,-0.36364
7145,45,270,40,1,0.090909
7145,45,270,41,2,0.090909
7145,45,270,42,2,-0.54545
7145,45,270,43,1,0.36364
7145,45,270,44,1,0.18182
7145,45,270,45,1,0.63636
7145,45,270,46,2,0.090909
7145,45,270,47,2,-0.54545
7145,45,270,48,1,0.27273
7145,45,270,49,2,0.090909
7145,45,270,50,1,0.090909
7145,45,270,51,2,-0.45455
7145,46,271,1,1,0.090909
7145,46,271,2,2,-0.090909
7145,46,271,3,1,-0.090909
7145,46,271,4,2,0.36364
7145,46,271,5,2,0.27273
7145,46,271,6,1,-0.72727
7145,46,271,7,1,0.18182
7145,46,271,8,2,-0.45455
7145,46,271,9,2,0.090909
7145,46,271,10,2,-0.54545
7145,46,271,11,2,-0.54545
7145,46,271,12,2,0.090909
7145,46,271,13,2,-0.27273
7145,46,271,14,2,0.090909
7145,46,271,15,2,0.27273
7145,46,271,16,2,0.090909
7145,46,271,17,2,0.45455
7145,46,271,18,1,0.090909
7145,46,271,19,1,0.18182
7145,46,271,20,2,-0.45455
7145,46,271,21,2,-0.27273
7145,46,271,22,2,-0.45455
7145,46,271,23,2,-0.27273
7145,46,271,24,2,-0.45455
7145,46,271,25,1,0.36364
7145,46,271,26,2,0.090909
7145,46,271,27,2,-0.090909
7145,46,271,28,1,0.18182
7145,46,271,29,2,-0.45455
7145,46,271,30,2,-0.090909
7145,46,271,31,1,0.18182
7145,46,271,32,2,0.090909
7145,46,271,33,2,0.090909
7145,46,271,34,1,0.090909
7145,46,271,35,2,-0.27273
7145,46,271,36,2,-0.63636
7145,46,271,37,2,0.090909
7145,46,271,38,2,-0.27273
7145,46,271,39,1,0.45455
7145,46,271,40,1,0.36364
7145,46,271,41,2,-0.36364
7145,46,271,42,1,0.36364
7145,46,271,43,1,-0.090909
7145,46,271,44,2,-0.45455
7145,46,271,45,1,0.63636
7145,46,271,46,1,0.18182
7145,46,271,47,1,-0.090909
7145,46,271,48,2,-0.18182
7145,46,271,49,1,0.45455
7145,46,271,50,2,-0.63636
7145,46,271,51,2,-0.36364
7145,46,272,1,1,-0.090909
7145,46,272,2,1,-0.63636
7145,46,272,3,2,-0.090909
7145,46,272,4,1,0.36364
7145,46,272,5,2,0.18182
7145,46,272,6,1,-0.54545
7145,46,272,7,1,0.45455
7145,46,272,8,2,-0.27273
7145,46,272,9,2,-0.36364
7145,46,272,10,2,-0.36364
7145,46,272,11,1,-0.54545
7145,46,272,12,1,0.81818
7145,46,272,13,2,0.45455
7145,46,272,14,1,0.81818
7145,46,272,15,2,0.36364
7145,46,272,16,1,-0.27273
7145,46,272,17,2,0.36364
7145,46,272,18,2,-0.090909
7145,46,272,19,1,-0.090909
7145,46,272,20,2,-0.36364
7145,46,272,21,2,-0.54545
7145,46,272,22,1,0.36364
7145,46,272,23,2,0.72727
7145,46,272,24,2,-0.45455
7145,46,272,25,1,-0.81818
7145,46,272,26,2,-0.090909
7145,46,272,27,1,0.36364
7145,46,272,28,1,0.81818
7145,46,272,29,1,0.45455
7145,46,272,30,1,0.81818
7145,46,272,31,1,0.45455
7145,46,272,32,1,-0.36364
7145,46,272,33,2,-0.36364
7145,46,272,34,1,-0.27273
7145,46,272,35,1,0.36364
7145,46,272,36,2,-0.63636
7145,46,272,37,1,0.45455
7145,46,272,38,2,0.63636
7145,46,272,39,1,0.45455
7145,46,272,40,1,0.18182
7145,46,272,41,1,0.27273
7145,46,272,42,2,-0.36364
7145,46,272,43,1,-0.54545
7145,46,272,44,2,0.18182
7145,46,272,45,1,0.81818
7145,46,272,46,1,0.090909
7145,46,272,47,2,-0.54545
7145,46,272,48,1,0.81818
7145,46,272,49,2,-0.54545
7145,46,272,50,2,-0.63636
7145,46,272,51,1,-0.090909
7145,46,273,1,1,-0.18182
7145,46,273,2,2,-0.18182
7145,46,273,3,2,-0.45455
7145,46,273,4,2,0.27273
7145,46,273,5,2,0.72727
7145,46,273,6,2,-0.36364
7145,46,273,7,2,0.45455
7145,46,273,8,1,0.54545
7145,46,273,9,1,0.72727
7145,46,273,10,1,-0.27273
7145,46,273,11,2,-0.36364
7145,46,273,12,2,0.36364
7145,46,273,13,1,0.36364
7145,46,273,14,1,-0.45455
7145,46,273,15,1,0.27273
7145,46,273,16,1,0.27273
7145,46,273,17,2,-0.36364
7145,46,273,18,1,0.54545
7145,46,273,19,1,-0.27273
7145,46,273,20,1,-0.18182
7145,46,273,21,2,-0.45455
7145,46,273,22,1,0.72727
7145,46,273,23,1,0.36364
7145,46,273,24,2,-0.18182
7145,46,273,25,2,-0.36364
7145,46,273,26,1,0.36364
7145,46,273,27,2,0.63636
7145,46,273,28,2,-0.45455
7145,46,273,29,2,-0.18182
7145,46,273,30,2,0.45455
7145,46,273,31,1,0.27273
7145,46,273,32,1,-0.45455
7145,46,273,33,2,-0.18182
7145,46,273,34,1,0.72727
7145,46,273,35,2,-0.36364
7145,46,273,36,2,0.45455
7145,46,273,37,1,-0.63636
7145,46,273,38,1,0.27273
7145,46,273,39,2,-0.27273
7145,46,273,40,1,0.090909
7145,46,273,41,2,0.54545
7145,46,273,42,1,-0.72727
7145,46,273,43,1,0.27273
7145,46,273,44,1,0.72727
7145,46,273,45,1,0.72727
7145,46,273,46,1,0.36364
7145,46,273,47,2,-0.81818
7145,46,273,48,2,0.18182
7145,46,273,49,2,-0.45455
7145,46,273,50,1,0.36364
7145,46,273,51,2,-0.36364
7145,46,274,1,2,0.18182
7145,46,274,2,2,0.090909
7145,46,274,3,1,-0.18182
7145,46,274,4,2,0.18182
7145,46,274,5,1,-0.27273
7145,46,274,6,2,-0.36364
7145,46,274,7,1,0.45455
7145,46,274,8,1,-0.090909
7145,46,274,9,1,0.36364
7145,46,274,10,2,-0.090909
7145,46,274,11,1,0.54545
7145,46,274,12,1,0.36364
7145,46,274,13,2,-0.18182
7145,46,274,14,2,-0.18182
7145,46,274,15,1,0.45455
7145,46,274,16,1,0.090909
7145,46,274,17,1,0.45455
7145,46,274,18,2,-0.090909
7145,46,274,19,2,-0.090909
7145,46,274,20,2,0.18182
7145,46,274,21,2,-0.090909
7145,46,274,22,2,-0.36364
7145,46,274,23,2,0.18182
7145,46,274,24,1,0.54545
7145,46,274,25,2,-0.45455
7145,46,274,26,1,0.63636
7145,46,274,27,2,0.18182
7145,46,274,28,1,0.36364
7145,46,274,29,1,0.18182
7145,46,274,30,2,-0.18182
7145,46,274,31,1,0.27273
7145,46,274,32,1,0.45455
7145,46,274,33,1,0.45455
7145,46,274,34,2,-0.36364
7145,46,274,35,1,0.54545
7145,46,274,36,2,-0.090909
7145,46,274,37,2,-0.36364
7145,46,274,38,1,0.18182
7145,46,274,39,2,-0.18182
7145,46,274,40,2,-0.18182
7145,46,274,41,2,0.090909
7145,46,274,42,1,0.63636
7145,46,274,43,1,0.090909
7145,46,274,44,1,0.72727
7145,46,274,45,1,-0.090909
7145,46,274,46,1,0.54545
7145,46,274,47,1,0.18182
7145,46,274,48,2,0.090909
7145,46,274,49,2,-0.27273
7145,46,274,50,1,0.18182
7145,46,274,51,2,-0.36364
7145,46,275,1,2,-0.63636
7145,46,275,2,2,0.81818
7145,46,275,3,2,-0.81818
7145,46,275,4,1,-0.18182
7145,46,275,5,2,-0.63636
7145,46,275,6,1,0.81818
7145,46,275,7,2,-0.18182
7145,46,275,8,2,-0.36364
7145,46,275,9,1,-0.27273
7145,46,275,10,2,-0.54545
7145,46,275,11,2,-0.36364
7145,46,275,12,2,0.36364
7145,46,275,13,2,-0.45455
7145,46,275,14,2,-0.81818
7145,46,275,15,2,-0.45455
7145,46,275,16,2,0.63636
7145,46,275,17,2,0.090909
7145,46,275,18,2,-0.63636
7145,46,275,19,2,-0.63636
7145,46,275,20,2,0.27273
7145,46,275,21,2,-0.27273
7145,46,275,22,2,-0.45455
7145,46,275,23,2,0.72727
7145,46,275,24,2,-0.18182
7145,46,275,25,2,0.81818
7145,46,275,26,2,0.36364
7145,46,275,27,1,0.45455
7145,46,275,28,2,-0.81818
7145,46,275,29,2,-0.54545
7145,46,275,30,2,-0.36364
7145,46,275,31,1,0.81818
7145,46,275,32,1,-0.63636
7145,46,275,33,2,-0.45455
7145,46,275,34,2,-0.36364
7145,46,275,35,2,-0.81818
7145,46,275,36,2,-0.81818
7145,46,275,37,2,0.36364
7145,46,275,38,2,-0.45455
7145,46,275,39,2,-0.18182
7145,46,275,40,2,-0.18182
7145,46,275,41,2,-0.36364
7145,46,275,42,1,0.81818
7145,46,275,43,2,0.18182
7145,46,275,44,2,-0.18182
7145,46,275,45,1,-0.27273
7145,46,275,46,2,-0.54545
7145,46,275,47,1,0.81818
7145,46,275,48,2,-0.63636
7145,46,275,49,2,-0.45455
7145,46,275,50,2,-0.81818
7145,46,275,51,2,-0.36364
7145,46,276,1,1,0.090909
7145,46,276,2,1,0.090909
7145,46,276,3,2,0.45455
7145,46,276,4,1,-0.54545
7145,46,276,5,1,0.18182
7145,46,276,6,1,-0.45455
7145,46,276,7,2,0.090909
7145,46,276,8,2,-0.54545
7145,46,276,9,1,0.27273
7145,46,276,10,1,0.36364
7145,46,276,11,2,-0.45455
7145,46,276,12,2,0.090909
7145,46,276,13,2,0.54545
7145,46,276,14,2,-0.45455
7145,46,276,15,2,0.090909
7145,46,276,16,1,-0.18182
7145,46,276,17,1,0.36364
7145,46,276,18,2,-0.18182
7145,46,276,19,1,0.27273
7145,46,276,20,2,-0.18182
7145,46,276,21,1,0.45455
7145,46,276,22,2,-0.36364
7145,46,276,23,2,-0.54545
7145,46,276,24,1,0.45455
7145,46,276,25,1,0.54545
7145,46,276,26,2,0.090909
7145,46,276,27,1,0.18182
7145,46,276,28,2,-0.36364
7145,46,276,29,2,-0.090909
7145,46,276,30,2,-0.54545
7145,46,276,31,1,0.090909
7145,46,276,32,2,-0.18182
7145,46,276,33,2,-0.54545
7145,46,276,34,1,-0.090909
7145,46,276,35,2,-0.27273
7145,46,276,36,2,-0.45455
7145,46,276,37,1,0.72727
7145,46,276,38,2,-0.45455
7145,46,276,39,2,-0.36364
7145,46,276,40,1,0.090909
7145,46,276,41,1,0.090909
7145,46,276,42,2,-0.54545
7145,46,276,43,1,0.36364
7145,46,276,44,1,0.18182
7145,46,276,45,1,0.63636
7145,46,276,46,1,0.090909
7145,46,276,47,2,-0.54545
7145,46,276,48,1,0.27273
7145,46,276,49,2,0.090909
7145,46,276,50,1,0.090909
7145,46,276,51,2,-0.45455
7145,47,277,1,1,0.090909
7145,47,277,2,1,-0.090909
7145,47,277,3,2,-0.090909
7145,47,277,4,1,0.36364
7145,47,277,5,1,0.27273
7145,47,277,6,2,-0.72727
7145,47,277,7,2,0.18182
7145,47,277,8,2,-0.45455
7145,47,277,9,1,0.090909
7145,47,277,10,2,-0.54545
7145,47,277,11,2,-0.54545
7145,47,277,12,1,0.090909
7145,47,277,13,2,-0.27273
7145,47,277,14,2,0.090909
7145,47,277,15,2,0.27273
7145,47,277,16,2,0.090909
7145,47,277,17,1,0.45455
7145,47,277,18,1,0.090909
7145,47,277,19,1,0.18182
7145,47,277,20,2,-0.45455
7145,47,277,21,2,-0.27273
7145,47,277,22,2,-0.45455
7145,47,277,23,2,-0.27273
7145,47,277,24,2,-0.45455
7145,47,277,25,1,0.36364
7145,47,277,26,1,0.090909
7145,47,277,27,2,-0.090909
7145,47,277,28,1,0.18182
7145,47,277,29,2,-0.45455
7145,47,277,30,1,-0.090909
7145,47,277,31,1,0.18182
7145,47,277,32,1,0.090909
7145,47,277,33,1,0.090909
7145,47,277,34,1,0.090909
7145,47,277,35,2,-0.27273
7145,47,277,36,2,-0.63636
7145,47,277,37,2,0.090909
7145,47,277,38,2,-0.27273
7145,47,277,39,1,0.45455
7145,47,277,40,1,0.36364
7145,47,277,41,2,-0.36364
7145,47,277,42,1,0.36364
7145,47,277,43,1,-0.090909
7145,47,277,44,2,-0.45455
7145,47,277,45,1,0.63636
7145,47,277,46,1,0.18182
7145,47,277,47,2,-0.090909
7145,47,277,48,2,-0.18182
7145,47,277,49,1,0.45455
7145,47,277,50,2,-0.63636
7145,47,277,51,2,-0.36364
7145,47,278,1,2,-0.090909
7145,47,278,2,2,-0.63636
7145,47,278,3,2,-0.090909
7145,47,278,4,2,0.36364
7145,47,278,5,2,0.18182
7145,47,278,6,1,-0.54545
7145,47,278,7,2,0.45455
7145,47,278,8,2,-0.27273
7145,47,278,9,2,-0.36364
7145,47,278,10,2,-0.36364
7145,47,278,11,2,-0.54545
7145,47,278,12,2,0.81818
7145,47,278,13,2,0.45455
7145,47,278,14,2,0.81818
7145,47,278,15,1,0.36364
7145,47,278,16,2,-0.27273
7145,47,278,17,2,0.36364
7145,47,278,18,1,-0.090909
7145,47,278,19,2,-0.090909
7145,47,278,20,2,-0.36364
7145,47,278,21,1,-0.54545
7145,47,278,22,1,0.36364
7145,47,278,23,2,0.72727
7145,47,278,24,1,-0.45455
7145,47,278,25,2,-0.81818
7145,47,278,26,2,-0.090909
7145,47,278,27,2,0.36364
7145,47,278,28,1,0.81818
7145,47,278,29,1,0.45455
7145,47,278,30,1,0.81818
7145,47,278,31,1,0.45455
7145,47,278,32,2,-0.36364
7145,47,278,33,2,-0.36364
7145,47,278,34,1,-0.27273
7145,47,278,35,1,0.36364
7145,47,278,36,2,-0.63636
7145,47,278,37,1,0.45455
7145,47,278,38,1,0.63636
7145,47,278,39,1,0.45455
7145,47,278,40,1,0.18182
7145,47,278,41,1,0.27273
7145,47,278,42,2,-0.36364
7145,47,278,43,2,-0.54545
7145,47,278,44,2,0.18182
7145,47,278,45,1,0.81818
7145,47,278,46,2,0.090909
7145,47,278,47,2,-0.54545
7145,47,278,48,1,0.81818
7145,47,278,49,2,-0.54545
7145,47,278,50,2,-0.63636
7145,47,278,51,1,-0.090909
7145,47,279,1,1,-0.18182
7145,47,279,2,2,-0.18182
7145,47,279,3,1,-0.45455
7145,47,279,4,2,0.27273
7145,47,279,5,1,0.72727
7145,47,279,6,1,-0.36364
7145,47,279,7,2,0.45455
7145,47,279,8,2,0.54545
7145,47,279,9,1,0.72727
7145,47,279,10,1,-0.27273
7145,47,279,11,2,-0.36364
7145,47,279,12,1,0.36364
7145,47,279,13,2,0.36364
7145,47,279,14,1,-0.45455
7145,47,279,15,2,0.27273
7145,47,279,16,1,0.27273
7145,47,279,17,2,-0.36364
7145,47,279,18,1,0.54545
7145,47,279,19,1,-0.27273
7145,47,279,20,2,-0.18182
7145,47,279,21,2,-0.45455
7145,47,279,22,1,0.72727
7145,47,279,23,1,0.36364
7145,47,279,24,2,-0.18182
7145,47,279,25,2,-0.36364
7145,47,279,26,1,0.36364
7145,47,279,27,2,0.63636
7145,47,279,28,2,-0.45455
7145,47,279,29,2,-0.18182
7145,47,279,30,1,0.45455
7145,47,279,31,2,0.27273
7145,47,279,32,1,-0.45455
7145,47,279,33,2,-0.18182
7145,47,279,34,1,0.72727
7145,47,279,35,2,-0.36364
7145,47,279,36,1,0.45455
7145,47,279,37,1,-0.63636
7145,47,279,38,1,0.27273
7145,47,279,39,1,-0.27273
7145,47,279,40,2,0.090909
7145,47,279,41,2,0.54545
7145,47,279,42,1,-0.72727
7145,47,279,43,1,0.27273
7145,47,279,44,1,0.72727
7145,47,279,45,1,0.72727
7145,47,279,46,1,0.36364
7145,47,279,47,2,-0.81818
7145,47,279,48,2,0.18182
7145,47,279,49,2,-0.45455
7145,47,279,50,1,0.36364
7145,47,279,51,2,-0.36364
7145,47,280,1,2,0.18182
7145,47,280,2,1,0.090909
7145,47,280,3,2,-0.18182
7145,47,280,4,1,0.18182
7145,47,280,5,1,-0.27273
7145,47,280,6,2,-0.36364
7145,47,280,7,2,0.45455
7145,47,280,8,2,-0.090909
7145,47,280,9,1,0.36364
7145,47,280,10,1,-0.090909
7145,47,280,11,2,0.54545
7145,47,280,12,1,0.36364
7145,47,280,13,2,-0.18182
7145,47,280,14,2,-0.18182
7145,47,280,15,1,0.45455
7145,47,280,16,2,0.090909
7145,47,280,17,1,0.45455
7145,47,280,18,1,-0.090909
7145,47,280,19,2,-0.090909
7145,47,280,20,2,0.18182
7145,47,280,21,1,-0.090909
7145,47,280,22,2,-0.36364
7145,47,280,23,1,0.18182
7145,47,280,24,1,0.54545
7145,47,280,25,2,-0.45455
7145,47,280,26,1,0.63636
7145,47,280,27,2,0.18182
7145,47,280,28,1,0.36364
7145,47,280,29,2,0.18182
7145,47,280,30,2,-0.18182
7145,47,280,31,1,0.27273
7145,47,280,32,1,0.45455
7145,47,280,33,2,0.45455
7145,47,280,34,2,-0.36364
7145,47,280,35,1,0.54545
7145,47,280,36,1,-0.090909
7145,47,280,37,2,-0.36364
7145,47,280,38,1,0.18182
7145,47,280,39,2,-0.18182
7145,47,280,40,2,-0.18182
7145,47,280,41,2,0.090909
7145,47,280,42,1,0.63636
7145,47,280,43,1,0.090909
7145,47,280,44,1,0.72727
7145,47,280,45,2,-0.090909
7145,47,280,46,1,0.54545
7145,47,280,47,2,0.18182
7145,47,280,48,1,0.090909
7145,47,280,49,2,-0.27273
7145,47,280,50,2,0.18182
7145,47,280,51,2,-0.36364
7145,47,281,1,1,-0.63636
7145,47,281,2,2,0.81818
7145,47,281,3,1,-0.81818
7145,47,281,4,2,-0.18182
7145,47,281,5,2,-0.63636
7145,47,281,6,1,0.81818
7145,47,281,7,1,-0.18182
7145,47,281,8,1,-0.36364
7145,47,281,9,2,-0.27273
7145,47,281,10,2,-0.54545
7145,47,281,11,2,-0.36364
7145,47,281,12,2,0.36364
7145,47,281,13,2,-0.45455
7145,47,281,14,2,-0.81818
7145,47,281,15,2,-0.45455
7145,47,281,16,2,0.63636
7145,47,281,17,1,0.090909
7145,47,281,18,2,-0.63636
7145,47,281,19,2,-0.63636
7145,47,281,20,1,0.27273
7145,47,281,21,2,-0.27273
7145,47,281,22,2,-0.45455
7145,47,281,23,2,0.72727
7145,47,281,24,1,-0.18182
7145,47,281,25,1,0.81818
7145,47,281,26,2,0.36364
7145,47,281,27,2,0.45455
7145,47,281,28,2,-0.81818
7145,47,281,29,2,-0.54545
7145,47,281,30,2,-0.36364
7145,47,281,31,1,0.81818
7145,47,281,32,2,-0.63636
7145,47,281,33,2,-0.45455
7145,47,281,34,2,-0.36364
7145,47,281,35,2,-0.81818
7145,47,281,36,2,-0.81818
7145,47,281,37,2,0.36364
7145,47,281,38,2,-0.45455
7145,47,281,39,2,-0.18182
7145,47,281,40,2,-0.18182
7145,47,281,41,2,-0.36364
7145,47,281,42,1,0.81818
7145,47,281,43,2,0.18182
7145,47,281,44,2,-0.18182
7145,47,281,45,1,-0.27273
7145,47,281,46,2,-0.54545
7145,47,281,47,1,0.81818
7145,47,281,48,2,-0.63636
7145,47,281,49,2,-0.45455
7145,47,281,50,2,-0.81818
7145,47,281,51,2,-0.36364
7145,47,282,1,1,0.090909
7145,47,282,2,1,0.090909
7145,47,282,3,2,0.45455
7145,47,282,4,2,-0.54545
7145,47,282,5,1,0.18182
7145,47,282,6,2,-0.45455
7145,47,282,7,2,0.090909
7145,47,282,8,2,-0.54545
7145,47,282,9,1,0.27273
7145,47,282,10,1,0.36364
7145,47,282,11,2,-0.45455
7145,47,282,12,1,0.090909
7145,47,282,13,1,0.54545
7145,47,282,14,2,-0.45455
7145,47,282,15,1,0.090909
7145,47,282,16,1,-0.18182
7145,47,282,17,1,0.36364
7145,47,282,18,1,-0.18182
7145,47,282,19,1,0.27273
7145,47,282,20,2,-0.18182
7145,47,282,21,1,0.45455
7145,47,282,22,2,-0.36364
7145,47,282,23,2,-0.54545
7145,47,282,24,1,0.45455
7145,47,282,25,1,0.54545
7145,47,282,26,1,0.090909
7145,47,282,27,1,0.18182
7145,47,282,28,2,-0.36364
7145,47,282,29,1,-0.090909
7145,47,282,30,2,-0.54545
7145,47,282,31,2,0.090909
7145,47,282,32,2,-0.18182
7145,47,282,33,2,-0.54545
7145,47,282,34,2,-0.090909
7145,47,282,35,2,-0.27273
7145,47,282,36,2,-0.45455
7145,47,282,37,1,0.72727
7145,47,282,38,2,-0.45455
7145,47,282,39,2,-0.36364
7145,47,282,40,1,0.090909
7145,47,282,41,2,0.090909
7145,47,282,42,2,-0.54545
7145,47,282,43,1,0.36364
7145,47,282,44,1,0.18182
7145,47,282,45,1,0.63636
7145,47,282,46,1,0.090909
7145,47,282,47,2,-0.54545
7145,47,282,48,1,0.27273
7145,47,282,49,2,0.090909
7145,47,282,50,1,0.090909
7145,47,282,51,2,-0.45455
7145,48,283,1,2,0.090909
7145,48,283,2,2,-0.090909
7145,48,283,3,2,-0.090909
7145,48,283,4,1,0.36364
7145,48,283,5,1,0.27273
7145,48,283,6,1,-0.72727
7145,48,283,7,1,0.18182
7145,48,283,8,1,-0.45455
7145,48,283,9,1,0.090909
7145,48,283,10,2,-0.54545
7145,48,283,11,2,-0.54545
7145,48,283,12,2,0.090909
7145,48,283,13,2,-0.27273
7145,48,283,14,2,0.090909
7145,48,283,15,2,0.27273
7145,48,283,16,1,0.090909
7145,48,283,17,1,0.45455
7145,48,283,18,1,0.090909
7145,48,283,19,1,0.18182
7145,48,283,20,2,-0.45455
7145,48,283,21,2,-0.27273
7145,48,283,22,2,-0.45455
7145,48,283,23,2,-0.27273
7145,48,283,24,2,-0.45455
7145,48,283,25,1,0.36364
7145,48,283,26,2,0.090909
7145,48,283,27,1,-0.090909
7145,48,283,28,1,0.18182
7145,48,283,29,2,-0.45455
7145,48,283,30,1,-0.090909
7145,48,283,31,1,0.18182
7145,48,283,32,1,0.090909
7145,48,283,33,1,0.090909
7145,48,283,34,1,0.090909
7145,48,283,35,2,-0.27273
7145,48,283,36,2,-0.63636
7145,48,283,37,2,0.090909
7145,48,283,38,1,-0.27273
7145,48,283,39,1,0.45455
7145,48,283,40,1,0.36364
7145,48,283,41,2,-0.36364
7145,48,283,42,1,0.36364
7145,48,283,43,2,-0.090909
7145,48,283,44,2,-0.45455
7145,48,283,45,1,0.63636
7145,48,283,46,1,0.18182
7145,48,283,47,2,-0.090909
7145,48,283,48,2,-0.18182
7145,48,283,49,1,0.45455
7145,48,283,50,2,-0.63636
7145,48,283,51,2,-0.36364
7145,48,284,1,2,-0.090909
7145,48,284,2,2,-0.63636
7145,48,284,3,2,-0.090909
7145,48,284,4,2,0.36364
7145,48,284,5,1,0.18182
7145,48,284,6,2,-0.54545
7145,48,284,7,2,0.45455
7145,48,284,8,1,-0.27273
7145,48,284,9,1,-0.36364
7145,48,284,10,2,-0.36364
7145,48,284,11,2,-0.54545
7145,48,284,12,2,0.81818
7145,48,284,13,2,0.45455
7145,48,284,14,1,0.81818
7145,48,284,15,2,0.36364
7145,48,284,16,1,-0.27273
7145,48,284,17,1,0.36364
7145,48,284,18,1,-0.090909
7145,48,284,19,2,-0.090909
7145,48,284,20,1,-0.36364
7145,48,284,21,2,-0.54545
7145,48,284,22,2,0.36364
7145,48,284,23,2,0.72727
7145,48,284,24,1,-0.45455
7145,48,284,25,1,-0.81818
7145,48,284,26,2,-0.090909
7145,48,284,27,2,0.36364
7145,48,284,28,1,0.81818
7145,48,284,29,1,0.45455
7145,48,284,30,1,0.81818
7145,48,284,31,1,0.45455
7145,48,284,32,2,-0.36364
7145,48,284,33,2,-0.36364
7145,48,284,34,1,-0.27273
7145,48,284,35,1,0.36364
7145,48,284,36,2,-0.63636
7145,48,284,37,2,0.45455
7145,48,284,38,1,0.63636
7145,48,284,39,1,0.45455
7145,48,284,40,1,0.18182
7145,48,284,41,2,0.27273
7145,48,284,42,1,-0.36364
7145,48,284,43,2,-0.54545
7145,48,284,44,2,0.18182
7145,48,284,45,1,0.81818
7145,48,284,46,2,0.090909
7145,48,284,47,2,-0.54545
7145,48,284,48,1,0.81818
7145,48,284,49,2,-0.54545
7145,48,284,50,2,-0.63636
7145,48,284,51,1,-0.090909
7145,48,285,1,1,-0.18182
7145,48,285,2,2,-0.18182
7145,48,285,3,2,-0.45455
7145,48,285,4,2,0.27273
7145,48,285,5,1,0.72727
7145,48,285,6,1,-0.36364
7145,48,285,7,2,0.45455
7145,48,285,8,2,0.54545
7145,48,285,9,1,0.72727
7145,48,285,10,2,-0.27273
7145,48,285,11,1,-0.36364
7145,48,285,12,1,0.36364
7145,48,285,13,1,0.36364
7145,48,285,14,1,-0.45455
7145,48,285,15,1,0.27273
7145,48,285,16,1,0.27273
7145,48,285,17,2,-0.36364
7145,48,285,18,1,0.54545
7145,48,285,19,1,-0.27273
7145,48,285,20,2,-0.18182
7145,48,285,21,2,-0.45455
7145,48,285,22,1,0.72727
7145,48,285,23,2,0.36364
7145,48,285,24,2,-0.18182
7145,48,285,25,2,-0.36364
7145,48,285,26,1,0.36364
7145,48,285,27,2,0.63636
7145,48,285,28,1,-0.45455
7145,48,285,29,1,-0.18182
7145,48,285,30,2,0.45455
7145,48,285,31,1,0.27273
7145,48,285,32,2,-0.45455
7145,48,285,33,1,-0.18182
7145,48,285,34,1,0.72727
7145,48,285,35,1,-0.36364
7145,48,285,36,2,0.45455
7145,48,285,37,1,-0.63636
7145,48,285,38,1,0.27273
7145,48,285,39,1,-0.27273
7145,48,285,40,1,0.090909
7145,48,285,41,1,0.54545
7145,48,285,42,2,-0.72727
7145,48,285,43,1,0.27273
7145,48,285,44,1,0.72727
7145,48,285,45,1,0.72727
7145,48,285,46,2,0.36364
7145,48,285,47,1,-0.81818
7145,48,285,48,2,0.18182
7145,48,285,49,2,-0.45455
7145,48,285,50,1,0.36364
7145,48,285,51,1,-0.36364
7145,48,286,1,1,0.18182
7145,48,286,2,2,0.090909
7145,48,286,3,2,-0.18182
7145,48,286,4,1,0.18182
7145,48,286,5,1,-0.27273
7145,48,286,6,2,-0.36364
7145,48,286,7,2,0.45455
7145,48,286,8,2,-0.090909
7145,48,286,9,1,0.36364
7145,48,286,10,1,-0.090909
7145,48,286,11,1,0.54545
7145,48,286,12,1,0.36364
7145,48,286,13,2,-0.18182
7145,48,286,14,2,-0.18182
7145,48,286,15,1,0.45455
7145,48,286,16,2,0.090909
7145,48,286,17,1,0.45455
7145,48,286,18,2,-0.090909
7145,48,286,19,2,-0.090909
7145,48,286,20,2,0.18182
7145,48,286,21,2,-0.090909
7145,48,286,22,2,-0.36364
7145,48,286,23,2,0.18182
7145,48,286,24,1,0.54545
7145,48,286,25,2,-0.45455
7145,48,286,26,1,0.63636
7145,48,286,27,2,0.18182
7145,48,286,28,1,0.36364
7145,48,286,29,1,0.18182
7145,48,286,30,1,-0.18182
7145,48,286,31,1,0.27273
7145,48,286,32,1,0.45455
7145,48,286,33,1,0.45455
7145,48,286,34,2,-0.36364
7145,48,286,35,1,0.54545
7145,48,286,36,2,-0.090909
7145,48,286,37,2,-0.36364
7145,48,286,38,1,0.18182
7145,48,286,39,2,-0.18182
7145,48,286,40,2,-0.18182
7145,48,286,41,2,0.090909
7145,48,286,42,1,0.63636
7145,48,286,43,1,0.090909
7145,48,286,44,1,0.72727
7145,48,286,45,1,-0.090909
7145,48,286,46,1,0.54545
7145,48,286,47,2,0.18182
7145,48,286,48,2,0.090909
7145,48,286,49,2,-0.27273
7145,48,286,50,1,0.18182
7145,48,286,51,2,-0.36364
7145,48,287,1,1,-0.63636
7145,48,287,2,2,0.81818
7145,48,287,3,2,-0.81818
7145,48,287,4,1,-0.18182
7145,48,287,5,1,-0.63636
7145,48,287,6,1,0.81818
7145,48,287,7,1,-0.18182
7145,48,287,8,1,-0.36364
7145,48,287,9,1,-0.27273
7145,48,287,10,1,-0.54545
7145,48,287,11,2,-0.36364
7145,48,287,12,2,0.36364
7145,48,287,13,2,-0.45455
7145,48,287,14,2,-0.81818
7145,48,287,15,2,-0.45455
7145,48,287,16,2,0.63636
7145,48,287,17,2,0.090909
7145,48,287,18,2,-0.63636
7145,48,287,19,2,-0.63636
7145,48,287,20,2,0.27273
7145,48,287,21,2,-0.27273
7145,48,287,22,2,-0.45455
7145,48,287,23,2,0.72727
7145,48,287,24,2,-0.18182
7145,48,287,25,2,0.81818
7145,48,287,26,1,0.36364
7145,48,287,27,1,0.45455
7145,48,287,28,2,-0.81818
7145,48,287,29,1,-0.54545
7145,48,287,30,2,-0.36364
7145,48,287,31,1,0.81818
7145,48,287,32,1,-0.63636
7145,48,287,33,2,-0.45455
7145,48,287,34,2,-0.36364
7145,48,287,35,2,-0.81818
7145,48,287,36,2,-0.81818
7145,48,287,37,2,0.36364
7145,48,287,38,2,-0.45455
7145,48,287,39,2,-0.18182
7145,48,287,40,2,-0.18182
7145,48,287,41,2,-0.36364
7145,48,287,42,1,0.81818
7145,48,287,43,2,0.18182
7145,48,287,44,2,-0.18182
7145,48,287,45,2,-0.27273
7145,48,287,46,2,-0.54545
7145,48,287,47,1,0.81818
7145,48,287,48,1,-0.63636
7145,48,287,49,2,-0.45455
7145,48,287,50,2,-0.81818
7145,48,287,51,2,-0.36364
7145,48,288,1,1,0.090909
7145,48,288,2,1,0.090909
7145,48,288,3,2,0.45455
7145,48,288,4,2,-0.54545
7145,48,288,5,2,0.18182
7145,48,288,6,1,-0.45455
7145,48,288,7,1,0.090909
7145,48,288,8,1,-0.54545
7145,48,288,9,1,0.27273
7145,48,288,10,1,0.36364
7145,48,288,11,2,-0.45455
7145,48,288,12,2,0.090909
7145,48,288,13,1,0.54545
7145,48,288,14,2,-0.45455
7145,48,288,15,2,0.090909
7145,48,288,16,1,-0.18182
7145,48,288,17,1,0.36364
7145,48,288,18,1,-0.18182
7145,48,288,19,1,0.27273
7145,48,288,20,2,-0.18182
7145,48,288,21,1,0.45455
7145,48,288,22,2,-0.36364
7145,48,288,23,2,-0.54545
7145,48,288,24,1,0.45455
7145,48,288,25,1,0.54545
7145,48,288,26,1,0.090909
7145,48,288,27,1,0.18182
7145,48,288,28,2,-0.36364
7145,48,288,29,2,-0.090909
7145,48,288,30,2,-0.54545
7145,48,288,31,1,0.090909
7145,48,288,32,2,-0.18182
7145,48,288,33,2,-0.54545
7145,48,288,34,2,-0.090909
7145,48,288,35,1,-0.27273
7145,48,288,36,2,-0.45455
7145,48,288,37,1,0.72727
7145,48,288,38,2,-0.45455
7145,48,288,39,2,-0.36364
7145,48,288,40,1,0.090909
7145,48,288,41,2,0.090909
7145,48,288,42,2,-0.54545
7145,48,288,43,1,0.36364
7145,48,288,44,1,0.18182
7145,48,288,45,2,0.63636
7145,48,288,46,2,0.090909
7145,48,288,47,2,-0.54545
7145,48,288,48,1,0.27273
7145,48,288,49,1,0.090909
7145,48,288,50,1,0.090909
7145,48,288,51,2,-0.45455
7145,49,289,1,1,0.090909
7145,49,289,2,2,-0.090909
7145,49,289,3,1,-0.090909
7145,49,289,4,1,0.36364
7145,49,289,5,1,0.27273
7145,49,289,6,2,-0.72727
7145,49,289,7,2,0.18182
7145,49,289,8,2,-0.45455
7145,49,289,9,1,0.090909
7145,49,289,10,2,-0.54545
7145,49,289,11,2,-0.54545
7145,49,289,12,1,0.090909
7145,49,289,13,2,-0.27273
7145,49,289,14,1,0.090909
7145,49,289,15,1,0.27273
7145,49,289,16,1,0.090909
7145,49,289,17,1,0.45455
7145,49,289,18,2,0.090909
7145,49,289,19,1,0.18182
7145,49,289,20,2,-0.45455
7145,49,289,21,2,-0.27273
7145,49,289,22,2,-0.45455
7145,49,289,23,2,-0.27273
7145,49,289,24,1,-0.45455
7145,49,289,25,1,0.36364
7145,49,289,26,1,0.090909
7145,49,289,27,1,-0.090909
7145,49,289,28,2,0.18182
7145,49,289,29,2,-0.45455
7145,49,289,30,1,-0.090909
7145,49,289,31,1,0.18182
7145,49,289,32,2,0.090909
7145,49,289,33,1,0.090909
7145,49,289,34,1,0.090909
7145,49,289,35,2,-0.27273
7145,49,289,36,2,-0.63636
7145,49,289,37,2,0.090909
7145,49,289,38,2,-0.27273
7145,49,289,39,1,0.45455
7145,49,289,40,1,0.36364
7145,49,289,41,2,-0.36364
7145,49,289,42,1,0.36364
7145,49,289,43,2,-0.090909
7145,49,289,44,1,-0.45455
7145,49,289,45,1,0.63636
7145,49,289,46,1,0.18182
7145,49,289,47,2,-0.090909
7145,49,289,48,2,-0.18182
7145,49,289,49,1,0.45455
7145,49,289,50,2,-0.63636
7145,49,289,51,2,-0.36364
7145,49,290,1,2,-0.090909
7145,49,290,2,1,-0.63636
7145,49,290,3,2,-0.090909
7145,49,290,4,1,0.36364
7145,49,290,5,2,0.18182
7145,49,290,6,1,-0.54545
7145,49,290,7,2,0.45455
7145,49,290,8,2,-0.27273
7145,49,290,9,1,-0.36364
7145,49,290,10,2,-0.36364
7145,49,290,11,2,-0.54545
7145,49,290,12,2,0.81818
7145,49,290,13,2,0.45455
7145,49,290,14,1,0.81818
7145,49,290,15,2,0.36364
7145,49,290,16,1,-0.27273
7145,49,290,17,2,0.36364
7145,49,290,18,1,-0.090909
7145,49,290,19,1,-0.090909
7145,49,290,20,2,-0.36364
7145,49,290,21,2,-0.54545
7145,49,290,22,2,0.36364
7145,49,290,23,2,0.72727
7145,49,290,24,2,-0.45455
7145,49,290,25,2,-0.81818
7145,49,290,26,2,-0.090909
7145,49,290,27,1,0.36364
7145,49,290,28,1,0.81818
7145,49,290,29,2,0.45455
7145,49,290,30,1,0.81818
7145,49,290,31,1,0.45455
7145,49,290,32,2,-0.36364
7145,49,290,33,2,-0.36364
7145,49,290,34,1,-0.27273
7145,49,290,35,1,0.36364
7145,49,290,36,2,-0.63636
7145,49,290,37,2,0.45455
7145,49,290,38,1,0.63636
7145,49,290,39,1,0.45455
7145,49,290,40,1,0.18182
7145,49,290,41,2,0.27273
7145,49,290,42,2,-0.36364
7145,49,290,43,1,-0.54545
7145,49,290,44,1,0.18182
7145,49,290,45,1,0.81818
7145,49,290,46,2,0.090909
7145,49,290,47,2,-0.54545
7145,49,290,48,1,0.81818
7145,49,290,49,2,-0.54545
7145,49,290,50,2,-0.63636
7145,49,290,51,1,-0.090909
7145,49,291,1,1,-0.18182
7145,49,291,2,1,-0.18182
7145,49,291,3,1,-0.45455
7145,49,291,4,1,0.27273
7145,49,291,5,2,0.72727
7145,49,291,6,1,-0.36364
7145,49,291,7,2,0.45455
7145,49,291,8,2,0.54545
7145,49,291,9,1,0.72727
7145,49,291,10,1,-0.27273
7145,49,291,11,2,-0.36364
7145,49,291,12,2,0.36364
7145,49,291,13,1,0.36364
7145,49,291,14,2,-0.45455
7145,49,291,15,2,0.27273
7145,49,291,16,1,0.27273
7145,49,291,17,2,-0.36364
7145,49,291,18,1,0.54545
7145,49,291,19,1,-0.27273
7145,49,291,20,2,-0.18182
7145,49,291,21,2,-0.45455
7145,49,291,22,1,0.72727
7145,49,291,23,1,0.36364
7145,49,291,24,2,-0.18182
7145,49,291,25,2,-0.36364
7145,49,291,26,1,0.36364
7145,49,291,27,1,0.63636
7145,49,291,28,2,-0.45455
7145,49,291,29,1,-0.18182
7145,49,291,30,2,0.45455
7145,49,291,31,1,0.27273
7145,49,291,32,2,-0.45455
7145,49,291,33,1,-0.18182
7145,49,291,34,1,0.72727
7145,49,291,35,2,-0.36364
7145,49,291,36,1,0.45455
7145,49,291,37,1,-0.63636
7145,49,291,38,1,0.27273
7145,49,291,39,2,-0.27273
7145,49,291,40,2,0.090909
7145,49,291,41,1,0.54545
7145,49,291,42,2,-0.72727
7145,49,291,43,1,0.27273
7145,49,291,44,1,0.72727
7145,49,291,45,1,0.72727
7145,49,291,46,1,0.36364
7145,49,291,47,1,-0.81818
7145,49,291,48,1,0.18182
7145,49,291,49,2,-0.45455
7145,49,291,50,1,0.36364
7145,49,291,51,2,-0.36364
7145,49,292,1,1,0.18182
7145,49,292,2,2,0.090909
7145,49,292,3,1,-0.18182
7145,49,292,4,2,0.18182
7145,49,292,5,1,-0.27273
7145,49,292,6,2,-0.36364
7145,49,292,7,2,0.45455
7145,49,292,8,2,-0.090909
7145,49,292,9,1,0.36364
7145,49,292,10,1,-0.090909
7145,49,292,11,1,0.54545
7145,49,292,12,1,0.36364
7145,49,292,13,2,-0.18182
7145,49,292,14,2,-0.18182
7145,49,292,15,1,0.45455
7145,49,292,16,1,0.090909
7145,49,292,17,2,0.45455
7145,49,292,18,1,-0.090909
7145,49,292,19,1,-0.090909
7145,49,292,20,2,0.18182
7145,49,292,21,1,-0.090909
7145,49,292,22,2,-0.36364
7145,49,292,23,1,0.18182
7145,49,292,24,1,0.54545
7145,49,292,25,2,-0.45455
7145,49,292,26,1,0.63636
7145,49,292,27,2,0.18182
7145,49,292,28,1,0.36364
7145,49,292,29,1,0.18182
7145,49,292,30,2,-0.18182
7145,49,292,31,1,0.27273
7145,49,292,32,1,0.45455
7145,49,292,33,1,0.45455
7145,49,292,34,2,-0.36364
7145,49,292,35,1,0.54545
7145,49,292,36,2,-0.090909
7145,49,292,37,1,-0.36364
7145,49,292,38,1,0.18182
7145,49,292,39,2,-0.18182
7145,49,292,40,2,-0.18182
7145,49,292,41,2,0.090909
7145,49,292,42,1,0.63636
7145,49,292,43,2,0.090909
7145,49,292,44,1,0.72727
7145,49,292,45,2,-0.090909
7145,49,292,46,1,0.54545
7145,49,292,47,1,0.18182
7145,49,292,48,2,0.090909
7145,49,292,49,2,-0.27273
7145,49,292,50,1,0.18182
7145,49,292,51,1,-0.36364
7145,49,293,1,2,-0.63636
7145,49,293,2,2,0.81818
7145,49,293,3,1,-0.81818
7145,49,293,4,1,-0.18182
7145,49,293,5,1,-0.63636
7145,49,293,6,1,0.81818
7145,49,293,7,2,-0.18182
7145,49,293,8,1,-0.36364
7145,49,293,9,1,-0.27273
7145,49,293,10,1,-0.54545
7145,49,293,11,2,-0.36364
7145,49,293,12,2,0.36364
7145,49,293,13,1,-0.45455
7145,49,293,14,2,-0.81818
7145,49,293,15,2,-0.45455
7145,49,293,16,2,0.63636
7145,49,293,17,1,0.090909
7145,49,293,18,2,-0.63636
7145,49,293,19,2,-0.63636
7145,49,293,20,2,0.27273
7145,49,293,21,2,-0.27273
7145,49,293,22,2,-0.45455
7145,49,293,23,2,0.72727
7145,49,293,24,1,-0.18182
7145,49,293,25,2,0.81818
7145,49,293,26,2,0.36364
7145,49,293,27,2,0.45455
7145,49,293,28,2,-0.81818
7145,49,293,29,2,-0.54545
7145,49,293,30,2,-0.36364
7145,49,293,31,1,0.81818
7145,49,293,32,1,-0.63636
7145,49,293,33,2,-0.45455
7145,49,293,34,2,-0.36364
7145,49,293,35,2,-0.81818
7145,49,293,36,2,-0.81818
7145,49,293,37,2,0.36364
7145,49,293,38,2,-0.45455
7145,49,293,39,2,-0.18182
7145,49,293,40,1,-0.18182
7145,49,293,41,2,-0.36364
7145,49,293,42,1,0.81818
7145,49,293,43,2,0.18182
7145,49,293,44,2,-0.18182
7145,49,293,45,1,-0.27273
7145,49,293,46,2,-0.54545
7145,49,293,47,1,0.81818
7145,49,293,48,2,-0.63636
7145,49,293,49,2,-0.45455
7145,49,293,50,2,-0.81818
7145,49,293,51,2,-0.36364
7145,49,294,1,2,0.090909
7145,49,294,2,2,0.090909
7145,49,294,3,1,0.45455
7145,49,294,4,2,-0.54545
7145,49,294,5,2,0.18182
7145,49,294,6,1,-0.45455
7145,49,294,7,2,0.090909
7145,49,294,8,2,-0.54545
7145,49,294,9,1,0.27273
7145,49,294,10,1,0.36364
7145,49,294,11,2,-0.45455
7145,49,294,12,1,0.090909
7145,49,294,13,2,0.54545
7145,49,294,14,1,-0.45455
7145,49,294,15,2,0.090909
7145,49,294,16,1,-0.18182
7145,49,294,17,1,0.36364
7145,49,294,18,1,-0.18182
7145,49,294,19,1,0.27273
7145,49,294,20,2,-0.18182
7145,49,294,21,1,0.45455
7145,49,294,22,2,-0.36364
7145,49,294,23,2,-0.54545
7145,49,294,24,1,0.45455
7145,49,294,25,1,0.54545
7145,49,294,26,1,0.090909
7145,49,294,27,1,0.18182
7145,49,294,28,2,-0.36364
7145,49,294,29,1,-0.090909
7145,49,294,30,2,-0.54545
7145,49,294,31,2,0.090909
7145,49,294,32,2,-0.18182
7145,49,294,33,2,-0.54545
7145,49,294,34,2,-0.090909
7145,49,294,35,1,-0.27273
7145,49,294,36,2,-0.45455
7145,49,294,37,1,0.72727
7145,49,294,38,2,-0.45455
7145,49,294,39,2,-0.36364
7145,49,294,40,1,0.090909
7145,49,294,41,2,0.090909
7145,49,294,42,2,-0.54545
7145,49,294,43,1,0.36364
7145,49,294,44,1,0.18182
7145,49,294,45,1,0.63636
7145,49,294,46,1,0.090909
7145,49,294,47,2,-0.54545
7145,49,294,48,1,0.27273
7145,49,294,49,1,0.090909
7145,49,294,50,2,0.090909
7145,49,294,51,2,-0.45455
7145,50,295,1,2,0.090909
7145,50,295,2,1,-0.090909
7145,50,295,3,2,-0.090909
7145,50,295,4,1,0.36364
7145,50,295,5,2,0.27273
7145,50,295,6,2,-0.72727
7145,50,295,7,1,0.18182
7145,50,295,8,2,-0.45455
7145,50,295,9,1,0.090909
7145,50,295,10,2,-0.54545
7145,50,295,11,2,-0.54545
7145,50,295,12,2,0.090909
7145,50,295,13,2,-0.27273
7145,50,295,14,1,0.090909
7145,50,295,15,1,0.27273
7145,50,295,16,1,0.090909
7145,50,295,17,1,0.45455
7145,50,295,18,1,0.090909
7145,50,295,19,1,0.18182
7145,50,295,20,2,-0.45455
7145,50,295,21,2,-0.27273
7145,50,295,22,2,-0.45455
7145,50,295,23,2,-0.27273
7145,50,295,24,2,-0.45455
7145,50,295,25,1,0.36364
7145,50,295,26,1,0.090909
7145,50,295,27,2,-0.090909
7145,50,295,28,1,0.18182
7145,50,295,29,2,-0.45455
7145,50,295,30,1,-0.090909
7145,50,295,31,1,0.18182
7145,50,295,32,1,0.090909
7145,50,295,33,1,0.090909
7145,50,295,34,1,0.090909
7145,50,295,35,2,-0.27273
7145,50,295,36,2,-0.63636
7145,50,295,37,1,0.090909
7145,50,295,38,1,-0.27273
7145,50,295,39,1,0.45455
7145,50,295,40,1,0.36364
7145,50,295,41,2,-0.36364
7145,50,295,42,1,0.36364
7145,50,295,43,1,-0.090909
7145,50,295,44,2,-0.45455
7145,50,295,45,1,0.63636
7145,50,295,46,1,0.18182
7145,50,295,47,1,-0.090909
7145,50,295,48,2,-0.18182
7145,50,295,49,1,0.45455
7145,50,295,50,2,-0.63636
7145,50,295,51,2,-0.36364
7145,50,296,1,2,-0.090909
7145,50,296,2,1,-0.63636
7145,50,296,3,2,-0.090909
7145,50,296,4,2,0.36364
7145,50,296,5,2,0.18182
7145,50,296,6,1,-0.54545
7145,50,296,7,2,0.45455
7145,50,296,8,2,-0.27273
7145,50,296,9,2,-0.36364
7145,50,296,10,2,-0.36364
7145,50,296,11,2,-0.54545
7145,50,296,12,2,0.81818
7145,50,296,13,2,0.45455
7145,50,296,14,1,0.81818
7145,50,296,15,1,0.36364
7145,50,296,16,1,-0.27273
7145,50,296,17,1,0.36364
7145,50,296,18,2,-0.090909
7145,50,296,19,1,-0.090909
7145,50,296,20,2,-0.36364
7145,50,296,21,1,-0.54545
7145,50,296,22,1,0.36364
7145,50,296,23,2,0.72727
7145,50,296,24,2,-0.45455
7145,50,296,25,1,-0.81818
7145,50,296,26,1,-0.090909
7145,50,296,27,1,0.36364
7145,50,296,28,1,0.81818
7145,50,296,29,1,0.45455
7145,50,296,30,1,0.81818
7145,50,296,31,1,0.45455
7145,50,296,32,1,-0.36364
7145,50,296,33,2,-0.36364
7145,50,296,34,1,-0.27273
7145,50,296,35,1,0.36364
7145,50,296,36,2,-0.63636
7145,50,296,37,2,0.45455
7145,50,296,38,1,0.63636
7145,50,296,39,1,0.45455
7145,50,296,40,1,0.18182
7145,50,296,41,2,0.27273
7145,50,296,42,2,-0.36364
7145,50,296,43,2,-0.54545
7145,50,296,44,1,0.18182
7145,50,296,45,1,0.81818
7145,50,296,46,1,0.090909
7145,50,296,47,2,-0.54545
7145,50,296,48,1,0.81818
7145,50,296,49,2,-0.54545
7145,50,296,50,2,-0.63636
7145,50,296,51,1,-0.090909
7145,50,297,1,2,-0.18182
7145,50,297,2,2,-0.18182
7145,50,297,3,1,-0.45455
7145,50,297,4,1,0.27273
7145,50,297,5,1,0.72727
7145,50,297,6,2,-0.36364
7145,50,297,7,1,0.45455
7145,50,297,8,1,0.54545
7145,50,297,9,1,0.72727
7145,50,297,10,1,-0.27273
7145,50,297,11,2,-0.36364
7145,50,297,12,2,0.36364
7145,50,297,13,1,0.36364
7145,50,297,14,1,-0.45455
7145,50,297,15,1,0.27273
7145,50,297,16,1,0.27273
7145,50,297,17,1,-0.36364
7145,50,297,18,1,0.54545
7145,50,297,19,1,-0.27273
7145,50,297,20,2,-0.18182
7145,50,297,21,2,-0.45455
7145,50,297,22,1,0.72727
7145,50,297,23,1,0.36364
7145,50,297,24,2,-0.18182
7145,50,297,25,2,-0.36364
7145,50,297,26,1,0.36364
7145,50,297,27,2,0.63636
7145,50,297,28,2,-0.45455
7145,50,297,29,2,-0.18182
7145,50,297,30,2,0.45455
7145,50,297,31,1,0.27273
7145,50,297,32,2,-0.45455
7145,50,297,33,2,-0.18182
7145,50,297,34,1,0.72727
7145,50,297,35,2,-0.36364
7145,50,297,36,1,0.45455
7145,50,297,37,1,-0.63636
7145,50,297,38,1,0.27273
7145,50,297,39,2,-0.27273
7145,50,297,40,2,0.090909
7145,50,297,41,1,0.54545
7145,50,297,42,1,-0.72727
7145,50,297,43,2,0.27273
7145,50,297,44,1,0.72727
7145,50,297,45,1,0.72727
7145,50,297,46,1,0.36364
7145,50,297,47,1,-0.81818
7145,50,297,48,2,0.18182
7145,50,297,49,2,-0.45455
7145,50,297,50,1,0.36364
7145,50,297,51,2,-0.36364
7145,50,298,1,1,0.18182
7145,50,298,2,1,0.090909
7145,50,298,3,2,-0.18182
7145,50,298,4,2,0.18182
7145,50,298,5,2,-0.27273
7145,50,298,6,2,-0.36364
7145,50,298,7,1,0.45455
7145,50,298,8,2,-0.090909
7145,50,298,9,1,0.36364
7145,50,298,10,2,-0.090909
7145,50,298,11,1,0.54545
7145,50,298,12,1,0.36364
7145,50,298,13,2,-0.18182
7145,50,298,14,2,-0.18182
7145,50,298,15,1,0.45455
7145,50,298,16,1,0.090909
7145,50,298,17,1,0.45455
7145,50,298,18,1,-0.090909
7145,50,298,19,2,-0.090909
7145,50,298,20,2,0.18182
7145,50,298,21,2,-0.090909
7145,50,298,22,2,-0.36364
7145,50,298,23,2,0.18182
7145,50,298,24,1,0.54545
7145,50,298,25,1,-0.45455
7145,50,298,26,1,0.63636
7145,50,298,27,2,0.18182
7145,50,298,28,1,0.36364
7145,50,298,29,2,0.18182
7145,50,298,30,2,-0.18182
7145,50,298,31,1,0.27273
7145,50,298,32,1,0.45455
7145,50,298,33,1,0.45455
7145,50,298,34,2,-0.36364
7145,50,298,35,1,0.54545
7145,50,298,36,1,-0.090909
7145,50,298,37,2,-0.36364
7145,50,298,38,1,0.18182
7145,50,298,39,2,-0.18182
7145,50,298,40,2,-0.18182
7145,50,298,41,1,0.090909
7145,50,298,42,1,0.63636
7145,50,298,43,1,0.090909
7145,50,298,44,1,0.72727
7145,50,298,45,1,-0.090909
7145,50,298,46,1,0.54545
7145,50,298,47,2,0.18182
7145,50,298,48,2,0.090909
7145,50,298,49,2,-0.27273
7145,50,298,50,1,0.18182
7145,50,298,51,2,-0.36364
7145,50,299,1,1,-0.63636
7145,50,299,2,2,0.81818
7145,50,299,3,1,-0.81818
7145,50,299,4,2,-0.18182
7145,50,299,5,2,-0.63636
7145,50,299,6,2,0.81818
7145,50,299,7,2,-0.18182
7145,50,299,8,2,-0.36364
7145,50,299,9,1,-0.27273
7145,50,299,10,2,-0.54545
7145,50,299,11,2,-0.36364
7145,50,299,12,2,0.36364
7145,50,299,13,2,-0.45455
7145,50,299,14,2,-0.81818
7145,50,299,15,2,-0.45455
7145,50,299,16,2,0.63636
7145,50,299,17,1,0.090909
7145,50,299,18,2,-0.63636
7145,50,299,19,2,-0.63636
7145,50,299,20,2,0.27273
7145,50,299,21,2,-0.27273
7145,50,299,22,2,-0.45455
7145,50,299,23,2,0.72727
7145,50,299,24,2,-0.18182
7145,50,299,25,1,0.81818
7145,50,299,26,1,0.36364
7145,50,299,27,1,0.45455
7145,50,299,28,2,-0.81818
7145,50,299,29,2,-0.54545
7145,50,299,30,2,-0.36364
7145,50,299,31,1,0.81818
7145,50,299,32,2,-0.63636
7145,50,299,33,2,-0.45455
7145,50,299,34,2,-0.36364
7145,50,299,35,2,-0.81818
7145,50,299,36,2,-0.81818
7145,50,299,37,2,0.36364
7145,50,299,38,2,-0.45455
7145,50,299,39,2,-0.18182
7145,50,299,40,2,-0.18182
7145,50,299,41,2,-0.36364
7145,50,299,42,1,0.81818
7145,50,299,43,2,0.18182
7145,50,299,44,2,-0.18182
7145,50,299,45,1,-0.27273
7145,50,299,46,2,-0.54545
7145,50,299,47,1,0.81818
7145,50,299,48,2,-0.63636
7145,50,299,49,2,-0.45455
7145,50,299,50,2,-0.81818
7145,50,299,51,2,-0.36364
7145,50,300,1,1,0.090909
7145,50,300,2,2,0.090909
7145,50,300,3,2,0.45455
7145,50,300,4,2,-0.54545
7145,50,300,5,1,0.18182
7145,50,300,6,2,-0.45455
7145,50,300,7,1,0.090909
7145,50,300,8,2,-0.54545
7145,50,300,9,1,0.27273
7145,50,300,10,1,0.36364
7145,50,300,11,2,-0.45455
7145,50,300,12,1,0.090909
7145,50,300,13,1,0.54545
7145,50,300,14,2,-0.45455
7145,50,300,15,1,0.090909
7145,50,300,16,2,-0.18182
7145,50,300,17,1,0.36364
7145,50,300,18,2,-0.18182
7145,50,300,19,1,0.27273
7145,50,300,20,1,-0.18182
7145,50,300,21,1,0.45455
7145,50,300,22,2,-0.36364
7145,50,300,23,2,-0.54545
7145,50,300,24,1,0.45455
7145,50,300,25,1,0.54545
7145,50,300,26,1,0.090909
7145,50,300,27,1,0.18182
7145,50,300,28,2,-0.36364
7145,50,300,29,1,-0.090909
7145,50,300,30,2,-0.54545
7145,50,300,31,2,0.090909
7145,50,300,32,2,-0.18182
7145,50,300,33,2,-0.54545
7145,50,300,34,1,-0.090909
7145,50,300,35,2,-0.27273
7145,50,300,36,2,-0.45455
7145,50,300,37,1,0.72727
7145,50,300,38,2,-0.45455
7145,50,300,39,2,-0.36364
7145,50,300,40,1,0.090909
7145,50,300,41,1,0.090909
7145,50,300,42,2,-0.54545
7145,50,300,43,1,0.36364
7145,50,300,44,1,0.18182
7145,50,300,45,1,0.63636
7145,50,300,46,1,0.090909
7145,50,300,47,2,-0.54545
7145,50,300,48,1,0.27273
7145,50,300,49,2,0.090909
7145,50,300,50,1,0.090909
7145,50,300,51,2,-0.45455
7145,51,301,1,2,0.090909
7145,51,301,2,2,-0.090909
7145,51,301,3,1,-0.090909
7145,51,301,4,1,0.36364
7145,51,301,5,2,0.27273
7145,51,301,6,2,-0.72727
7145,51,301,7,1,0.18182
7145,51,301,8,1,-0.45455
7145,51,301,9,1,0.090909
7145,51,301,10,1,-0.54545
7145,51,301,11,2,-0.54545
7145,51,301,12,1,0.090909
7145,51,301,13,2,-0.27273
7145,51,301,14,1,0.090909
7145,51,301,15,1,0.27273
7145,51,301,16,2,0.090909
7145,51,301,17,1,0.45455
7145,51,301,18,1,0.090909
7145,51,301,19,1,0.18182
7145,51,301,20,2,-0.45455
7145,51,301,21,2,-0.27273
7145,51,301,22,2,-0.45455
7145,51,301,23,2,-0.27273
7145,51,301,24,2,-0.45455
7145,51,301,25,1,0.36364
7145,51,301,26,2,0.090909
7145,51,301,27,2,-0.090909
7145,51,301,28,1,0.18182
7145,51,301,29,2,-0.45455
7145,51,301,30,1,-0.090909
7145,51,301,31,1,0.18182
7145,51,301,32,1,0.090909
7145,51,301,33,1,0.090909
7145,51,301,34,1,0.090909
7145,51,301,35,2,-0.27273
7145,51,301,36,2,-0.63636
7145,51,301,37,1,0.090909
7145,51,301,38,1,-0.27273
7145,51,301,39,2,0.45455
7145,51,301,40,1,0.36364
7145,51,301,41,2,-0.36364
7145,51,301,42,2,0.36364
7145,51,301,43,2,-0.090909
7145,51,301,44,2,-0.45455
7145,51,301,45,1,0.63636
7145,51,301,46,1,0.18182
7145,51,301,47,1,-0.090909
7145,51,301,48,2,-0.18182
7145,51,301,49,1,0.45455
7145,51,301,50,2,-0.63636
7145,51,301,51,2,-0.36364
7145,51,302,1,2,-0.090909
7145,51,302,2,2,-0.63636
7145,51,302,3,2,-0.090909
7145,51,302,4,1,0.36364
7145,51,302,5,2,0.18182
7145,51,302,6,1,-0.54545
7145,51,302,7,2,0.45455
7145,51,302,8,2,-0.27273
7145,51,302,9,1,-0.36364
7145,51,302,10,1,-0.36364
7145,51,302,11,1,-0.54545
7145,51,302,12,1,0.81818
7145,51,302,13,2,0.45455
7145,51,302,14,1,0.81818
7145,51,302,15,2,0.36364
7145,51,302,16,1,-0.27273
7145,51,302,17,2,0.36364
7145,51,302,18,1,-0.090909
7145,51,302,19,1,-0.090909
7145,51,302,20,2,-0.36364
7145,51,302,21,2,-0.54545
7145,51,302,22,1,0.36364
7145,51,302,23,2,0.72727
7145,51,302,24,1,-0.45455
7145,51,302,25,2,-0.81818
7145,51,302,26,2,-0.090909
7145,51,302,27,2,0.36364
7145,51,302,28,1,0.81818
7145,51,302,29,1,0.45455
7145,51,302,30,1,0.81818
7145,51,302,31,1,0.45455
7145,51,302,32,1,-0.36364
7145,51,302,33,2,-0.36364
7145,51,302,34,1,-0.27273
7145,51,302,35,1,0.36364
7145,51,302,36,2,-0.63636
7145,51,302,37,1,0.45455
7145,51,302,38,1,0.63636
7145,51,302,39,1,0.45455
7145,51,302,40,1,0.18182
7145,51,302,41,2,0.27273
7145,51,302,42,2,-0.36364
7145,51,302,43,2,-0.54545
7145,51,302,44,1,0.18182
7145,51,302,45,1,0.81818
7145,51,302,46,2,0.090909
7145,51,302,47,2,-0.54545
7145,51,302,48,1,0.81818
7145,51,302,49,2,-0.54545
7145,51,302,50,2,-0.63636
7145,51,302,51,1,-0.090909
7145,51,303,1,1,-0.18182
7145,51,303,2,2,-0.18182
7145,51,303,3,2,-0.45455
7145,51,303,4,2,0.27273
7145,51,303,5,1,0.72727
7145,51,303,6,2,-0.36364
7145,51,303,7,2,0.45455
7145,51,303,8,1,0.54545
7145,51,303,9,1,0.72727
7145,51,303,10,1,-0.27273
7145,51,303,11,2,-0.36364
7145,51,303,12,1,0.36364
7145,51,303,13,1,0.36364
7145,51,303,14,1,-0.45455
7145,51,303,15,1,0.27273
7145,51,303,16,1,0.27273
7145,51,303,17,2,-0.36364
7145,51,303,18,1,0.54545
7145,51,303,19,1,-0.27273
7145,51,303,20,2,-0.18182
7145,51,303,21,1,-0.45455
7145,51,303,22,1,0.72727
7145,51,303,23,2,0.36364
7145,51,303,24,2,-0.18182
7145,51,303,25,2,-0.36364
7145,51,303,26,1,0.36364
7145,51,303,27,2,0.63636
7145,51,303,28,2,-0.45455
7145,51,303,29,1,-0.18182
7145,51,303,30,1,0.45455
7145,51,303,31,1,0.27273
7145,51,303,32,2,-0.45455
7145,51,303,33,1,-0.18182
7145,51,303,34,1,0.72727
7145,51,303,35,2,-0.36364
7145,51,303,36,1,0.45455
7145,51,303,37,1,-0.63636
7145,51,303,38,1,0.27273
7145,51,303,39,2,-0.27273
7145,51,303,40,1,0.090909
7145,51,303,41,1,0.54545
7145,51,303,42,2,-0.72727
7145,51,303,43,1,0.27273
7145,51,303,44,1,0.72727
7145,51,303,45,1,0.72727
7145,51,303,46,1,0.36364
7145,51,303,47,1,-0.81818
7145,51,303,48,2,0.18182
7145,51,303,49,2,-0.45455
7145,51,303,50,2,0.36364
7145,51,303,51,2,-0.36364
7145,51,304,1,2,0.18182
7145,51,304,2,1,0.090909
7145,51,304,3,2,-0.18182
7145,51,304,4,1,0.18182
7145,51,304,5,2,-0.27273
7145,51,304,6,2,-0.36364
7145,51,304,7,2,0.45455
7145,51,304,8,1,-0.090909
7145,51,304,9,1,0.36364
7145,51,304,10,1,-0.090909
7145,51,304,11,1,0.54545
7145,51,304,12,1,0.36364
7145,51,304,13,2,-0.18182
7145,51,304,14,2,-0.18182
7145,51,304,15,1,0.45455
7145,51,304,16,1,0.090909
7145,51,304,17,1,0.45455
7145,51,304,18,1,-0.090909
7145,51,304,19,2,-0.090909
7145,51,304,20,2,0.18182
7145,51,304,21,2,-0.090909
7145,51,304,22,2,-0.36364
7145,51,304,23,2,0.18182
7145,51,304,24,1,0.54545
7145,51,304,25,2,-0.45455
7145,51,304,26,1,0.63636
7145,51,304,27,2,0.18182
7145,51,304,28,1,0.36364
7145,51,304,29,1,0.18182
7145,51,304,30,1,-0.18182
7145,51,304,31,1,0.27273
7145,51,304,32,1,0.45455
7145,51,304,33,1,0.45455
7145,51,304,34,1,-0.36364
7145,51,304,35,1,0.54545
7145,51,304,36,2,-0.090909
7145,51,304,37,2,-0.36364
7145,51,304,38,1,0.18182
7145,51,304,39,2,-0.18182
7145,51,304,40,2,-0.18182
7145,51,304,41,2,0.090909
7145,51,304,42,1,0.63636
7145,51,304,43,1,0.090909
7145,51,304,44,1,0.72727
7145,51,304,45,1,-0.090909
7145,51,304,46,1,0.54545
7145,51,304,47,1,0.18182
7145,51,304,48,2,0.090909
7145,51,304,49,2,-0.27273
7145,51,304,50,2,0.18182
7145,51,304,51,2,-0.36364
7145,51,305,1,1,-0.63636
7145,51,305,2,1,0.81818
7145,51,305,3,2,-0.81818
7145,51,305,4,2,-0.18182
7145,51,305,5,2,-0.63636
7145,51,305,6,1,0.81818
7145,51,305,7,2,-0.18182
7145,51,305,8,1,-0.36364
7145,51,305,9,1,-0.27273
7145,51,305,10,2,-0.54545
7145,51,305,11,2,-0.36364
7145,51,305,12,2,0.36364
7145,51,305,13,1,-0.45455
7145,51,305,14,1,-0.81818
7145,51,305,15,1,-0.45455
7145,51,305,16,1,0.63636
7145,51,305,17,1,0.090909
7145,51,305,18,2,-0.63636
7145,51,305,19,2,-0.63636
7145,51,305,20,1,0.27273
7145,51,305,21,2,-0.27273
7145,51,305,22,2,-0.45455
7145,51,305,23,2,0.72727
7145,51,305,24,1,-0.18182
7145,51,305,25,2,0.81818
7145,51,305,26,1,0.36364
7145,51,305,27,1,0.45455
7145,51,305,28,2,-0.81818
7145,51,305,29,2,-0.54545
7145,51,305,30,2,-0.36364
7145,51,305,31,1,0.81818
7145,51,305,32,2,-0.63636
7145,51,305,33,2,-0.45455
7145,51,305,34,2,-0.36364
7145,51,305,35,2,-0.81818
7145,51,305,36,2,-0.81818
7145,51,305,37,2,0.36364
7145,51,305,38,2,-0.45455
7145,51,305,39,2,-0.18182
7145,51,305,40,2,-0.18182
7145,51,305,41,2,-0.36364
7145,51,305,42,1,0.81818
7145,51,305,43,2,0.18182
7145,51,305,44,2,-0.18182
7145,51,305,45,1,-0.27273
7145,51,305,46,2,-0.54545
7145,51,305,47,1,0.81818
7145,51,305,48,2,-0.63636
7145,51,305,49,2,-0.45455
7145,51,305,50,2,-0.81818
7145,51,305,51,2,-0.36364
7145,51,306,1,2,0.090909
7145,51,306,2,2,0.090909
7145,51,306,3,1,0.45455
7145,51,306,4,2,-0.54545
7145,51,306,5,1,0.18182
7145,51,306,6,2,-0.45455
7145,51,306,7,1,0.090909
7145,51,306,8,2,-0.54545
7145,51,306,9,2,0.27273
7145,51,306,10,1,0.36364
7145,51,306,11,2,-0.45455
7145,51,306,12,1,0.090909
7145,51,306,13,1,0.54545
7145,51,306,14,2,-0.45455
7145,51,306,15,2,0.090909
7145,51,306,16,1,-0.18182
7145,51,306,17,1,0.36364
7145,51,306,18,2,-0.18182
7145,51,306,19,1,0.27273
7145,51,306,20,2,-0.18182
7145,51,306,21,1,0.45455
7145,51,306,22,2,-0.36364
7145,51,306,23,2,-0.54545
7145,51,306,24,1,0.45455
7145,51,306,25,1,0.54545
7145,51,306,26,1,0.090909
7145,51,306,27,1,0.18182
7145,51,306,28,2,-0.36364
7145,51,306,29,2,-0.090909
7145,51,306,30,2,-0.54545
7145,51,306,31,1,0.090909
7145,51,306,32,2,-0.18182
7145,51,306,33,2,-0.54545
7145,51,306,34,1,-0.090909
7145,51,306,35,1,-0.27273
7145,51,306,36,2,-0.45455
7145,51,306,37,1,0.72727
7145,51,306,38,2,-0.45455
7145,51,306,39,2,-0.36364
7145,51,306,40,1,0.090909
7145,51,306,41,2,0.090909
7145,51,306,42,2,-0.54545
7145,51,306,43,1,0.36364
7145,51,306,44,1,0.18182
7145,51,306,45,1,0.63636
7145,51,306,46,2,0.090909
7145,51,306,47,2,-0.54545
7145,51,306,48,1,0.27273
7145,51,306,49,2,0.090909
7145,51,306,50,2,0.090909
7145,51,306,51,2,-0.45455
7145,52,307,1,2,0.090909
7145,52,307,2,2,-0.090909
7145,52,307,3,2,-0.090909
7145,52,307,4,2,0.36364
7145,52,307,5,1,0.27273
7145,52,307,6,1,-0.72727
7145,52,307,7,1,0.18182
7145,52,307,8,1,-0.45455
7145,52,307,9,1,0.090909
7145,52,307,10,2,-0.54545
7145,52,307,11,2,-0.54545
7145,52,307,12,2,0.090909
7145,52,307,13,2,-0.27273
7145,52,307,14,2,0.090909
7145,52,307,15,2,0.27273
7145,52,307,16,1,0.090909
7145,52,307,17,2,0.45455
7145,52,307,18,1,0.090909
7145,52,307,19,1,0.18182
7145,52,307,20,2,-0.45455
7145,52,307,21,2,-0.27273
7145,52,307,22,2,-0.45455
7145,52,307,23,2,-0.27273
7145,52,307,24,2,-0.45455
7145,52,307,25,1,0.36364
7145,52,307,26,1,0.090909
7145,52,307,27,1,-0.090909
7145,52,307,28,1,0.18182
7145,52,307,29,2,-0.45455
7145,52,307,30,1,-0.090909
7145,52,307,31,1,0.18182
7145,52,307,32,2,0.090909
7145,52,307,33,1,0.090909
7145,52,307,34,1,0.090909
7145,52,307,35,2,-0.27273
7145,52,307,36,2,-0.63636
7145,52,307,37,1,0.090909
7145,52,307,38,1,-0.27273
7145,52,307,39,1,0.45455
7145,52,307,40,1,0.36364
7145,52,307,41,2,-0.36364
7145,52,307,42,1,0.36364
7145,52,307,43,1,-0.090909
7145,52,307,44,2,-0.45455
7145,52,307,45,1,0.63636
7145,52,307,46,1,0.18182
7145,52,307,47,2,-0.090909
7145,52,307,48,2,-0.18182
7145,52,307,49,1,0.45455
7145,52,307,50,2,-0.63636
7145,52,307,51,2,-0.36364
7145,52,308,1,2,-0.090909
7145,52,308,2,2,-0.63636
7145,52,308,3,1,-0.090909
7145,52,308,4,2,0.36364
7145,52,308,5,1,0.18182
7145,52,308,6,2,-0.54545
7145,52,308,7,1,0.45455
7145,52,308,8,2,-0.27273
7145,52,308,9,2,-0.36364
7145,52,308,10,2,-0.36364
7145,52,308,11,2,-0.54545
7145,52,308,12,2,0.81818
7145,52,308,13,2,0.45455
7145,52,308,14,1,0.81818
7145,52,308,15,2,0.36364
7145,52,308,16,1,-0.27273
7145,52,308,17,2,0.36364
7145,52,308,18,1,-0.090909
7145,52,308,19,2,-0.090909
7145,52,308,20,2,-0.36364
7145,52,308,21,1,-0.54545
7145,52,308,22,2,0.36364
7145,52,308,23,2,0.72727
7145,52,308,24,2,-0.45455
7145,52,308,25,2,-0.81818
7145,52,308,26,1,-0.090909
7145,52,308,27,1,0.36364
7145,52,308,28,1,0.81818
7145,52,308,29,1,0.45455
7145,52,308,30,1,0.81818
7145,52,308,31,1,0.45455
7145,52,308,32,1,-0.36364
7145,52,308,33,2,-0.36364
7145,52,308,34,1,-0.27273
7145,52,308,35,1,0.36364
7145,52,308,36,2,-0.63636
7145,52,308,37,2,0.45455
7145,52,308,38,1,0.63636
7145,52,308,39,1,0.45455
7145,52,308,40,2,0.18182
7145,52,308,41,1,0.27273
7145,52,308,42,1,-0.36364
7145,52,308,43,2,-0.54545
7145,52,308,44,1,0.18182
7145,52,308,45,1,0.81818
7145,52,308,46,2,0.090909
7145,52,308,47,2,-0.54545
7145,52,308,48,1,0.81818
7145,52,308,49,2,-0.54545
7145,52,308,50,2,-0.63636
7145,52,308,51,1,-0.090909
7145,52,309,1,2,-0.18182
7145,52,309,2,2,-0.18182
7145,52,309,3,2,-0.45455
7145,52,309,4,2,0.27273
7145,52,309,5,2,0.72727
7145,52,309,6,2,-0.36364
7145,52,309,7,2,0.45455
7145,52,309,8,2,0.54545
7145,52,309,9,1,0.72727
7145,52,309,10,1,-0.27273
7145,52,309,11,2,-0.36364
7145,52,309,12,1,0.36364
7145,52,309,13,1,0.36364
7145,52,309,14,1,-0.45455
7145,52,309,15,1,0.27273
7145,52,309,16,1,0.27273
7145,52,309,17,2,-0.36364
7145,52,309,18,2,0.54545
7145,52,309,19,1,-0.27273
7145,52,309,20,2,-0.18182
7145,52,309,21,2,-0.45455
7145,52,309,22,1,0.72727
7145,52,309,23,1,0.36364
7145,52,309,24,2,-0.18182
7145,52,309,25,2,-0.36364
7145,52,309,26,1,0.36364
7145,52,309,27,2,0.63636
7145,52,309,28,1,-0.45455
7145,52,309,29,2,-0.18182
7145,52,309,30,1,0.45455
7145,52,309,31,2,0.27273
7145,52,309,32,2,-0.45455
7145,52,309,33,2,-0.18182
7145,52,309,34,1,0.72727
7145,52,309,35,2,-0.36364
7145,52,309,36,1,0.45455
7145,52,309,37,1,-0.63636
7145,52,309,38,1,0.27273
7145,52,309,39,2,-0.27273
7145,52,309,40,2,0.090909
7145,52,309,41,2,0.54545
7145,52,309,42,2,-0.72727
7145,52,309,43,1,0.27273
7145,52,309,44,1,0.72727
7145,52,309,45,1,0.72727
7145,52,309,46,1,0.36364
7145,52,309,47,1,-0.81818
7145,52,309,48,2,0.18182
7145,52,309,49,2,-0.45455
7145,52,309,50,1,0.36364
7145,52,309,51,2,-0.36364
7145,52,310,1,1,0.18182
7145,52,310,2,2,0.090909
7145,52,310,3,2,-0.18182
7145,52,310,4,2,0.18182
7145,52,310,5,2,-0.27273
7145,52,310,6,2,-0.36364
7145,52,310,7,1,0.45455
7145,52,310,8,1,-0.090909
7145,52,310,9,1,0.36364
7145,52,310,10,2,-0.090909
7145,52,310,11,1,0.54545
7145,52,310,12,1,0.36364
7145,52,310,13,2,-0.18182
7145,52,310,14,2,-0.18182
7145,52,310,15,1,0.45455
7145,52,310,16,1,0.090909
7145,52,310,17,1,0.45455
7145,52,310,18,2,-0.090909
7145,52,310,19,1,-0.090909
7145,52,310,20,2,0.18182
7145,52,310,21,2,-0.090909
7145,52,310,22,2,-0.36364
7145,52,310,23,1,0.18182
7145,52,310,24,1,0.54545
7145,52,310,25,2,-0.45455
7145,52,310,26,1,0.63636
7145,52,310,27,2,0.18182
7145,52,310,28,1,0.36364
7145,52,310,29,2,0.18182
7145,52,310,30,1,-0.18182
7145,52,310,31,1,0.27273
7145,52,310,32,1,0.45455
7145,52,310,33,1,0.45455
7145,52,310,34,2,-0.36364
7145,52,310,35,1,0.54545
7145,52,310,36,2,-0.090909
7145,52,310,37,2,-0.36364
7145,52,310,38,1,0.18182
7145,52,310,39,2,-0.18182
7145,52,310,40,2,-0.18182
7145,52,310,41,2,0.090909
7145,52,310,42,1,0.63636
7145,52,310,43,2,0.090909
7145,52,310,44,1,0.72727
7145,52,310,45,1,-0.090909
7145,52,310,46,1,0.54545
7145,52,310,47,1,0.18182
7145,52,310,48,2,0.090909
7145,52,310,49,2,-0.27273
7145,52,310,50,2,0.18182
7145,52,310,51,2,-0.36364
7145,52,311,1,2,-0.63636
7145,52,311,2,2,0.81818
7145,52,311,3,2,-0.81818
7145,52,311,4,1,-0.18182
7145,52,311,5,2,-0.63636
7145,52,311,6,1,0.81818
7145,52,311,7,2,-0.18182
7145,52,311,8,2,-0.36364
7145,52,311,9,1,-0.27273
7145,52,311,10,2,-0.54545
7145,52,311,11,2,-0.36364
7145,52,311,12,2,0.36364
7145,52,311,13,2,-0.45455
7145,52,311,14,2,-0.81818
7145,52,311,15,2,-0.45455
7145,52,311,16,2,0.63636
7145,52,311,17,2,0.090909
7145,52,311,18,2,-0.63636
7145,52,311,19,2,-0.63636
7145,52,311,20,1,0.27273
7145,52,311,21,2,-0.27273
7145,52,311,22,2,-0.45455
7145,52,311,23,2,0.72727
7145,52,311,24,1,-0.18182
7145,52,311,25,2,0.81818
7145,52,311,26,1,0.36364
7145,52,311,27,1,0.45455
7145,52,311,28,2,-0.81818
7145,52,311,29,2,-0.54545
7145,52,311,30,2,-0.36364
7145,52,311,31,1,0.81818
7145,52,311,32,2,-0.63636
7145,52,311,33,2,-0.45455
7145,52,311,34,2,-0.36364
7145,52,311,35,2,-0.81818
7145,52,311,36,2,-0.81818
7145,52,311,37,2,0.36364
7145,52,311,38,2,-0.45455
7145,52,311,39,2,-0.18182
7145,52,311,40,2,-0.18182
7145,52,311,41,2,-0.36364
7145,52,311,42,1,0.81818
7145,52,311,43,2,0.18182
7145,52,311,44,2,-0.18182
7145,52,311,45,1,-0.27273
7145,52,311,46,1,-0.54545
7145,52,311,47,1,0.81818
7145,52,311,48,2,-0.63636
7145,52,311,49,2,-0.45455
7145,52,311,50,2,-0.81818
7145,52,311,51,2,-0.36364
7145,52,312,1,1,0.090909
7145,52,312,2,2,0.090909
7145,52,312,3,2,0.45455
7145,52,312,4,1,-0.54545
7145,52,312,5,2,0.18182
7145,52,312,6,2,-0.45455
7145,52,312,7,2,0.090909
7145,52,312,8,2,-0.54545
7145,52,312,9,1,0.27273
7145,52,312,10,1,0.36364
7145,52,312,11,2,-0.45455
7145,52,312,12,1,0.090909
7145,52,312,13,1,0.54545
7145,52,312,14,2,-0.45455
7145,52,312,15,1,0.090909
7145,52,312,16,2,-0.18182
7145,52,312,17,1,0.36364
7145,52,312,18,1,-0.18182
7145,52,312,19,1,0.27273
7145,52,312,20,2,-0.18182
7145,52,312,21,1,0.45455
7145,52,312,22,2,-0.36364
7145,52,312,23,2,-0.54545
7145,52,312,24,1,0.45455
7145,52,312,25,1,0.54545
7145,52,312,26,1,0.090909
7145,52,312,27,1,0.18182
7145,52,312,28,2,-0.36364
7145,52,312,29,1,-0.090909
7145,52,312,30,2,-0.54545
7145,52,312,31,1,0.090909
7145,52,312,32,2,-0.18182
7145,52,312,33,2,-0.54545
7145,52,312,34,1,-0.090909
7145,52,312,35,2,-0.27273
7145,52,312,36,2,-0.45455
7145,52,312,37,1,0.72727
7145,52,312,38,2,-0.45455
7145,52,312,39,2,-0.36364
7145,52,312,40,1,0.090909
7145,52,312,41,1,0.090909
7145,52,312,42,2,-0.54545
7145,52,312,43,1,0.36364
7145,52,312,44,1,0.18182
7145,52,312,45,1,0.63636
7145,52,312,46,2,0.090909
7145,52,312,47,2,-0.54545
7145,52,312,48,1,0.27273
7145,52,312,49,2,0.090909
7145,52,312,50,1,0.090909
7145,52,312,51,2,-0.45455
7145,53,313,1,2,0.090909
7145,53,313,2,2,-0.090909
7145,53,313,3,2,-0.090909
7145,53,313,4,1,0.36364
7145,53,313,5,1,0.27273
7145,53,313,6,1,-0.72727
7145,53,313,7,1,0.18182
7145,53,313,8,2,-0.45455
7145,53,313,9,1,0.090909
7145,53,313,10,2,-0.54545
7145,53,313,11,2,-0.54545
7145,53,313,12,2,0.090909
7145,53,313,13,2,-0.27273
7145,53,313,14,1,0.090909
7145,53,313,15,1,0.27273
7145,53,313,16,1,0.090909
7145,53,313,17,1,0.45455
7145,53,313,18,1,0.090909
7145,53,313,19,1,0.18182
7145,53,313,20,2,-0.45455
7145,53,313,21,2,-0.27273
7145,53,313,22,2,-0.45455
7145,53,313,23,2,-0.27273
7145,53,313,24,2,-0.45455
7145,53,313,25,1,0.36364
7145,53,313,26,2,0.090909
7145,53,313,27,1,-0.090909
7145,53,313,28,1,0.18182
7145,53,313,29,2,-0.45455
7145,53,313,30,2,-0.090909
7145,53,313,31,1,0.18182
7145,53,313,32,2,0.090909
7145,53,313,33,1,0.090909
7145,53,313,34,2,0.090909
7145,53,313,35,2,-0.27273
7145,53,313,36,2,-0.63636
7145,53,313,37,2,0.090909
7145,53,313,38,2,-0.27273
7145,53,313,39,1,0.45455
7145,53,313,40,1,0.36364
7145,53,313,41,2,-0.36364
7145,53,313,42,1,0.36364
7145,53,313,43,1,-0.090909
7145,53,313,44,2,-0.45455
7145,53,313,45,1,0.63636
7145,53,313,46,1,0.18182
7145,53,313,47,2,-0.090909
7145,53,313,48,2,-0.18182
7145,53,313,49,1,0.45455
7145,53,313,50,2,-0.63636
7145,53,313,51,2,-0.36364
7145,53,314,1,2,-0.090909
7145,53,314,2,2,-0.63636
7145,53,314,3,2,-0.090909
7145,53,314,4,2,0.36364
7145,53,314,5,2,0.18182
7145,53,314,6,1,-0.54545
7145,53,314,7,2,0.45455
7145,53,314,8,2,-0.27273
7145,53,314,9,2,-0.36364
7145,53,314,10,2,-0.36364
7145,53,314,11,2,-0.54545
7145,53,314,12,2,0.81818
7145,53,314,13,2,0.45455
7145,53,314,14,1,0.81818
7145,53,314,15,1,0.36364
7145,53,314,16,1,-0.27273
7145,53,314,17,2,0.36364
7145,53,314,18,1,-0.090909
7145,53,314,19,2,-0.090909
7145,53,314,20,2,-0.36364
7145,53,314,21,2,-0.54545
7145,53,314,22,1,0.36364
7145,53,314,23,1,0.72727
7145,53,314,24,2,-0.45455
7145,53,314,25,1,-0.81818
7145,53,314,26,2,-0.090909
7145,53,314,27,1,0.36364
7145,53,314,28,2,0.81818
7145,53,314,29,1,0.45455
7145,53,314,30,1,0.81818
7145,53,314,31,1,0.45455
7145,53,314,32,2,-0.36364
7145,53,314,33,2,-0.36364
7145,53,314,34,1,-0.27273
7145,53,314,35,2,0.36364
7145,53,314,36,2,-0.63636
7145,53,314,37,1,0.45455
7145,53,314,38,1,0.63636
7145,53,314,39,1,0.45455
7145,53,314,40,1,0.18182
7145,53,314,41,2,0.27273
7145,53,314,42,2,-0.36364
7145,53,314,43,2,-0.54545
7145,53,314,44,1,0.18182
7145,53,314,45,1,0.81818
7145,53,314,46,1,0.090909
7145,53,314,47,2,-0.54545
7145,53,314,48,1,0.81818
7145,53,314,49,2,-0.54545
7145,53,314,50,2,-0.63636
7145,53,314,51,1,-0.090909
7145,53,315,1,2,-0.18182
7145,53,315,2,2,-0.18182
7145,53,315,3,1,-0.45455
7145,53,315,4,2,0.27273
7145,53,315,5,2,0.72727
7145,53,315,6,2,-0.36364
7145,53,315,7,2,0.45455
7145,53,315,8,2,0.54545
7145,53,315,9,1,0.72727
7145,53,315,10,1,-0.27273
7145,53,315,11,2,-0.36364
7145,53,315,12,2,0.36364
7145,53,315,13,1,0.36364
7145,53,315,14,1,-0.45455
7145,53,315,15,1,0.27273
7145,53,315,16,1,0.27273
7145,53,315,17,2,-0.36364
7145,53,315,18,1,0.54545
7145,53,315,19,1,-0.27273
7145,53,315,20,2,-0.18182
7145,53,315,21,2,-0.45455
7145,53,315,22,1,0.72727
7145,53,315,23,1,0.36364
7145,53,315,24,2,-0.18182
7145,53,315,25,2,-0.36364
7145,53,315,26,1,0.36364
7145,53,315,27,2,0.63636
7145,53,315,28,2,-0.45455
7145,53,315,29,1,-0.18182
7145,53,315,30,1,0.45455
7145,53,315,31,1,0.27273
7145,53,315,32,2,-0.45455
7145,53,315,33,2,-0.18182
7145,53,315,34,1,0.72727
7145,53,315,35,2,-0.36364
7145,53,315,36,1,0.45455
7145,53,315,37,1,-0.63636
7145,53,315,38,1,0.27273
7145,53,315,39,1,-0.27273
7145,53,315,40,1,0.090909
7145,53,315,41,1,0.54545
7145,53,315,42,2,-0.72727
7145,53,315,43,2,0.27273
7145,53,315,44,1,0.72727
7145,53,315,45,1,0.72727
7145,53,315,46,1,0.36364
7145,53,315,47,1,-0.81818
7145,53,315,48,2,0.18182
7145,53,315,49,2,-0.45455
7145,53,315,50,2,0.36364
7145,53,315,51,2,-0.36364
7145,53,316,1,1,0.18182
7145,53,316,2,1,0.090909
7145,53,316,3,2,-0.18182
7145,53,316,4,1,0.18182
7145,53,316,5,2,-0.27273
7145,53,316,6,2,-0.36364
7145,53,316,7,2,0.45455
7145,53,316,8,2,-0.090909
7145,53,316,9,1,0.36364
7145,53,316,10,1,-0.090909
7145,53,316,11,1,0.54545
7145,53,316,12,1,0.36364
7145,53,316,13,2,-0.18182
7145,53,316,14,2,-0.18182
7145,53,316,15,1,0.45455
7145,53,316,16,1,0.090909
7145,53,316,17,1,0.45455
7145,53,316,18,1,-0.090909
7145,53,316,19,2,-0.090909
7145,53,316,20,2,0.18182
7145,53,316,21,1,-0.090909
7145,53,316,22,1,-0.36364
7145,53,316,23,1,0.18182
7145,53,316,24,1,0.54545
7145,53,316,25,2,-0.45455
7145,53,316,26,1,0.63636
7145,53,316,27,2,0.18182
7145,53,316,28,1,0.36364
7145,53,316,29,1,0.18182
7145,53,316,30,2,-0.18182
7145,53,316,31,1,0.27273
7145,53,316,32,1,0.45455
7145,53,316,33,1,0.45455
7145,53,316,34,1,-0.36364
7145,53,316,35,1,0.54545
7145,53,316,36,1,-0.090909
7145,53,316,37,2,-0.36364
7145,53,316,38,1,0.18182
7145,53,316,39,2,-0.18182
7145,53,316,40,2,-0.18182
7145,53,316,41,1,0.090909
7145,53,316,42,1,0.63636
7145,53,316,43,2,0.090909
7145,53,316,44,1,0.72727
7145,53,316,45,1,-0.090909
7145,53,316,46,1,0.54545
7145,53,316,47,1,0.18182
7145,53,316,48,1,0.090909
7145,53,316,49,2,-0.27273
7145,53,316,50,2,0.18182
7145,53,316,51,2,-0.36364
7145,53,317,1,1,-0.63636
7145,53,317,2,2,0.81818
7145,53,317,3,2,-0.81818
7145,53,317,4,2,-0.18182
7145,53,317,5,1,-0.63636
7145,53,317,6,1,0.81818
7145,53,317,7,2,-0.18182
7145,53,317,8,1,-0.36364
7145,53,317,9,1,-0.27273
7145,53,317,10,2,-0.54545
7145,53,317,11,2,-0.36364
7145,53,317,12,2,0.36364
7145,53,317,13,1,-0.45455
7145,53,317,14,2,-0.81818
7145,53,317,15,2,-0.45455
7145,53,317,16,2,0.63636
7145,53,317,17,1,0.090909
7145,53,317,18,2,-0.63636
7145,53,317,19,2,-0.63636
7145,53,317,20,1,0.27273
7145,53,317,21,2,-0.27273
7145,53,317,22,2,-0.45455
7145,53,317,23,2,0.72727
7145,53,317,24,1,-0.18182
7145,53,317,25,1,0.81818
7145,53,317,26,1,0.36364
7145,53,317,27,2,0.45455
7145,53,317,28,2,-0.81818
7145,53,317,29,2,-0.54545
7145,53,317,30,2,-0.36364
7145,53,317,31,1,0.81818
7145,53,317,32,2,-0.63636
7145,53,317,33,2,-0.45455
7145,53,317,34,2,-0.36364
7145,53,317,35,2,-0.81818
7145,53,317,36,2,-0.81818
7145,53,317,37,2,0.36364
7145,53,317,38,2,-0.45455
7145,53,317,39,2,-0.18182
7145,53,317,40,2,-0.18182
7145,53,317,41,2,-0.36364
7145,53,317,42,1,0.81818
7145,53,317,43,2,0.18182
7145,53,317,44,2,-0.18182
7145,53,317,45,1,-0.27273
7145,53,317,46,2,-0.54545
7145,53,317,47,1,0.81818
7145,53,317,48,2,-0.63636
7145,53,317,49,2,-0.45455
7145,53,317,50,2,-0.81818
7145,53,317,51,2,-0.36364
7145,53,318,1,1,0.090909
7145,53,318,2,1,0.090909
7145,53,318,3,1,0.45455
7145,53,318,4,1,-0.54545
7145,53,318,5,1,0.18182
7145,53,318,6,2,-0.45455
7145,53,318,7,1,0.090909
7145,53,318,8,2,-0.54545
7145,53,318,9,2,0.27273
7145,53,318,10,1,0.36364
7145,53,318,11,2,-0.45455
7145,53,318,12,1,0.090909
7145,53,318,13,1,0.54545
7145,53,318,14,2,-0.45455
7145,53,318,15,1,0.090909
7145,53,318,16,2,-0.18182
7145,53,318,17,1,0.36364
7145,53,318,18,1,-0.18182
7145,53,318,19,1,0.27273
7145,53,318,20,2,-0.18182
7145,53,318,21,1,0.45455
7145,53,318,22,2,-0.36364
7145,53,318,23,2,-0.54545
7145,53,318,24,1,0.45455
7145,53,318,25,1,0.54545
7145,53,318,26,2,0.090909
7145,53,318,27,1,0.18182
7145,53,318,28,2,-0.36364
7145,53,318,29,2,-0.090909
7145,53,318,30,2,-0.54545
7145,53,318,31,2,0.090909
7145,53,318,32,2,-0.18182
7145,53,318,33,2,-0.54545
7145,53,318,34,1,-0.090909
7145,53,318,35,2,-0.27273
7145,53,318,36,2,-0.45455
7145,53,318,37,1,0.72727
7145,53,318,38,2,-0.45455
7145,53,318,39,2,-0.36364
7145,53,318,40,1,0.090909
7145,53,318,41,2,0.090909
7145,53,318,42,2,-0.54545
7145,53,318,43,1,0.36364
7145,53,318,44,1,0.18182
7145,53,318,45,1,0.63636
7145,53,318,46,1,0.090909
7145,53,318,47,2,-0.54545
7145,53,318,48,1,0.27273
7145,53,318,49,2,0.090909
7145,53,318,50,1,0.090909
7145,53,318,51,2,-0.45455
7145,54,319,1,1,0.090909
7145,54,319,2,1,-0.090909
7145,54,319,3,1,-0.090909
7145,54,319,4,2,0.36364
7145,54,319,5,1,0.27273
7145,54,319,6,1,-0.72727
7145,54,319,7,2,0.18182
7145,54,319,8,2,-0.45455
7145,54,319,9,1,0.090909
7145,54,319,10,2,-0.54545
7145,54,319,11,2,-0.54545
7145,54,319,12,2,0.090909
7145,54,319,13,2,-0.27273
7145,54,319,14,2,0.090909
7145,54,319,15,2,0.27273
7145,54,319,16,1,0.090909
7145,54,319,17,1,0.45455
7145,54,319,18,1,0.090909
7145,54,319,19,2,0.18182
7145,54,319,20,2,-0.45455
7145,54,319,21,2,-0.27273
7145,54,319,22,2,-0.45455
7145,54,319,23,2,-0.27273
7145,54,319,24,2,-0.45455
7145,54,319,25,1,0.36364
7145,54,319,26,1,0.090909
7145,54,319,27,1,-0.090909
7145,54,319,28,1,0.18182
7145,54,319,29,2,-0.45455
7145,54,319,30,2,-0.090909
7145,54,319,31,1,0.18182
7145,54,319,32,1,0.090909
7145,54,319,33,1,0.090909
7145,54,319,34,1,0.090909
7145,54,319,35,2,-0.27273
7145,54,319,36,2,-0.63636
7145,54,319,37,1,0.090909
7145,54,319,38,1,-0.27273
7145,54,319,39,1,0.45455
7145,54,319,40,1,0.36364
7145,54,319,41,2,-0.36364
7145,54,319,42,1,0.36364
7145,54,319,43,2,-0.090909
7145,54,319,44,2,-0.45455
7145,54,319,45,1,0.63636
7145,54,319,46,1,0.18182
7145,54,319,47,1,-0.090909
7145,54,319,48,2,-0.18182
7145,54,319,49,1,0.45455
7145,54,319,50,2,-0.63636
7145,54,319,51,2,-0.36364
7145,54,320,1,2,-0.090909
7145,54,320,2,2,-0.63636
7145,54,320,3,1,-0.090909
7145,54,320,4,1,0.36364
7145,54,320,5,1,0.18182
7145,54,320,6,2,-0.54545
7145,54,320,7,2,0.45455
7145,54,320,8,1,-0.27273
7145,54,320,9,1,-0.36364
7145,54,320,10,2,-0.36364
7145,54,320,11,2,-0.54545
7145,54,320,12,1,0.81818
7145,54,320,13,2,0.45455
7145,54,320,14,1,0.81818
7145,54,320,15,2,0.36364
7145,54,320,16,1,-0.27273
7145,54,320,17,1,0.36364
7145,54,320,18,1,-0.090909
7145,54,320,19,1,-0.090909
7145,54,320,20,2,-0.36364
7145,54,320,21,2,-0.54545
7145,54,320,22,1,0.36364
7145,54,320,23,1,0.72727
7145,54,320,24,1,-0.45455
7145,54,320,25,1,-0.81818
7145,54,320,26,2,-0.090909
7145,54,320,27,1,0.36364
7145,54,320,28,1,0.81818
7145,54,320,29,1,0.45455
7145,54,320,30,1,0.81818
7145,54,320,31,1,0.45455
7145,54,320,32,1,-0.36364
7145,54,320,33,2,-0.36364
7145,54,320,34,1,-0.27273
7145,54,320,35,1,0.36364
7145,54,320,36,1,-0.63636
7145,54,320,37,1,0.45455
7145,54,320,38,1,0.63636
7145,54,320,39,1,0.45455
7145,54,320,40,1,0.18182
7145,54,320,41,1,0.27273
7145,54,320,42,2,-0.36364
7145,54,320,43,2,-0.54545
7145,54,320,44,1,0.18182
7145,54,320,45,1,0.81818
7145,54,320,46,2,0.090909
7145,54,320,47,2,-0.54545
7145,54,320,48,1,0.81818
7145,54,320,49,2,-0.54545
7145,54,320,50,2,-0.63636
7145,54,320,51,1,-0.090909
7145,54,321,1,2,-0.18182
7145,54,321,2,2,-0.18182
7145,54,321,3,2,-0.45455
7145,54,321,4,2,0.27273
7145,54,321,5,2,0.72727
7145,54,321,6,1,-0.36364
7145,54,321,7,2,0.45455
7145,54,321,8,2,0.54545
7145,54,321,9,1,0.72727
7145,54,321,10,1,-0.27273
7145,54,321,11,2,-0.36364
7145,54,321,12,1,0.36364
7145,54,321,13,1,0.36364
7145,54,321,14,2,-0.45455
7145,54,321,15,1,0.27273
7145,54,321,16,2,0.27273
7145,54,321,17,2,-0.36364
7145,54,321,18,2,0.54545
7145,54,321,19,2,-0.27273
7145,54,321,20,2,-0.18182
7145,54,321,21,2,-0.45455
7145,54,321,22,1,0.72727
7145,54,321,23,2,0.36364
7145,54,321,24,2,-0.18182
7145,54,321,25,2,-0.36364
7145,54,321,26,1,0.36364
7145,54,321,27,2,0.63636
7145,54,321,28,1,-0.45455
7145,54,321,29,2,-0.18182
7145,54,321,30,2,0.45455
7145,54,321,31,1,0.27273
7145,54,321,32,2,-0.45455
7145,54,321,33,2,-0.18182
7145,54,321,34,1,0.72727
7145,54,321,35,2,-0.36364
7145,54,321,36,1,0.45455
7145,54,321,37,1,-0.63636
7145,54,321,38,1,0.27273
7145,54,321,39,2,-0.27273
7145,54,321,40,2,0.090909
7145,54,321,41,1,0.54545
7145,54,321,42,2,-0.72727
7145,54,321,43,1,0.27273
7145,54,321,44,1,0.72727
7145,54,321,45,1,0.72727
7145,54,321,46,2,0.36364
7145,54,321,47,2,-0.81818
7145,54,321,48,2,0.18182
7145,54,321,49,2,-0.45455
7145,54,321,50,1,0.36364
7145,54,321,51,2,-0.36364
7145,54,322,1,2,0.18182
7145,54,322,2,1,0.090909
7145,54,322,3,2,-0.18182
7145,54,322,4,1,0.18182
7145,54,322,5,2,-0.27273
7145,54,322,6,1,-0.36364
7145,54,322,7,2,0.45455
7145,54,322,8,1,-0.090909
7145,54,322,9,1,0.36364
7145,54,322,10,2,-0.090909
7145,54,322,11,1,0.54545
7145,54,322,12,1,0.36364
7145,54,322,13,2,-0.18182
7145,54,322,14,2,-0.18182
7145,54,322,15,1,0.45455
7145,54,322,16,1,0.090909
7145,54,322,17,2,0.45455
7145,54,322,18,1,-0.090909
7145,54,322,19,2,-0.090909
7145,54,322,20,1,0.18182
7145,54,322,21,1,-0.090909
7145,54,322,22,2,-0.36364
7145,54,322,23,1,0.18182
7145,54,322,24,1,0.54545
7145,54,322,25,2,-0.45455
7145,54,322,26,1,0.63636
7145,54,322,27,2,0.18182
7145,54,322,28,1,0.36364
7145,54,322,29,1,0.18182
7145,54,322,30,2,-0.18182
7145,54,322,31,1,0.27273
7145,54,322,32,1,0.45455
7145,54,322,33,1,0.45455
7145,54,322,34,2,-0.36364
7145,54,322,35,1,0.54545
7145,54,322,36,2,-0.090909
7145,54,322,37,2,-0.36364
7145,54,322,38,1,0.18182
7145,54,322,39,2,-0.18182
7145,54,322,40,2,-0.18182
7145,54,322,41,2,0.090909
7145,54,322,42,1,0.63636
7145,54,322,43,2,0.090909
7145,54,322,44,1,0.72727
7145,54,322,45,1,-0.090909
7145,54,322,46,1,0.54545
7145,54,322,47,2,0.18182
7145,54,322,48,1,0.090909
7145,54,322,49,2,-0.27273
7145,54,322,50,1,0.18182
7145,54,322,51,2,-0.36364
7145,54,323,1,1,-0.63636
7145,54,323,2,2,0.81818
7145,54,323,3,1,-0.81818
7145,54,323,4,1,-0.18182
7145,54,323,5,1,-0.63636
7145,54,323,6,2,0.81818
7145,54,323,7,2,-0.18182
7145,54,323,8,1,-0.36364
7145,54,323,9,1,-0.27273
7145,54,323,10,2,-0.54545
7145,54,323,11,2,-0.36364
7145,54,323,12,2,0.36364
7145,54,323,13,1,-0.45455
7145,54,323,14,1,-0.81818
7145,54,323,15,2,-0.45455
7145,54,323,16,2,0.63636
7145,54,323,17,2,0.090909
7145,54,323,18,2,-0.63636
7145,54,323,19,2,-0.63636
7145,54,323,20,2,0.27273
7145,54,323,21,2,-0.27273
7145,54,323,22,2,-0.45455
7145,54,323,23,2,0.72727
7145,54,323,24,2,-0.18182
7145,54,323,25,1,0.81818
7145,54,323,26,2,0.36364
7145,54,323,27,1,0.45455
7145,54,323,28,2,-0.81818
7145,54,323,29,2,-0.54545
7145,54,323,30,2,-0.36364
7145,54,323,31,1,0.81818
7145,54,323,32,2,-0.63636
7145,54,323,33,2,-0.45455
7145,54,323,34,2,-0.36364
7145,54,323,35,2,-0.81818
7145,54,323,36,2,-0.81818
7145,54,323,37,2,0.36364
7145,54,323,38,2,-0.45455
7145,54,323,39,2,-0.18182
7145,54,323,40,2,-0.18182
7145,54,323,41,2,-0.36364
7145,54,323,42,1,0.81818
7145,54,323,43,2,0.18182
7145,54,323,44,2,-0.18182
7145,54,323,45,1,-0.27273
7145,54,323,46,2,-0.54545
7145,54,323,47,1,0.81818
7145,54,323,48,2,-0.63636
7145,54,323,49,2,-0.45455
7145,54,323,50,2,-0.81818
7145,54,323,51,2,-0.36364
7145,54,324,1,2,0.090909
7145,54,324,2,1,0.090909
7145,54,324,3,2,0.45455
7145,54,324,4,2,-0.54545
7145,54,324,5,1,0.18182
7145,54,324,6,2,-0.45455
7145,54,324,7,2,0.090909
7145,54,324,8,2,-0.54545
7145,54,324,9,2,0.27273
7145,54,324,10,1,0.36364
7145,54,324,11,2,-0.45455
7145,54,324,12,2,0.090909
7145,54,324,13,1,0.54545
7145,54,324,14,2,-0.45455
7145,54,324,15,1,0.090909
7145,54,324,16,2,-0.18182
7145,54,324,17,1,0.36364
7145,54,324,18,2,-0.18182
7145,54,324,19,1,0.27273
7145,54,324,20,1,-0.18182
7145,54,324,21,1,0.45455
7145,54,324,22,2,-0.36364
7145,54,324,23,2,-0.54545
7145,54,324,24,1,0.45455
7145,54,324,25,1,0.54545
7145,54,324,26,1,0.090909
7145,54,324,27,1,0.18182
7145,54,324,28,2,-0.36364
7145,54,324,29,2,-0.090909
7145,54,324,30,2,-0.54545
7145,54,324,31,2,0.090909
7145,54,324,32,2,-0.18182
7145,54,324,33,2,-0.54545
7145,54,324,34,1,-0.090909
7145,54,324,35,2,-0.27273
7145,54,324,36,2,-0.45455
7145,54,324,37,1,0.72727
7145,54,324,38,2,-0.45455
7145,54,324,39,2,-0.36364
7145,54,324,40,1,0.090909
7145,54,324,41,1,0.090909
7145,54,324,42,2,-0.54545
7145,54,324,43,1,0.36364
7145,54,324,44,1,0.18182
7145,54,324,45,1,0.63636
7145,54,324,46,2,0.090909
7145,54,324,47,2,-0.54545
7145,54,324,48,1,0.27273
7145,54,324,49,1,0.090909
7145,54,324,50,2,0.090909
7145,54,324,51,2,-0.45455
7145,55,325,1,1,0.090909
7145,55,325,2,1,-0.090909
7145,55,325,3,2,-0.090909
7145,55,325,4,2,0.36364
7145,55,325,5,1,0.27273
7145,55,325,6,2,-0.72727
7145,55,325,7,1,0.18182
7145,55,325,8,2,-0.45455
7145,55,325,9,2,0.090909
7145,55,325,10,2,-0.54545
7145,55,325,11,1,-0.54545
7145,55,325,12,2,0.090909
7145,55,325,13,2,-0.27273
7145,55,325,14,1,0.090909
7145,55,325,15,2,0.27273
7145,55,325,16,1,0.090909
7145,55,325,17,1,0.45455
7145,55,325,18,1,0.090909
7145,55,325,19,2,0.18182
7145,55,325,20,2,-0.45455
7145,55,325,21,2,-0.27273
7145,55,325,22,2,-0.45455
7145,55,325,23,2,-0.27273
7145,55,325,24,2,-0.45455
7145,55,325,25,1,0.36364
7145,55,325,26,1,0.090909
7145,55,325,27,1,-0.090909
7145,55,325,28,1,0.18182
7145,55,325,29,2,-0.45455
7145,55,325,30,1,-0.090909
7145,55,325,31,1,0.18182
7145,55,325,32,1,0.090909
7145,55,325,33,1,0.090909
7145,55,325,34,1,0.090909
7145,55,325,35,2,-0.27273
7145,55,325,36,2,-0.63636
7145,55,325,37,1,0.090909
7145,55,325,38,2,-0.27273
7145,55,325,39,1,0.45455
7145,55,325,40,1,0.36364
7145,55,325,41,2,-0.36364
7145,55,325,42,1,0.36364
7145,55,325,43,1,-0.090909
7145,55,325,44,2,-0.45455
7145,55,325,45,1,0.63636
7145,55,325,46,1,0.18182
7145,55,325,47,2,-0.090909
7145,55,325,48,2,-0.18182
7145,55,325,49,1,0.45455
7145,55,325,50,2,-0.63636
7145,55,325,51,2,-0.36364
7145,55,326,1,1,-0.090909
7145,55,326,2,2,-0.63636
7145,55,326,3,2,-0.090909
7145,55,326,4,1,0.36364
7145,55,326,5,1,0.18182
7145,55,326,6,2,-0.54545
7145,55,326,7,2,0.45455
7145,55,326,8,1,-0.27273
7145,55,326,9,2,-0.36364
7145,55,326,10,2,-0.36364
7145,55,326,11,2,-0.54545
7145,55,326,12,2,0.81818
7145,55,326,13,2,0.45455
7145,55,326,14,1,0.81818
7145,55,326,15,1,0.36364
7145,55,326,16,1,-0.27273
7145,55,326,17,1,0.36364
7145,55,326,18,1,-0.090909
7145,55,326,19,1,-0.090909
7145,55,326,20,2,-0.36364
7145,55,326,21,2,-0.54545
7145,55,326,22,1,0.36364
7145,55,326,23,2,0.72727
7145,55,326,24,1,-0.45455
7145,55,326,25,2,-0.81818
7145,55,326,26,2,-0.090909
7145,55,326,27,2,0.36364
7145,55,326,28,1,0.81818
7145,55,326,29,2,0.45455
7145,55,326,30,1,0.81818
7145,55,326,31,1,0.45455
7145,55,326,32,1,-0.36364
7145,55,326,33,2,-0.36364
7145,55,326,34,1,-0.27273
7145,55,326,35,1,0.36364
7145,55,326,36,2,-0.63636
7145,55,326,37,1,0.45455
7145,55,326,38,2,0.63636
7145,55,326,39,1,0.45455
7145,55,326,40,1,0.18182
7145,55,326,41,1,0.27273
7145,55,326,42,2,-0.36364
7145,55,326,43,2,-0.54545
7145,55,326,44,1,0.18182
7145,55,326,45,1,0.81818
7145,55,326,46,2,0.090909
7145,55,326,47,2,-0.54545
7145,55,326,48,1,0.81818
7145,55,326,49,2,-0.54545
7145,55,326,50,2,-0.63636
7145,55,326,51,1,-0.090909
7145,55,327,1,1,-0.18182
7145,55,327,2,1,-0.18182
7145,55,327,3,1,-0.45455
7145,55,327,4,2,0.27273
7145,55,327,5,1,0.72727
7145,55,327,6,2,-0.36364
7145,55,327,7,1,0.45455
7145,55,327,8,2,0.54545
7145,55,327,9,1,0.72727
7145,55,327,10,1,-0.27273
7145,55,327,11,1,-0.36364
7145,55,327,12,1,0.36364
7145,55,327,13,1,0.36364
7145,55,327,14,1,-0.45455
7145,55,327,15,1,0.27273
7145,55,327,16,2,0.27273
7145,55,327,17,1,-0.36364
7145,55,327,18,2,0.54545
7145,55,327,19,1,-0.27273
7145,55,327,20,2,-0.18182
7145,55,327,21,2,-0.45455
7145,55,327,22,1,0.72727
7145,55,327,23,1,0.36364
7145,55,327,24,2,-0.18182
7145,55,327,25,1,-0.36364
7145,55,327,26,1,0.36364
7145,55,327,27,2,0.63636
7145,55,327,28,1,-0.45455
7145,55,327,29,2,-0.18182
7145,55,327,30,1,0.45455
7145,55,327,31,1,0.27273
7145,55,327,32,2,-0.45455
7145,55,327,33,1,-0.18182
7145,55,327,34,1,0.72727
7145,55,327,35,2,-0.36364
7145,55,327,36,1,0.45455
7145,55,327,37,1,-0.63636
7145,55,327,38,1,0.27273
7145,55,327,39,2,-0.27273
7145,55,327,40,1,0.090909
7145,55,327,41,1,0.54545
7145,55,327,42,1,-0.72727
7145,55,327,43,1,0.27273
7145,55,327,44,1,0.72727
7145,55,327,45,1,0.72727
7145,55,327,46,1,0.36364
7145,55,327,47,1,-0.81818
7145,55,327,48,2,0.18182
7145,55,327,49,2,-0.45455
7145,55,327,50,1,0.36364
7145,55,327,51,2,-0.36364
7145,55,328,1,2,0.18182
7145,55,328,2,1,0.090909
7145,55,328,3,2,-0.18182
7145,55,328,4,1,0.18182
7145,55,328,5,2,-0.27273
7145,55,328,6,2,-0.36364
7145,55,328,7,2,0.45455
7145,55,328,8,1,-0.090909
7145,55,328,9,1,0.36364
7145,55,328,10,1,-0.090909
7145,55,328,11,1,0.54545
7145,55,328,12,1,0.36364
7145,55,328,13,2,-0.18182
7145,55,328,14,2,-0.18182
7145,55,328,15,1,0.45455
7145,55,328,16,2,0.090909
7145,55,328,17,1,0.45455
7145,55,328,18,2,-0.090909
7145,55,328,19,2,-0.090909
7145,55,328,20,2,0.18182
7145,55,328,21,2,-0.090909
7145,55,328,22,1,-0.36364
7145,55,328,23,1,0.18182
7145,55,328,24,1,0.54545
7145,55,328,25,2,-0.45455
7145,55,328,26,1,0.63636
7145,55,328,27,2,0.18182
7145,55,328,28,1,0.36364
7145,55,328,29,1,0.18182
7145,55,328,30,1,-0.18182
7145,55,328,31,1,0.27273
7145,55,328,32,1,0.45455
7145,55,328,33,1,0.45455
7145,55,328,34,2,-0.36364
7145,55,328,35,1,0.54545
7145,55,328,36,2,-0.090909
7145,55,328,37,2,-0.36364
7145,55,328,38,1,0.18182
7145,55,328,39,2,-0.18182
7145,55,328,40,2,-0.18182
7145,55,328,41,2,0.090909
7145,55,328,42,1,0.63636
7145,55,328,43,1,0.090909
7145,55,328,44,1,0.72727
7145,55,328,45,2,-0.090909
7145,55,328,46,1,0.54545
7145,55,328,47,1,0.18182
7145,55,328,48,2,0.090909
7145,55,328,49,2,-0.27273
7145,55,328,50,2,0.18182
7145,55,328,51,2,-0.36364
7145,55,329,1,2,-0.63636
7145,55,329,2,2,0.81818
7145,55,329,3,2,-0.81818
7145,55,329,4,1,-0.18182
7145,55,329,5,2,-0.63636
7145,55,329,6,1,0.81818
7145,55,329,7,2,-0.18182
7145,55,329,8,1,-0.36364
7145,55,329,9,1,-0.27273
7145,55,329,10,1,-0.54545
7145,55,329,11,2,-0.36364
7145,55,329,12,1,0.36364
7145,55,329,13,2,-0.45455
7145,55,329,14,2,-0.81818
7145,55,329,15,2,-0.45455
7145,55,329,16,2,0.63636
7145,55,329,17,2,0.090909
7145,55,329,18,2,-0.63636
7145,55,329,19,2,-0.63636
7145,55,329,20,2,0.27273
7145,55,329,21,2,-0.27273
7145,55,329,22,2,-0.45455
7145,55,329,23,2,0.72727
7145,55,329,24,2,-0.18182
7145,55,329,25,1,0.81818
7145,55,329,26,2,0.36364
7145,55,329,27,1,0.45455
7145,55,329,28,2,-0.81818
7145,55,329,29,2,-0.54545
7145,55,329,30,2,-0.36364
7145,55,329,31,1,0.81818
7145,55,329,32,2,-0.63636
7145,55,329,33,2,-0.45455
7145,55,329,34,1,-0.36364
7145,55,329,35,2,-0.81818
7145,55,329,36,2,-0.81818
7145,55,329,37,2,0.36364
7145,55,329,38,2,-0.45455
7145,55,329,39,2,-0.18182
7145,55,329,40,2,-0.18182
7145,55,329,41,2,-0.36364
7145,55,329,42,1,0.81818
7145,55,329,43,2,0.18182
7145,55,329,44,2,-0.18182
7145,55,329,45,1,-0.27273
7145,55,329,46,2,-0.54545
7145,55,329,47,1,0.81818
7145,55,329,48,1,-0.63636
7145,55,329,49,2,-0.45455
7145,55,329,50,2,-0.81818
7145,55,329,51,2,-0.36364
7145,55,330,1,1,0.090909
7145,55,330,2,1,0.090909
7145,55,330,3,2,0.45455
7145,55,330,4,2,-0.54545
7145,55,330,5,1,0.18182
7145,55,330,6,2,-0.45455
7145,55,330,7,1,0.090909
7145,55,330,8,1,-0.54545
7145,55,330,9,2,0.27273
7145,55,330,10,1,0.36364
7145,55,330,11,2,-0.45455
7145,55,330,12,2,0.090909
7145,55,330,13,1,0.54545
7145,55,330,14,2,-0.45455
7145,55,330,15,1,0.090909
7145,55,330,16,1,-0.18182
7145,55,330,17,1,0.36364
7145,55,330,18,1,-0.18182
7145,55,330,19,1,0.27273
7145,55,330,20,2,-0.18182
7145,55,330,21,1,0.45455
7145,55,330,22,2,-0.36364
7145,55,330,23,2,-0.54545
7145,55,330,24,1,0.45455
7145,55,330,25,1,0.54545
7145,55,330,26,2,0.090909
7145,55,330,27,1,0.18182
7145,55,330,28,2,-0.36364
7145,55,330,29,1,-0.090909
7145,55,330,30,2,-0.54545
7145,55,330,31,1,0.090909
7145,55,330,32,2,-0.18182
7145,55,330,33,2,-0.54545
7145,55,330,34,2,-0.090909
7145,55,330,35,2,-0.27273
7145,55,330,36,2,-0.45455
7145,55,330,37,1,0.72727
7145,55,330,38,2,-0.45455
7145,55,330,39,2,-0.36364
7145,55,330,40,1,0.090909
7145,55,330,41,2,0.090909
7145,55,330,42,2,-0.54545
7145,55,330,43,1,0.36364
7145,55,330,44,1,0.18182
7145,55,330,45,1,0.63636
7145,55,330,46,1,0.090909
7145,55,330,47,2,-0.54545
7145,55,330,48,1,0.27273
7145,55,330,49,1,0.090909
7145,55,330,50,2,0.090909
7145,55,330,51,2,-0.45455
7145,56,331,1,1,0.090909
7145,56,331,2,2,-0.090909
7145,56,331,3,2,-0.090909
7145,56,331,4,1,0.36364
7145,56,331,5,2,0.27273
7145,56,331,6,2,-0.72727
7145,56,331,7,2,0.18182
7145,56,331,8,1,-0.45455
7145,56,331,9,1,0.090909
7145,56,331,10,2,-0.54545
7145,56,331,11,2,-0.54545
7145,56,331,12,2,0.090909
7145,56,331,13,2,-0.27273
7145,56,331,14,2,0.090909
7145,56,331,15,1,0.27273
7145,56,331,16,1,0.090909
7145,56,331,17,1,0.45455
7145,56,331,18,1,0.090909
7145,56,331,19,1,0.18182
7145,56,331,20,2,-0.45455
7145,56,331,21,2,-0.27273
7145,56,331,22,2,-0.45455
7145,56,331,23,2,-0.27273
7145,56,331,24,2,-0.45455
7145,56,331,25,1,0.36364
7145,56,331,26,1,0.090909
7145,56,331,27,2,-0.090909
7145,56,331,28,2,0.18182
7145,56,331,29,2,-0.45455
7145,56,331,30,2,-0.090909
7145,56,331,31,1,0.18182
7145,56,331,32,2,0.090909
7145,56,331,33,1,0.090909
7145,56,331,34,1,0.090909
7145,56,331,35,2,-0.27273
7145,56,331,36,2,-0.63636
7145,56,331,37,2,0.090909
7145,56,331,38,2,-0.27273
7145,56,331,39,1,0.45455
7145,56,331,40,1,0.36364
7145,56,331,41,2,-0.36364
7145,56,331,42,2,0.36364
7145,56,331,43,1,-0.090909
7145,56,331,44,2,-0.45455
7145,56,331,45,1,0.63636
7145,56,331,46,1,0.18182
7145,56,331,47,2,-0.090909
7145,56,331,48,2,-0.18182
7145,56,331,49,1,0.45455
7145,56,331,50,2,-0.63636
7145,56,331,51,2,-0.36364
7145,56,332,1,2,-0.090909
7145,56,332,2,1,-0.63636
7145,56,332,3,1,-0.090909
7145,56,332,4,1,0.36364
7145,56,332,5,1,0.18182
7145,56,332,6,1,-0.54545
7145,56,332,7,2,0.45455
7145,56,332,8,1,-0.27273
7145,56,332,9,1,-0.36364
7145,56,332,10,1,-0.36364
7145,56,332,11,2,-0.54545
7145,56,332,12,1,0.81818
7145,56,332,13,2,0.45455
7145,56,332,14,1,0.81818
7145,56,332,15,2,0.36364
7145,56,332,16,1,-0.27273
7145,56,332,17,2,0.36364
7145,56,332,18,1,-0.090909
7145,56,332,19,2,-0.090909
7145,56,332,20,2,-0.36364
7145,56,332,21,2,-0.54545
7145,56,332,22,2,0.36364
7145,56,332,23,2,0.72727
7145,56,332,24,1,-0.45455
7145,56,332,25,1,-0.81818
7145,56,332,26,2,-0.090909
7145,56,332,27,1,0.36364
7145,56,332,28,1,0.81818
7145,56,332,29,1,0.45455
7145,56,332,30,1,0.81818
7145,56,332,31,1,0.45455
7145,56,332,32,2,-0.36364
7145,56,332,33,1,-0.36364
7145,56,332,34,1,-0.27273
7145,56,332,35,1,0.36364
7145,56,332,36,2,-0.63636
7145,56,332,37,1,0.45455
7145,56,332,38,2,0.63636
7145,56,332,39,1,0.45455
7145,56,332,40,1,0.18182
7145,56,332,41,1,0.27273
7145,56,332,42,2,-0.36364
7145,56,332,43,2,-0.54545
7145,56,332,44,2,0.18182
7145,56,332,45,1,0.81818
7145,56,332,46,1,0.090909
7145,56,332,47,2,-0.54545
7145,56,332,48,1,0.81818
7145,56,332,49,1,-0.54545
7145,56,332,50,2,-0.63636
7145,56,332,51,2,-0.090909
7145,56,333,1,1,-0.18182
7145,56,333,2,2,-0.18182
7145,56,333,3,1,-0.45455
7145,56,333,4,2,0.27273
7145,56,333,5,1,0.72727
7145,56,333,6,2,-0.36364
7145,56,333,7,2,0.45455
7145,56,333,8,2,0.54545
7145,56,333,9,1,0.72727
7145,56,333,10,1,-0.27273
7145,56,333,11,1,-0.36364
7145,56,333,12,1,0.36364
7145,56,333,13,1,0.36364
7145,56,333,14,1,-0.45455
7145,56,333,15,1,0.27273
7145,56,333,16,1,0.27273
7145,56,333,17,2,-0.36364
7145,56,333,18,2,0.54545
7145,56,333,19,1,-0.27273
7145,56,333,20,2,-0.18182
7145,56,333,21,1,-0.45455
7145,56,333,22,1,0.72727
7145,56,333,23,1,0.36364
7145,56,333,24,2,-0.18182
7145,56,333,25,2,-0.36364
7145,56,333,26,1,0.36364
7145,56,333,27,2,0.63636
7145,56,333,28,2,-0.45455
7145,56,333,29,1,-0.18182
7145,56,333,30,2,0.45455
7145,56,333,31,1,0.27273
7145,56,333,32,2,-0.45455
7145,56,333,33,2,-0.18182
7145,56,333,34,1,0.72727
7145,56,333,35,2,-0.36364
7145,56,333,36,1,0.45455
7145,56,333,37,1,-0.63636
7145,56,333,38,1,0.27273
7145,56,333,39,1,-0.27273
7145,56,333,40,1,0.090909
7145,56,333,41,1,0.54545
7145,56,333,42,2,-0.72727
7145,56,333,43,1,0.27273
7145,56,333,44,1,0.72727
7145,56,333,45,1,0.72727
7145,56,333,46,1,0.36364
7145,56,333,47,2,-0.81818
7145,56,333,48,2,0.18182
7145,56,333,49,2,-0.45455
7145,56,333,50,1,0.36364
7145,56,333,51,2,-0.36364
7145,56,334,1,2,0.18182
7145,56,334,2,1,0.090909
7145,56,334,3,1,-0.18182
7145,56,334,4,2,0.18182
7145,56,334,5,2,-0.27273
7145,56,334,6,2,-0.36364
7145,56,334,7,2,0.45455
7145,56,334,8,1,-0.090909
7145,56,334,9,1,0.36364
7145,56,334,10,2,-0.090909
7145,56,334,11,2,0.54545
7145,56,334,12,1,0.36364
7145,56,334,13,2,-0.18182
7145,56,334,14,1,-0.18182
7145,56,334,15,1,0.45455
7145,56,334,16,1,0.090909
7145,56,334,17,1,0.45455
7145,56,334,18,1,-0.090909
7145,56,334,19,2,-0.090909
7145,56,334,20,2,0.18182
7145,56,334,21,1,-0.090909
7145,56,334,22,2,-0.36364
7145,56,334,23,1,0.18182
7145,56,334,24,2,0.54545
7145,56,334,25,2,-0.45455
7145,56,334,26,1,0.63636
7145,56,334,27,2,0.18182
7145,56,334,28,1,0.36364
7145,56,334,29,2,0.18182
7145,56,334,30,2,-0.18182
7145,56,334,31,1,0.27273
7145,56,334,32,1,0.45455
7145,56,334,33,1,0.45455
7145,56,334,34,1,-0.36364
7145,56,334,35,1,0.54545
7145,56,334,36,1,-0.090909
7145,56,334,37,2,-0.36364
7145,56,334,38,1,0.18182
7145,56,334,39,2,-0.18182
7145,56,334,40,2,-0.18182
7145,56,334,41,2,0.090909
7145,56,334,42,1,0.63636
7145,56,334,43,2,0.090909
7145,56,334,44,1,0.72727
7145,56,334,45,1,-0.090909
7145,56,334,46,1,0.54545
7145,56,334,47,2,0.18182
7145,56,334,48,1,0.090909
7145,56,334,49,2,-0.27273
7145,56,334,50,1,0.18182
7145,56,334,51,2,-0.36364
7145,56,335,1,1,-0.63636
7145,56,335,2,2,0.81818
7145,56,335,3,2,-0.81818
7145,56,335,4,2,-0.18182
7145,56,335,5,2,-0.63636
7145,56,335,6,1,0.81818
7145,56,335,7,2,-0.18182
7145,56,335,8,2,-0.36364
7145,56,335,9,1,-0.27273
7145,56,335,10,2,-0.54545
7145,56,335,11,2,-0.36364
7145,56,335,12,2,0.36364
7145,56,335,13,2,-0.45455
7145,56,335,14,2,-0.81818
7145,56,335,15,2,-0.45455
7145,56,335,16,2,0.63636
7145,56,335,17,1,0.090909
7145,56,335,18,2,-0.63636
7145,56,335,19,2,-0.63636
7145,56,335,20,2,0.27273
7145,56,335,21,2,-0.27273
7145,56,335,22,2,-0.45455
7145,56,335,23,2,0.72727
7145,56,335,24,2,-0.18182
7145,56,335,25,1,0.81818
7145,56,335,26,2,0.36364
7145,56,335,27,1,0.45455
7145,56,335,28,2,-0.81818
7145,56,335,29,2,-0.54545
7145,56,335,30,2,-0.36364
7145,56,335,31,1,0.81818
7145,56,335,32,2,-0.63636
7145,56,335,33,2,-0.45455
7145,56,335,34,2,-0.36364
7145,56,335,35,2,-0.81818
7145,56,335,36,2,-0.81818
7145,56,335,37,2,0.36364
7145,56,335,38,2,-0.45455
7145,56,335,39,2,-0.18182
7145,56,335,40,2,-0.18182
7145,56,335,41,2,-0.36364
7145,56,335,42,1,0.81818
7145,56,335,43,2,0.18182
7145,56,335,44,2,-0.18182
7145,56,335,45,1,-0.27273
7145,56,335,46,2,-0.54545
7145,56,335,47,1,0.81818
7145,56,335,48,2,-0.63636
7145,56,335,49,2,-0.45455
7145,56,335,50,2,-0.81818
7145,56,335,51,2,-0.36364
7145,56,336,1,2,0.090909
7145,56,336,2,2,0.090909
7145,56,336,3,2,0.45455
7145,56,336,4,1,-0.54545
7145,56,336,5,1,0.18182
7145,56,336,6,2,-0.45455
7145,56,336,7,1,0.090909
7145,56,336,8,2,-0.54545
7145,56,336,9,2,0.27273
7145,56,336,10,1,0.36364
7145,56,336,11,2,-0.45455
7145,56,336,12,1,0.090909
7145,56,336,13,1,0.54545
7145,56,336,14,2,-0.45455
7145,56,336,15,1,0.090909
7145,56,336,16,1,-0.18182
7145,56,336,17,1,0.36364
7145,56,336,18,1,-0.18182
7145,56,336,19,1,0.27273
7145,56,336,20,2,-0.18182
7145,56,336,21,1,0.45455
7145,56,336,22,2,-0.36364
7145,56,336,23,2,-0.54545
7145,56,336,24,1,0.45455
7145,56,336,25,1,0.54545
7145,56,336,26,1,0.090909
7145,56,336,27,1,0.18182
7145,56,336,28,2,-0.36364
7145,56,336,29,1,-0.090909
7145,56,336,30,2,-0.54545
7145,56,336,31,2,0.090909
7145,56,336,32,2,-0.18182
7145,56,336,33,2,-0.54545
7145,56,336,34,2,-0.090909
7145,56,336,35,1,-0.27273
7145,56,336,36,2,-0.45455
7145,56,336,37,1,0.72727
7145,56,336,38,2,-0.45455
7145,56,336,39,2,-0.36364
7145,56,336,40,1,0.090909
7145,56,336,41,2,0.090909
7145,56,336,42,2,-0.54545
7145,56,336,43,1,0.36364
7145,56,336,44,1,0.18182
7145,56,336,45,1,0.63636
7145,56,336,46,1,0.090909
7145,56,336,47,2,-0.54545
7145,56,336,48,1,0.27273
7145,56,336,49,2,0.090909
7145,56,336,50,1,0.090909
7145,56,336,51,2,-0.45455
7145,57,337,1,1,0.090909
7145,57,337,2,2,-0.090909
7145,57,337,3,2,-0.090909
7145,57,337,4,2,0.36364
7145,57,337,5,2,0.27273
7145,57,337,6,2,-0.72727
7145,57,337,7,1,0.18182
7145,57,337,8,2,-0.45455
7145,57,337,9,1,0.090909
7145,57,337,10,2,-0.54545
7145,57,337,11,2,-0.54545
7145,57,337,12,1,0.090909
7145,57,337,13,2,-0.27273
7145,57,337,14,1,0.090909
7145,57,337,15,2,0.27273
7145,57,337,16,2,0.090909
7145,57,337,17,1,0.45455
7145,57,337,18,1,0.090909
7145,57,337,19,1,0.18182
7145,57,337,20,2,-0.45455
7145,57,337,21,2,-0.27273
7145,57,337,22,2,-0.45455
7145,57,337,23,2,-0.27273
7145,57,337,24,2,-0.45455
7145,57,337,25,2,0.36364
7145,57,337,26,1,0.090909
7145,57,337,27,1,-0.090909
7145,57,337,28,1,0.18182
7145,57,337,29,2,-0.45455
7145,57,337,30,1,-0.090909
7145,57,337,31,1,0.18182
7145,57,337,32,1,0.090909
7145,57,337,33,2,0.090909
7145,57,337,34,1,0.090909
7145,57,337,35,2,-0.27273
7145,57,337,36,2,-0.63636
7145,57,337,37,2,0.090909
7145,57,337,38,1,-0.27273
7145,57,337,39,1,0.45455
7145,57,337,40,1,0.36364
7145,57,337,41,2,-0.36364
7145,57,337,42,1,0.36364
7145,57,337,43,2,-0.090909
7145,57,337,44,2,-0.45455
7145,57,337,45,1,0.63636
7145,57,337,46,1,0.18182
7145,57,337,47,1,-0.090909
7145,57,337,48,2,-0.18182
7145,57,337,49,1,0.45455
7145,57,337,50,2,-0.63636
7145,57,337,51,2,-0.36364
7145,57,338,1,1,-0.090909
7145,57,338,2,2,-0.63636
7145,57,338,3,2,-0.090909
7145,57,338,4,2,0.36364
7145,57,338,5,1,0.18182
7145,57,338,6,1,-0.54545
7145,57,338,7,2,0.45455
7145,57,338,8,2,-0.27273
7145,57,338,9,1,-0.36364
7145,57,338,10,2,-0.36364
7145,57,338,11,2,-0.54545
7145,57,338,12,2,0.81818
7145,57,338,13,1,0.45455
7145,57,338,14,1,0.81818
7145,57,338,15,2,0.36364
7145,57,338,16,1,-0.27273
7145,57,338,17,1,0.36364
7145,57,338,18,2,-0.090909
7145,57,338,19,1,-0.090909
7145,57,338,20,2,-0.36364
7145,57,338,21,2,-0.54545
7145,57,338,22,1,0.36364
7145,57,338,23,1,0.72727
7145,57,338,24,1,-0.45455
7145,57,338,25,1,-0.81818
7145,57,338,26,2,-0.090909
7145,57,338,27,1,0.36364
7145,57,338,28,1,0.81818
7145,57,338,29,1,0.45455
7145,57,338,30,1,0.81818
7145,57,338,31,1,0.45455
7145,57,338,32,1,-0.36364
7145,57,338,33,2,-0.36364
7145,57,338,34,1,-0.27273
7145,57,338,35,1,0.36364
7145,57,338,36,1,-0.63636
7145,57,338,37,1,0.45455
7145,57,338,38,1,0.63636
7145,57,338,39,1,0.45455
7145,57,338,40,2,0.18182
7145,57,338,41,1,0.27273
7145,57,338,42,2,-0.36364
7145,57,338,43,2,-0.54545
7145,57,338,44,1,0.18182
7145,57,338,45,1,0.81818
7145,57,338,46,1,0.090909
7145,57,338,47,2,-0.54545
7145,57,338,48,1,0.81818
7145,57,338,49,2,-0.54545
7145,57,338,50,2,-0.63636
7145,57,338,51,2,-0.090909
7145,57,339,1,2,-0.18182
7145,57,339,2,2,-0.18182
7145,57,339,3,2,-0.45455
7145,57,339,4,2,0.27273
7145,57,339,5,1,0.72727
7145,57,339,6,2,-0.36364
7145,57,339,7,2,0.45455
7145,57,339,8,2,0.54545
7145,57,339,9,1,0.72727
7145,57,339,10,1,-0.27273
7145,57,339,11,2,-0.36364
7145,57,339,12,2,0.36364
7145,57,339,13,2,0.36364
7145,57,339,14,1,-0.45455
7145,57,339,15,1,0.27273
7145,57,339,16,1,0.27273
7145,57,339,17,1,-0.36364
7145,57,339,18,2,0.54545
7145,57,339,19,1,-0.27273
7145,57,339,20,2,-0.18182
7145,57,339,21,1,-0.45455
7145,57,339,22,1,0.72727
7145,57,339,23,1,0.36364
7145,57,339,24,2,-0.18182
7145,57,339,25,2,-0.36364
7145,57,339,26,1,0.36364
7145,57,339,27,2,0.63636
7145,57,339,28,2,-0.45455
7145,57,339,29,2,-0.18182
7145,57,339,30,2,0.45455
7145,57,339,31,1,0.27273
7145,57,339,32,2,-0.45455
7145,57,339,33,2,-0.18182
7145,57,339,34,1,0.72727
7145,57,339,35,2,-0.36364
7145,57,339,36,1,0.45455
7145,57,339,37,1,-0.63636
7145,57,339,38,1,0.27273
7145,57,339,39,1,-0.27273
7145,57,339,40,2,0.090909
7145,57,339,41,1,0.54545
7145,57,339,42,2,-0.72727
7145,57,339,43,1,0.27273
7145,57,339,44,1,0.72727
7145,57,339,45,1,0.72727
7145,57,339,46,1,0.36364
7145,57,339,47,1,-0.81818
7145,57,339,48,2,0.18182
7145,57,339,49,2,-0.45455
7145,57,339,50,1,0.36364
7145,57,339,51,1,-0.36364
7145,57,340,1,1,0.18182
7145,57,340,2,1,0.090909
7145,57,340,3,1,-0.18182
7145,57,340,4,2,0.18182
7145,57,340,5,2,-0.27273
7145,57,340,6,2,-0.36364
7145,57,340,7,2,0.45455
7145,57,340,8,1,-0.090909
7145,57,340,9,2,0.36364
7145,57,340,10,2,-0.090909
7145,57,340,11,1,0.54545
7145,57,340,12,1,0.36364
7145,57,340,13,1,-0.18182
7145,57,340,14,2,-0.18182
7145,57,340,15,1,0.45455
7145,57,340,16,1,0.090909
7145,57,340,17,1,0.45455
7145,57,340,18,1,-0.090909
7145,57,340,19,2,-0.090909
7145,57,340,20,2,0.18182
7145,57,340,21,1,-0.090909
7145,57,340,22,2,-0.36364
7145,57,340,23,1,0.18182
7145,57,340,24,1,0.54545
7145,57,340,25,2,-0.45455
7145,57,340,26,1,0.63636
7145,57,340,27,2,0.18182
7145,57,340,28,1,0.36364
7145,57,340,29,1,0.18182
7145,57,340,30,1,-0.18182
7145,57,340,31,1,0.27273
7145,57,340,32,1,0.45455
7145,57,340,33,1,0.45455
7145,57,340,34,2,-0.36364
7145,57,340,35,1,0.54545
7145,57,340,36,2,-0.090909
7145,57,340,37,2,-0.36364
7145,57,340,38,1,0.18182
7145,57,340,39,2,-0.18182
7145,57,340,40,2,-0.18182
7145,57,340,41,2,0.090909
7145,57,340,42,1,0.63636
7145,57,340,43,2,0.090909
7145,57,340,44,1,0.72727
7145,57,340,45,1,-0.090909
7145,57,340,46,1,0.54545
7145,57,340,47,1,0.18182
7145,57,340,48,1,0.090909
7145,57,340,49,2,-0.27273
7145,57,340,50,1,0.18182
7145,57,340,51,2,-0.36364
7145,57,341,1,2,-0.63636
7145,57,341,2,2,0.81818
7145,57,341,3,2,-0.81818
7145,57,341,4,2,-0.18182
7145,57,341,5,1,-0.63636
7145,57,341,6,2,0.81818
7145,57,341,7,2,-0.18182
7145,57,341,8,2,-0.36364
7145,57,341,9,1,-0.27273
7145,57,341,10,1,-0.54545
7145,57,341,11,2,-0.36364
7145,57,341,12,1,0.36364
7145,57,341,13,2,-0.45455
7145,57,341,14,2,-0.81818
7145,57,341,15,2,-0.45455
7145,57,341,16,1,0.63636
7145,57,341,17,1,0.090909
7145,57,341,18,2,-0.63636
7145,57,341,19,2,-0.63636
7145,57,341,20,1,0.27273
7145,57,341,21,2,-0.27273
7145,57,341,22,2,-0.45455
7145,57,341,23,1,0.72727
7145,57,341,24,2,-0.18182
7145,57,341,25,1,0.81818
7145,57,341,26,2,0.36364
7145,57,341,27,1,0.45455
7145,57,341,28,2,-0.81818
7145,57,341,29,2,-0.54545
7145,57,341,30,2,-0.36364
7145,57,341,31,1,0.81818
7145,57,341,32,2,-0.63636
7145,57,341,33,2,-0.45455
7145,57,341,34,2,-0.36364
7145,57,341,35,2,-0.81818
7145,57,341,36,2,-0.81818
7145,57,341,37,2,0.36364
7145,57,341,38,2,-0.45455
7145,57,341,39,2,-0.18182
7145,57,341,40,2,-0.18182
7145,57,341,41,2,-0.36364
7145,57,341,42,1,0.81818
7145,57,341,43,2,0.18182
7145,57,341,44,2,-0.18182
7145,57,341,45,1,-0.27273
7145,57,341,46,2,-0.54545
7145,57,341,47,1,0.81818
7145,57,341,48,1,-0.63636
7145,57,341,49,2,-0.45455
7145,57,341,50,2,-0.81818
7145,57,341,51,2,-0.36364
7145,57,342,1,2,0.090909
7145,57,342,2,2,0.090909
7145,57,342,3,2,0.45455
7145,57,342,4,1,-0.54545
7145,57,342,5,1,0.18182
7145,57,342,6,2,-0.45455
7145,57,342,7,2,0.090909
7145,57,342,8,2,-0.54545
7145,57,342,9,1,0.27273
7145,57,342,10,1,0.36364
7145,57,342,11,2,-0.45455
7145,57,342,12,1,0.090909
7145,57,342,13,1,0.54545
7145,57,342,14,2,-0.45455
7145,57,342,15,1,0.090909
7145,57,342,16,1,-0.18182
7145,57,342,17,1,0.36364
7145,57,342,18,1,-0.18182
7145,57,342,19,1,0.27273
7145,57,342,20,2,-0.18182
7145,57,342,21,1,0.45455
7145,57,342,22,2,-0.36364
7145,57,342,23,2,-0.54545
7145,57,342,24,1,0.45455
7145,57,342,25,1,0.54545
7145,57,342,26,2,0.090909
7145,57,342,27,1,0.18182
7145,57,342,28,1,-0.36364
7145,57,342,29,2,-0.090909
7145,57,342,30,2,-0.54545
7145,57,342,31,1,0.090909
7145,57,342,32,2,-0.18182
7145,57,342,33,2,-0.54545
7145,57,342,34,1,-0.090909
7145,57,342,35,1,-0.27273
7145,57,342,36,2,-0.45455
7145,57,342,37,1,0.72727
7145,57,342,38,2,-0.45455
7145,57,342,39,2,-0.36364
7145,57,342,40,1,0.090909
7145,57,342,41,2,0.090909
7145,57,342,42,2,-0.54545
7145,57,342,43,1,0.36364
7145,57,342,44,1,0.18182
7145,57,342,45,1,0.63636
7145,57,342,46,1,0.090909
7145,57,342,47,2,-0.54545
7145,57,342,48,1,0.27273
7145,57,342,49,1,0.090909
7145,57,342,50,1,0.090909
7145,57,342,51,2,-0.45455
7145,58,343,1,2,0.090909
7145,58,343,2,2,-0.090909
7145,58,343,3,2,-0.090909
7145,58,343,4,2,0.36364
7145,58,343,5,1,0.27273
7145,58,343,6,2,-0.72727
7145,58,343,7,2,0.18182
7145,58,343,8,1,-0.45455
7145,58,343,9,1,0.090909
7145,58,343,10,2,-0.54545
7145,58,343,11,2,-0.54545
7145,58,343,12,1,0.090909
7145,58,343,13,2,-0.27273
7145,58,343,14,1,0.090909
7145,58,343,15,1,0.27273
7145,58,343,16,1,0.090909
7145,58,343,17,1,0.45455
7145,58,343,18,1,0.090909
7145,58,343,19,1,0.18182
7145,58,343,20,2,-0.45455
7145,58,343,21,2,-0.27273
7145,58,343,22,2,-0.45455
7145,58,343,23,2,-0.27273
7145,58,343,24,2,-0.45455
7145,58,343,25,1,0.36364
7145,58,343,26,1,0.090909
7145,58,343,27,2,-0.090909
7145,58,343,28,1,0.18182
7145,58,343,29,2,-0.45455
7145,58,343,30,1,-0.090909
7145,58,343,31,2,0.18182
7145,58,343,32,2,0.090909
7145,58,343,33,1,0.090909
7145,58,343,34,2,0.090909
7145,58,343,35,2,-0.27273
7145,58,343,36,2,-0.63636
7145,58,343,37,2,0.090909
7145,58,343,38,1,-0.27273
7145,58,343,39,1,0.45455
7145,58,343,40,1,0.36364
7145,58,343,41,2,-0.36364
7145,58,343,42,1,0.36364
7145,58,343,43,1,-0.090909
7145,58,343,44,2,-0.45455
7145,58,343,45,1,0.63636
7145,58,343,46,1,0.18182
7145,58,343,47,2,-0.090909
7145,58,343,48,1,-0.18182
7145,58,343,49,1,0.45455
7145,58,343,50,2,-0.63636
7145,58,343,51,2,-0.36364
7145,58,344,1,1,-0.090909
7145,58,344,2,2,-0.63636
7145,58,344,3,2,-0.090909
7145,58,344,4,1,0.36364
7145,58,344,5,2,0.18182
7145,58,344,6,2,-0.54545
7145,58,344,7,2,0.45455
7145,58,344,8,2,-0.27273
7145,58,344,9,2,-0.36364
7145,58,344,10,2,-0.36364
7145,58,344,11,2,-0.54545
7145,58,344,12,2,0.81818
7145,58,344,13,2,0.45455
7145,58,344,14,1,0.81818
7145,58,344,15,2,0.36364
7145,58,344,16,1,-0.27273
7145,58,344,17,2,0.36364
7145,58,344,18,1,-0.090909
7145,58,344,19,1,-0.090909
7145,58,344,20,2,-0.36364
7145,58,344,21,2,-0.54545
7145,58,344,22,2,0.36364
7145,58,344,23,1,0.72727
7145,58,344,24,2,-0.45455
7145,58,344,25,2,-0.81818
7145,58,344,26,2,-0.090909
7145,58,344,27,1,0.36364
7145,58,344,28,2,0.81818
7145,58,344,29,1,0.45455
7145,58,344,30,1,0.81818
7145,58,344,31,1,0.45455
7145,58,344,32,1,-0.36364
7145,58,344,33,1,-0.36364
7145,58,344,34,1,-0.27273
7145,58,344,35,2,0.36364
7145,58,344,36,2,-0.63636
7145,58,344,37,1,0.45455
7145,58,344,38,2,0.63636
7145,58,344,39,1,0.45455
7145,58,344,40,1,0.18182
7145,58,344,41,1,0.27273
7145,58,344,42,1,-0.36364
7145,58,344,43,1,-0.54545
7145,58,344,44,1,0.18182
7145,58,344,45,1,0.81818
7145,58,344,46,1,0.090909
7145,58,344,47,1,-0.54545
7145,58,344,48,1,0.81818
7145,58,344,49,2,-0.54545
7145,58,344,50,2,-0.63636
7145,58,344,51,1,-0.090909
7145,58,345,1,1,-0.18182
7145,58,345,2,2,-0.18182
7145,58,345,3,1,-0.45455
7145,58,345,4,2,0.27273
7145,58,345,5,1,0.72727
7145,58,345,6,2,-0.36364
7145,58,345,7,2,0.45455
7145,58,345,8,1,0.54545
7145,58,345,9,1,0.72727
7145,58,345,10,1,-0.27273
7145,58,345,11,1,-0.36364
7145,58,345,12,2,0.36364
7145,58,345,13,2,0.36364
7145,58,345,14,2,-0.45455
7145,58,345,15,1,0.27273
7145,58,345,16,1,0.27273
7145,58,345,17,2,-0.36364
7145,58,345,18,1,0.54545
7145,58,345,19,2,-0.27273
7145,58,345,20,2,-0.18182
7145,58,345,21,1,-0.45455
7145,58,345,22,1,0.72727
7145,58,345,23,1,0.36364
7145,58,345,24,1,-0.18182
7145,58,345,25,2,-0.36364
7145,58,345,26,1,0.36364
7145,58,345,27,2,0.63636
7145,58,345,28,2,-0.45455
7145,58,345,29,1,-0.18182
7145,58,345,30,1,0.45455
7145,58,345,31,1,0.27273
7145,58,345,32,1,-0.45455
7145,58,345,33,1,-0.18182
7145,58,345,34,1,0.72727
7145,58,345,35,1,-0.36364
7145,58,345,36,1,0.45455
7145,58,345,37,1,-0.63636
7145,58,345,38,1,0.27273
7145,58,345,39,1,-0.27273
7145,58,345,40,1,0.090909
7145,58,345,41,1,0.54545
7145,58,345,42,2,-0.72727
7145,58,345,43,1,0.27273
7145,58,345,44,1,0.72727
7145,58,345,45,1,0.72727
7145,58,345,46,2,0.36364
7145,58,345,47,1,-0.81818
7145,58,345,48,1,0.18182
7145,58,345,49,2,-0.45455
7145,58,345,50,1,0.36364
7145,58,345,51,2,-0.36364
7145,58,346,1,2,0.18182
7145,58,346,2,2,0.090909
7145,58,346,3,2,-0.18182
7145,58,346,4,1,0.18182
7145,58,346,5,2,-0.27273
7145,58,346,6,1,-0.36364
7145,58,346,7,2,0.45455
7145,58,346,8,2,-0.090909
7145,58,346,9,2,0.36364
7145,58,346,10,1,-0.090909
7145,58,346,11,1,0.54545
7145,58,346,12,1,0.36364
7145,58,346,13,2,-0.18182
7145,58,346,14,2,-0.18182
7145,58,346,15,1,0.45455
7145,58,346,16,1,0.090909
7145,58,346,17,1,0.45455
7145,58,346,18,1,-0.090909
7145,58,346,19,2,-0.090909
7145,58,346,20,2,0.18182
7145,58,346,21,1,-0.090909
7145,58,346,22,2,-0.36364
7145,58,346,23,1,0.18182
7145,58,346,24,1,0.54545
7145,58,346,25,2,-0.45455
7145,58,346,26,1,0.63636
7145,58,346,27,2,0.18182
7145,58,346,28,1,0.36364
7145,58,346,29,1,0.18182
7145,58,346,30,2,-0.18182
7145,58,346,31,1,0.27273
7145,58,346,32,1,0.45455
7145,58,346,33,1,0.45455
7145,58,346,34,2,-0.36364
7145,58,346,35,1,0.54545
7145,58,346,36,2,-0.090909
7145,58,346,37,2,-0.36364
7145,58,346,38,1,0.18182
7145,58,346,39,2,-0.18182
7145,58,346,40,2,-0.18182
7145,58,346,41,2,0.090909
7145,58,346,42,1,0.63636
7145,58,346,43,1,0.090909
7145,58,346,44,1,0.72727
7145,58,346,45,1,-0.090909
7145,58,346,46,1,0.54545
7145,58,346,47,1,0.18182
7145,58,346,48,2,0.090909
7145,58,346,49,2,-0.27273
7145,58,346,50,1,0.18182
7145,58,346,51,2,-0.36364
7145,58,347,1,2,-0.63636
7145,58,347,2,2,0.81818
7145,58,347,3,2,-0.81818
7145,58,347,4,2,-0.18182
7145,58,347,5,2,-0.63636
7145,58,347,6,2,0.81818
7145,58,347,7,1,-0.18182
7145,58,347,8,2,-0.36364
7145,58,347,9,1,-0.27273
7145,58,347,10,2,-0.54545
7145,58,347,11,2,-0.36364
7145,58,347,12,2,0.36364
7145,58,347,13,2,-0.45455
7145,58,347,14,2,-0.81818
7145,58,347,15,2,-0.45455
7145,58,347,16,2,0.63636
7145,58,347,17,1,0.090909
7145,58,347,18,2,-0.63636
7145,58,347,19,2,-0.63636
7145,58,347,20,2,0.27273
7145,58,347,21,2,-0.27273
7145,58,347,22,2,-0.45455
7145,58,347,23,2,0.72727
7145,58,347,24,1,-0.18182
7145,58,347,25,1,0.81818
7145,58,347,26,1,0.36364
7145,58,347,27,2,0.45455
7145,58,347,28,2,-0.81818
7145,58,347,29,2,-0.54545
7145,58,347,30,2,-0.36364
7145,58,347,31,1,0.81818
7145,58,347,32,1,-0.63636
7145,58,347,33,1,-0.45455
7145,58,347,34,2,-0.36364
7145,58,347,35,2,-0.81818
7145,58,347,36,2,-0.81818
7145,58,347,37,2,0.36364
7145,58,347,38,2,-0.45455
7145,58,347,39,2,-0.18182
7145,58,347,40,2,-0.18182
7145,58,347,41,2,-0.36364
7145,58,347,42,1,0.81818
7145,58,347,43,2,0.18182
7145,58,347,44,1,-0.18182
7145,58,347,45,1,-0.27273
7145,58,347,46,2,-0.54545
7145,58,347,47,1,0.81818
7145,58,347,48,2,-0.63636
7145,58,347,49,2,-0.45455
7145,58,347,50,2,-0.81818
7145,58,347,51,2,-0.36364
7145,58,348,1,2,0.090909
7145,58,348,2,1,0.090909
7145,58,348,3,2,0.45455
7145,58,348,4,2,-0.54545
7145,58,348,5,1,0.18182
7145,58,348,6,2,-0.45455
7145,58,348,7,1,0.090909
7145,58,348,8,2,-0.54545
7145,58,348,9,2,0.27273
7145,58,348,10,1,0.36364
7145,58,348,11,2,-0.45455
7145,58,348,12,1,0.090909
7145,58,348,13,1,0.54545
7145,58,348,14,2,-0.45455
7145,58,348,15,2,0.090909
7145,58,348,16,2,-0.18182
7145,58,348,17,1,0.36364
7145,58,348,18,1,-0.18182
7145,58,348,19,1,0.27273
7145,58,348,20,2,-0.18182
7145,58,348,21,1,0.45455
7145,58,348,22,2,-0.36364
7145,58,348,23,2,-0.54545
7145,58,348,24,1,0.45455
7145,58,348,25,1,0.54545
7145,58,348,26,2,0.090909
7145,58,348,27,1,0.18182
7145,58,348,28,2,-0.36364
7145,58,348,29,2,-0.090909
7145,58,348,30,2,-0.54545
7145,58,348,31,2,0.090909
7145,58,348,32,2,-0.18182
7145,58,348,33,2,-0.54545
7145,58,348,34,1,-0.090909
7145,58,348,35,2,-0.27273
7145,58,348,36,2,-0.45455
7145,58,348,37,1,0.72727
7145,58,348,38,2,-0.45455
7145,58,348,39,2,-0.36364
7145,58,348,40,1,0.090909
7145,58,348,41,2,0.090909
7145,58,348,42,2,-0.54545
7145,58,348,43,1,0.36364
7145,58,348,44,1,0.18182
7145,58,348,45,1,0.63636
7145,58,348,46,1,0.090909
7145,58,348,47,2,-0.54545
7145,58,348,48,1,0.27273
7145,58,348,49,2,0.090909
7145,58,348,50,1,0.090909
7145,58,348,51,2,-0.45455
7145,59,349,1,2,0.090909
7145,59,349,2,2,-0.090909
7145,59,349,3,1,-0.090909
7145,59,349,4,1,0.36364
7145,59,349,5,1,0.27273
7145,59,349,6,1,-0.72727
7145,59,349,7,2,0.18182
7145,59,349,8,2,-0.45455
7145,59,349,9,1,0.090909
7145,59,349,10,2,-0.54545
7145,59,349,11,2,-0.54545
7145,59,349,12,2,0.090909
7145,59,349,13,2,-0.27273
7145,59,349,14,1,0.090909
7145,59,349,15,1,0.27273
7145,59,349,16,1,0.090909
7145,59,349,17,1,0.45455
7145,59,349,18,1,0.090909
7145,59,349,19,2,0.18182
7145,59,349,20,2,-0.45455
7145,59,349,21,2,-0.27273
7145,59,349,22,2,-0.45455
7145,59,349,23,2,-0.27273
7145,59,349,24,2,-0.45455
7145,59,349,25,1,0.36364
7145,59,349,26,1,0.090909
7145,59,349,27,2,-0.090909
7145,59,349,28,1,0.18182
7145,59,349,29,2,-0.45455
7145,59,349,30,1,-0.090909
7145,59,349,31,1,0.18182
7145,59,349,32,1,0.090909
7145,59,349,33,1,0.090909
7145,59,349,34,1,0.090909
7145,59,349,35,2,-0.27273
7145,59,349,36,2,-0.63636
7145,59,349,37,2,0.090909
7145,59,349,38,2,-0.27273
7145,59,349,39,1,0.45455
7145,59,349,40,1,0.36364
7145,59,349,41,2,-0.36364
7145,59,349,42,1,0.36364
7145,59,349,43,2,-0.090909
7145,59,349,44,2,-0.45455
7145,59,349,45,1,0.63636
7145,59,349,46,1,0.18182
7145,59,349,47,2,-0.090909
7145,59,349,48,2,-0.18182
7145,59,349,49,1,0.45455
7145,59,349,50,2,-0.63636
7145,59,349,51,2,-0.36364
7145,59,350,1,2,-0.090909
7145,59,350,2,2,-0.63636
7145,59,350,3,1,-0.090909
7145,59,350,4,1,0.36364
7145,59,350,5,2,0.18182
7145,59,350,6,1,-0.54545
7145,59,350,7,2,0.45455
7145,59,350,8,2,-0.27273
7145,59,350,9,1,-0.36364
7145,59,350,10,2,-0.36364
7145,59,350,11,2,-0.54545
7145,59,350,12,2,0.81818
7145,59,350,13,2,0.45455
7145,59,350,14,1,0.81818
7145,59,350,15,2,0.36364
7145,59,350,16,1,-0.27273
7145,59,350,17,1,0.36364
7145,59,350,18,2,-0.090909
7145,59,350,19,2,-0.090909
7145,59,350,20,2,-0.36364
7145,59,350,21,2,-0.54545
7145,59,350,22,1,0.36364
7145,59,350,23,2,0.72727
7145,59,350,24,1,-0.45455
7145,59,350,25,2,-0.81818
7145,59,350,26,2,-0.090909
7145,59,350,27,2,0.36364
7145,59,350,28,1,0.81818
7145,59,350,29,2,0.45455
7145,59,350,30,1,0.81818
7145,59,350,31,1,0.45455
7145,59,350,32,1,-0.36364
7145,59,350,33,2,-0.36364
7145,59,350,34,2,-0.27273
7145,59,350,35,1,0.36364
7145,59,350,36,2,-0.63636
7145,59,350,37,2,0.45455
7145,59,350,38,1,0.63636
7145,59,350,39,1,0.45455
7145,59,350,40,2,0.18182
7145,59,350,41,2,0.27273
7145,59,350,42,2,-0.36364
7145,59,350,43,2,-0.54545
7145,59,350,44,1,0.18182
7145,59,350,45,1,0.81818
7145,59,350,46,2,0.090909
7145,59,350,47,2,-0.54545
7145,59,350,48,1,0.81818
7145,59,350,49,2,-0.54545
7145,59,350,50,2,-0.63636
7145,59,350,51,1,-0.090909
7145,59,351,1,2,-0.18182
7145,59,351,2,2,-0.18182
7145,59,351,3,1,-0.45455
7145,59,351,4,2,0.27273
7145,59,351,5,2,0.72727
7145,59,351,6,1,-0.36364
7145,59,351,7,2,0.45455
7145,59,351,8,2,0.54545
7145,59,351,9,1,0.72727
7145,59,351,10,1,-0.27273
7145,59,351,11,2,-0.36364
7145,59,351,12,2,0.36364
7145,59,351,13,2,0.36364
7145,59,351,14,1,-0.45455
7145,59,351,15,1,0.27273
7145,59,351,16,1,0.27273
7145,59,351,17,2,-0.36364
7145,59,351,18,1,0.54545
7145,59,351,19,1,-0.27273
7145,59,351,20,2,-0.18182
7145,59,351,21,2,-0.45455
7145,59,351,22,1,0.72727
7145,59,351,23,2,0.36364
7145,59,351,24,2,-0.18182
7145,59,351,25,2,-0.36364
7145,59,351,26,1,0.36364
7145,59,351,27,2,0.63636
7145,59,351,28,1,-0.45455
7145,59,351,29,1,-0.18182
7145,59,351,30,1,0.45455
7145,59,351,31,2,0.27273
7145,59,351,32,2,-0.45455
7145,59,351,33,2,-0.18182
7145,59,351,34,1,0.72727
7145,59,351,35,2,-0.36364
7145,59,351,36,2,0.45455
7145,59,351,37,1,-0.63636
7145,59,351,38,1,0.27273
7145,59,351,39,1,-0.27273
7145,59,351,40,2,0.090909
7145,59,351,41,1,0.54545
7145,59,351,42,2,-0.72727
7145,59,351,43,1,0.27273
7145,59,351,44,1,0.72727
7145,59,351,45,1,0.72727
7145,59,351,46,1,0.36364
7145,59,351,47,1,-0.81818
7145,59,351,48,2,0.18182
7145,59,351,49,2,-0.45455
7145,59,351,50,2,0.36364
7145,59,351,51,2,-0.36364
7145,59,352,1,1,0.18182
7145,59,352,2,1,0.090909
7145,59,352,3,1,-0.18182
7145,59,352,4,2,0.18182
7145,59,352,5,2,-0.27273
7145,59,352,6,1,-0.36364
7145,59,352,7,2,0.45455
7145,59,352,8,2,-0.090909
7145,59,352,9,2,0.36364
7145,59,352,10,1,-0.090909
7145,59,352,11,1,0.54545
7145,59,352,12,1,0.36364
7145,59,352,13,2,-0.18182
7145,59,352,14,2,-0.18182
7145,59,352,15,2,0.45455
7145,59,352,16,2,0.090909
7145,59,352,17,2,0.45455
7145,59,352,18,1,-0.090909
7145,59,352,19,2,-0.090909
7145,59,352,20,2,0.18182
7145,59,352,21,2,-0.090909
7145,59,352,22,2,-0.36364
7145,59,352,23,1,0.18182
7145,59,352,24,1,0.54545
7145,59,352,25,2,-0.45455
7145,59,352,26,1,0.63636
7145,59,352,27,2,0.18182
7145,59,352,28,1,0.36364
7145,59,352,29,1,0.18182
7145,59,352,30,1,-0.18182
7145,59,352,31,1,0.27273
7145,59,352,32,1,0.45455
7145,59,352,33,1,0.45455
7145,59,352,34,1,-0.36364
7145,59,352,35,1,0.54545
7145,59,352,36,2,-0.090909
7145,59,352,37,2,-0.36364
7145,59,352,38,1,0.18182
7145,59,352,39,2,-0.18182
7145,59,352,40,2,-0.18182
7145,59,352,41,1,0.090909
7145,59,352,42,1,0.63636
7145,59,352,43,1,0.090909
7145,59,352,44,1,0.72727
7145,59,352,45,2,-0.090909
7145,59,352,46,1,0.54545
7145,59,352,47,1,0.18182
7145,59,352,48,1,0.090909
7145,59,352,49,2,-0.27273
7145,59,352,50,1,0.18182
7145,59,352,51,2,-0.36364
7145,59,353,1,2,-0.63636
7145,59,353,2,2,0.81818
7145,59,353,3,1,-0.81818
7145,59,353,4,1,-0.18182
7145,59,353,5,2,-0.63636
7145,59,353,6,1,0.81818
7145,59,353,7,1,-0.18182
7145,59,353,8,2,-0.36364
7145,59,353,9,1,-0.27273
7145,59,353,10,2,-0.54545
7145,59,353,11,2,-0.36364
7145,59,353,12,2,0.36364
7145,59,353,13,2,-0.45455
7145,59,353,14,2,-0.81818
7145,59,353,15,2,-0.45455
7145,59,353,16,2,0.63636
7145,59,353,17,2,0.090909
7145,59,353,18,2,-0.63636
7145,59,353,19,2,-0.63636
7145,59,353,20,2,0.27273
7145,59,353,21,2,-0.27273
7145,59,353,22,2,-0.45455
7145,59,353,23,2,0.72727
7145,59,353,24,2,-0.18182
7145,59,353,25,2,0.81818
7145,59,353,26,1,0.36364
7145,59,353,27,1,0.45455
7145,59,353,28,2,-0.81818
7145,59,353,29,2,-0.54545
7145,59,353,30,2,-0.36364
7145,59,353,31,1,0.81818
7145,59,353,32,1,-0.63636
7145,59,353,33,2,-0.45455
7145,59,353,34,2,-0.36364
7145,59,353,35,2,-0.81818
7145,59,353,36,2,-0.81818
7145,59,353,37,2,0.36364
7145,59,353,38,2,-0.45455
7145,59,353,39,2,-0.18182
7145,59,353,40,1,-0.18182
7145,59,353,41,2,-0.36364
7145,59,353,42,1,0.81818
7145,59,353,43,2,0.18182
7145,59,353,44,2,-0.18182
7145,59,353,45,2,-0.27273
7145,59,353,46,2,-0.54545
7145,59,353,47,1,0.81818
7145,59,353,48,2,-0.63636
7145,59,353,49,2,-0.45455
7145,59,353,50,2,-0.81818
7145,59,353,51,2,-0.36364
7145,59,354,1,1,0.090909
7145,59,354,2,2,0.090909
7145,59,354,3,1,0.45455
7145,59,354,4,2,-0.54545
7145,59,354,5,1,0.18182
7145,59,354,6,2,-0.45455
7145,59,354,7,2,0.090909
7145,59,354,8,1,-0.54545
7145,59,354,9,1,0.27273
7145,59,354,10,1,0.36364
7145,59,354,11,2,-0.45455
7145,59,354,12,1,0.090909
7145,59,354,13,1,0.54545
7145,59,354,14,2,-0.45455
7145,59,354,15,2,0.090909
7145,59,354,16,2,-0.18182
7145,59,354,17,1,0.36364
7145,59,354,18,2,-0.18182
7145,59,354,19,1,0.27273
7145,59,354,20,1,-0.18182
7145,59,354,21,1,0.45455
7145,59,354,22,2,-0.36364
7145,59,354,23,2,-0.54545
7145,59,354,24,1,0.45455
7145,59,354,25,1,0.54545
7145,59,354,26,1,0.090909
7145,59,354,27,1,0.18182
7145,59,354,28,2,-0.36364
7145,59,354,29,2,-0.090909
7145,59,354,30,2,-0.54545
7145,59,354,31,1,0.090909
7145,59,354,32,2,-0.18182
7145,59,354,33,2,-0.54545
7145,59,354,34,2,-0.090909
7145,59,354,35,1,-0.27273
7145,59,354,36,2,-0.45455
7145,59,354,37,1,0.72727
7145,59,354,38,2,-0.45455
7145,59,354,39,2,-0.36364
7145,59,354,40,1,0.090909
7145,59,354,41,2,0.090909
7145,59,354,42,2,-0.54545
7145,59,354,43,1,0.36364
7145,59,354,44,1,0.18182
7145,59,354,45,1,0.63636
7145,59,354,46,1,0.090909
7145,59,354,47,2,-0.54545
7145,59,354,48,1,0.27273
7145,59,354,49,1,0.090909
7145,59,354,50,1,0.090909
7145,59,354,51,2,-0.45455
7145,60,355,1,2,0.090909
7145,60,355,2,2,-0.090909
7145,60,355,3,1,-0.090909
7145,60,355,4,1,0.36364
7145,60,355,5,2,0.27273
7145,60,355,6,2,-0.72727
7145,60,355,7,1,0.18182
7145,60,355,8,2,-0.45455
7145,60,355,9,1,0.090909
7145,60,355,10,2,-0.54545
7145,60,355,11,2,-0.54545
7145,60,355,12,1,0.090909
7145,60,355,13,2,-0.27273
7145,60,355,14,2,0.090909
7145,60,355,15,2,0.27273
7145,60,355,16,1,0.090909
7145,60,355,17,2,0.45455
7145,60,355,18,2,0.090909
7145,60,355,19,1,0.18182
7145,60,355,20,2,-0.45455
7145,60,355,21,2,-0.27273
7145,60,355,22,2,-0.45455
7145,60,355,23,2,-0.27273
7145,60,355,24,2,-0.45455
7145,60,355,25,1,0.36364
7145,60,355,26,2,0.090909
7145,60,355,27,1,-0.090909
7145,60,355,28,1,0.18182
7145,60,355,29,2,-0.45455
7145,60,355,30,2,-0.090909
7145,60,355,31,1,0.18182
7145,60,355,32,1,0.090909
7145,60,355,33,1,0.090909
7145,60,355,34,1,0.090909
7145,60,355,35,2,-0.27273
7145,60,355,36,2,-0.63636
7145,60,355,37,1,0.090909
7145,60,355,38,2,-0.27273
7145,60,355,39,1,0.45455
7145,60,355,40,1,0.36364
7145,60,355,41,2,-0.36364
7145,60,355,42,1,0.36364
7145,60,355,43,2,-0.090909
7145,60,355,44,2,-0.45455
7145,60,355,45,1,0.63636
7145,60,355,46,1,0.18182
7145,60,355,47,2,-0.090909
7145,60,355,48,2,-0.18182
7145,60,355,49,1,0.45455
7145,60,355,50,2,-0.63636
7145,60,355,51,1,-0.36364
7145,60,356,1,1,-0.090909
7145,60,356,2,1,-0.63636
7145,60,356,3,2,-0.090909
7145,60,356,4,1,0.36364
7145,60,356,5,2,0.18182
7145,60,356,6,1,-0.54545
7145,60,356,7,2,0.45455
7145,60,356,8,1,-0.27273
7145,60,356,9,2,-0.36364
7145,60,356,10,1,-0.36364
7145,60,356,11,2,-0.54545
7145,60,356,12,2,0.81818
7145,60,356,13,2,0.45455
7145,60,356,14,1,0.81818
7145,60,356,15,2,0.36364
7145,60,356,16,1,-0.27273
7145,60,356,17,2,0.36364
7145,60,356,18,1,-0.090909
7145,60,356,19,2,-0.090909
7145,60,356,20,1,-0.36364
7145,60,356,21,1,-0.54545
7145,60,356,22,1,0.36364
7145,60,356,23,2,0.72727
7145,60,356,24,2,-0.45455
7145,60,356,25,2,-0.81818
7145,60,356,26,2,-0.090909
7145,60,356,27,1,0.36364
7145,60,356,28,2,0.81818
7145,60,356,29,1,0.45455
7145,60,356,30,1,0.81818
7145,60,356,31,1,0.45455
7145,60,356,32,1,-0.36364
7145,60,356,33,2,-0.36364
7145,60,356,34,1,-0.27273
7145,60,356,35,1,0.36364
7145,60,356,36,2,-0.63636
7145,60,356,37,2,0.45455
7145,60,356,38,1,0.63636
7145,60,356,39,1,0.45455
7145,60,356,40,1,0.18182
7145,60,356,41,1,0.27273
7145,60,356,42,2,-0.36364
7145,60,356,43,1,-0.54545
7145,60,356,44,2,0.18182
7145,60,356,45,1,0.81818
7145,60,356,46,1,0.090909
7145,60,356,47,1,-0.54545
7145,60,356,48,1,0.81818
7145,60,356,49,2,-0.54545
7145,60,356,50,2,-0.63636
7145,60,356,51,1,-0.090909
7145,60,357,1,2,-0.18182
7145,60,357,2,2,-0.18182
7145,60,357,3,2,-0.45455
7145,60,357,4,1,0.27273
7145,60,357,5,1,0.72727
7145,60,357,6,1,-0.36364
7145,60,357,7,1,0.45455
7145,60,357,8,2,0.54545
7145,60,357,9,1,0.72727
7145,60,357,10,2,-0.27273
7145,60,357,11,1,-0.36364
7145,60,357,12,2,0.36364
7145,60,357,13,1,0.36364
7145,60,357,14,2,-0.45455
7145,60,357,15,1,0.27273
7145,60,357,16,1,0.27273
7145,60,357,17,2,-0.36364
7145,60,357,18,1,0.54545
7145,60,357,19,2,-0.27273
7145,60,357,20,2,-0.18182
7145,60,357,21,1,-0.45455
7145,60,357,22,1,0.72727
7145,60,357,23,1,0.36364
7145,60,357,24,2,-0.18182
7145,60,357,25,1,-0.36364
7145,60,357,26,1,0.36364
7145,60,357,27,2,0.63636
7145,60,357,28,2,-0.45455
7145,60,357,29,2,-0.18182
7145,60,357,30,1,0.45455
7145,60,357,31,1,0.27273
7145,60,357,32,2,-0.45455
7145,60,357,33,2,-0.18182
7145,60,357,34,1,0.72727
7145,60,357,35,2,-0.36364
7145,60,357,36,1,0.45455
7145,60,357,37,1,-0.63636
7145,60,357,38,1,0.27273
7145,60,357,39,2,-0.27273
7145,60,357,40,2,0.090909
7145,60,357,41,1,0.54545
7145,60,357,42,2,-0.72727
7145,60,357,43,1,0.27273
7145,60,357,44,1,0.72727
7145,60,357,45,1,0.72727
7145,60,357,46,1,0.36364
7145,60,357,47,2,-0.81818
7145,60,357,48,2,0.18182
7145,60,357,49,2,-0.45455
7145,60,357,50,2,0.36364
7145,60,357,51,2,-0.36364
7145,60,358,1,2,0.18182
7145,60,358,2,1,0.090909
7145,60,358,3,2,-0.18182
7145,60,358,4,1,0.18182
7145,60,358,5,2,-0.27273
7145,60,358,6,2,-0.36364
7145,60,358,7,2,0.45455
7145,60,358,8,1,-0.090909
7145,60,358,9,1,0.36364
7145,60,358,10,2,-0.090909
7145,60,358,11,2,0.54545
7145,60,358,12,1,0.36364
7145,60,358,13,2,-0.18182
7145,60,358,14,2,-0.18182
7145,60,358,15,1,0.45455
7145,60,358,16,1,0.090909
7145,60,358,17,1,0.45455
7145,60,358,18,2,-0.090909
7145,60,358,19,1,-0.090909
7145,60,358,20,2,0.18182
7145,60,358,21,1,-0.090909
7145,60,358,22,2,-0.36364
7145,60,358,23,2,0.18182
7145,60,358,24,1,0.54545
7145,60,358,25,2,-0.45455
7145,60,358,26,1,0.63636
7145,60,358,27,2,0.18182
7145,60,358,28,1,0.36364
7145,60,358,29,1,0.18182
7145,60,358,30,1,-0.18182
7145,60,358,31,1,0.27273
7145,60,358,32,1,0.45455
7145,60,358,33,1,0.45455
7145,60,358,34,2,-0.36364
7145,60,358,35,1,0.54545
7145,60,358,36,2,-0.090909
7145,60,358,37,1,-0.36364
7145,60,358,38,1,0.18182
7145,60,358,39,2,-0.18182
7145,60,358,40,2,-0.18182
7145,60,358,41,2,0.090909
7145,60,358,42,1,0.63636
7145,60,358,43,2,0.090909
7145,60,358,44,1,0.72727
7145,60,358,45,1,-0.090909
7145,60,358,46,1,0.54545
7145,60,358,47,1,0.18182
7145,60,358,48,1,0.090909
7145,60,358,49,2,-0.27273
7145,60,358,50,1,0.18182
7145,60,358,51,2,-0.36364
7145,60,359,1,2,-0.63636
7145,60,359,2,2,0.81818
7145,60,359,3,1,-0.81818
7145,60,359,4,2,-0.18182
7145,60,359,5,2,-0.63636
7145,60,359,6,1,0.81818
7145,60,359,7,2,-0.18182
7145,60,359,8,1,-0.36364
7145,60,359,9,1,-0.27273
7145,60,359,10,2,-0.54545
7145,60,359,11,2,-0.36364
7145,60,359,12,2,0.36364
7145,60,359,13,1,-0.45455
7145,60,359,14,2,-0.81818
7145,60,359,15,2,-0.45455
7145,60,359,16,2,0.63636
7145,60,359,17,1,0.090909
7145,60,359,18,2,-0.63636
7145,60,359,19,2,-0.63636
7145,60,359,20,1,0.27273
7145,60,359,21,2,-0.27273
7145,60,359,22,2,-0.45455
7145,60,359,23,2,0.72727
7145,60,359,24,1,-0.18182
7145,60,359,25,1,0.81818
7145,60,359,26,1,0.36364
7145,60,359,27,2,0.45455
7145,60,359,28,2,-0.81818
7145,60,359,29,2,-0.54545
7145,60,359,30,1,-0.36364
7145,60,359,31,1,0.81818
7145,60,359,32,2,-0.63636
7145,60,359,33,2,-0.45455
7145,60,359,34,2,-0.36364
7145,60,359,35,2,-0.81818
7145,60,359,36,2,-0.81818
7145,60,359,37,2,0.36364
7145,60,359,38,2,-0.45455
7145,60,359,39,2,-0.18182
7145,60,359,40,2,-0.18182
7145,60,359,41,2,-0.36364
7145,60,359,42,1,0.81818
7145,60,359,43,2,0.18182
7145,60,359,44,2,-0.18182
7145,60,359,45,1,-0.27273
7145,60,359,46,2,-0.54545
7145,60,359,47,1,0.81818
7145,60,359,48,2,-0.63636
7145,60,359,49,2,-0.45455
7145,60,359,50,2,-0.81818
7145,60,359,51,2,-0.36364
7145,60,360,1,1,0.090909
7145,60,360,2,2,0.090909
7145,60,360,3,1,0.45455
7145,60,360,4,2,-0.54545
7145,60,360,5,1,0.18182
7145,60,360,6,2,-0.45455
7145,60,360,7,2,0.090909
7145,60,360,8,2,-0.54545
7145,60,360,9,1,0.27273
7145,60,360,10,1,0.36364
7145,60,360,11,2,-0.45455
7145,60,360,12,1,0.090909
7145,60,360,13,2,0.54545
7145,60,360,14,2,-0.45455
7145,60,360,15,1,0.090909
7145,60,360,16,2,-0.18182
7145,60,360,17,1,0.36364
7145,60,360,18,2,-0.18182
7145,60,360,19,1,0.27273
7145,60,360,20,2,-0.18182
7145,60,360,21,1,0.45455
7145,60,360,22,2,-0.36364
7145,60,360,23,2,-0.54545
7145,60,360,24,1,0.45455
7145,60,360,25,1,0.54545
7145,60,360,26,1,0.090909
7145,60,360,27,1,0.18182
7145,60,360,28,2,-0.36364
7145,60,360,29,1,-0.090909
7145,60,360,30,2,-0.54545
7145,60,360,31,2,0.090909
7145,60,360,32,2,-0.18182
7145,60,360,33,2,-0.54545
7145,60,360,34,1,-0.090909
7145,60,360,35,2,-0.27273
7145,60,360,36,2,-0.45455
7145,60,360,37,1,0.72727
7145,60,360,38,2,-0.45455
7145,60,360,39,2,-0.36364
7145,60,360,40,1,0.090909
7145,60,360,41,2,0.090909
7145,60,360,42,2,-0.54545
7145,60,360,43,1,0.36364
7145,60,360,44,1,0.18182
7145,60,360,45,1,0.63636
7145,60,360,46,2,0.090909
7145,60,360,47,2,-0.54545
7145,60,360,48,1,0.27273
7145,60,360,49,1,0.090909
7145,60,360,50,2,0.090909
7145,60,360,51,2,-0.45455
7145,61,361,1,2,0.090909
7145,61,361,2,2,-0.090909
7145,61,361,3,2,-0.090909
7145,61,361,4,2,0.36364
7145,61,361,5,1,0.27273
7145,61,361,6,1,-0.72727
7145,61,361,7,1,0.18182
7145,61,361,8,2,-0.45455
7145,61,361,9,1,0.090909
7145,61,361,10,2,-0.54545
7145,61,361,11,2,-0.54545
7145,61,361,12,2,0.090909
7145,61,361,13,2,-0.27273
7145,61,361,14,2,0.090909
7145,61,361,15,1,0.27273
7145,61,361,16,1,0.090909
7145,61,361,17,1,0.45455
7145,61,361,18,1,0.090909
7145,61,361,19,1,0.18182
7145,61,361,20,2,-0.45455
7145,61,361,21,2,-0.27273
7145,61,361,22,2,-0.45455
7145,61,361,23,2,-0.27273
7145,61,361,24,2,-0.45455
7145,61,361,25,1,0.36364
7145,61,361,26,1,0.090909
7145,61,361,27,1,-0.090909
7145,61,361,28,1,0.18182
7145,61,361,29,2,-0.45455
7145,61,361,30,1,-0.090909
7145,61,361,31,2,0.18182
7145,61,361,32,1,0.090909
7145,61,361,33,1,0.090909
7145,61,361,34,1,0.090909
7145,61,361,35,2,-0.27273
7145,61,361,36,2,-0.63636
7145,61,361,37,2,0.090909
7145,61,361,38,1,-0.27273
7145,61,361,39,1,0.45455
7145,61,361,40,1,0.36364
7145,61,361,41,2,-0.36364
7145,61,361,42,1,0.36364
7145,61,361,43,1,-0.090909
7145,61,361,44,2,-0.45455
7145,61,361,45,1,0.63636
7145,61,361,46,1,0.18182
7145,61,361,47,2,-0.090909
7145,61,361,48,2,-0.18182
7145,61,361,49,1,0.45455
7145,61,361,50,2,-0.63636
7145,61,361,51,2,-0.36364
7145,61,362,1,2,-0.090909
7145,61,362,2,2,-0.63636
7145,61,362,3,1,-0.090909
7145,61,362,4,2,0.36364
7145,61,362,5,1,0.18182
7145,61,362,6,1,-0.54545
7145,61,362,7,2,0.45455
7145,61,362,8,2,-0.27273
7145,61,362,9,2,-0.36364
7145,61,362,10,2,-0.36364
7145,61,362,11,2,-0.54545
7145,61,362,12,2,0.81818
7145,61,362,13,1,0.45455
7145,61,362,14,1,0.81818
7145,61,362,15,2,0.36364
7145,61,362,16,1,-0.27273
7145,61,362,17,2,0.36364
7145,61,362,18,1,-0.090909
7145,61,362,19,1,-0.090909
7145,61,362,20,2,-0.36364
7145,61,362,21,2,-0.54545
7145,61,362,22,1,0.36364
7145,61,362,23,2,0.72727
7145,61,362,24,1,-0.45455
7145,61,362,25,1,-0.81818
7145,61,362,26,1,-0.090909
7145,61,362,27,1,0.36364
7145,61,362,28,1,0.81818
7145,61,362,29,1,0.45455
7145,61,362,30,1,0.81818
7145,61,362,31,1,0.45455
7145,61,362,32,2,-0.36364
7145,61,362,33,2,-0.36364
7145,61,362,34,1,-0.27273
7145,61,362,35,1,0.36364
7145,61,362,36,2,-0.63636
7145,61,362,37,1,0.45455
7145,61,362,38,2,0.63636
7145,61,362,39,1,0.45455
7145,61,362,40,2,0.18182
7145,61,362,41,2,0.27273
7145,61,362,42,2,-0.36364
7145,61,362,43,1,-0.54545
7145,61,362,44,1,0.18182
7145,61,362,45,1,0.81818
7145,61,362,46,2,0.090909
7145,61,362,47,2,-0.54545
7145,61,362,48,1,0.81818
7145,61,362,49,2,-0.54545
7145,61,362,50,2,-0.63636
7145,61,362,51,1,-0.090909
7145,61,363,1,2,-0.18182
7145,61,363,2,1,-0.18182
7145,61,363,3,2,-0.45455
7145,61,363,4,2,0.27273
7145,61,363,5,2,0.72727
7145,61,363,6,2,-0.36364
7145,61,363,7,2,0.45455
7145,61,363,8,2,0.54545
7145,61,363,9,2,0.72727
7145,61,363,10,1,-0.27273
7145,61,363,11,2,-0.36364
7145,61,363,12,2,0.36364
7145,61,363,13,1,0.36364
7145,61,363,14,2,-0.45455
7145,61,363,15,1,0.27273
7145,61,363,16,1,0.27273
7145,61,363,17,2,-0.36364
7145,61,363,18,1,0.54545
7145,61,363,19,1,-0.27273
7145,61,363,20,2,-0.18182
7145,61,363,21,1,-0.45455
7145,61,363,22,1,0.72727
7145,61,363,23,1,0.36364
7145,61,363,24,2,-0.18182
7145,61,363,25,2,-0.36364
7145,61,363,26,1,0.36364
7145,61,363,27,2,0.63636
7145,61,363,28,2,-0.45455
7145,61,363,29,2,-0.18182
7145,61,363,30,2,0.45455
7145,61,363,31,1,0.27273
7145,61,363,32,2,-0.45455
7145,61,363,33,2,-0.18182
7145,61,363,34,1,0.72727
7145,61,363,35,2,-0.36364
7145,61,363,36,1,0.45455
7145,61,363,37,1,-0.63636
7145,61,363,38,1,0.27273
7145,61,363,39,1,-0.27273
7145,61,363,40,1,0.090909
7145,61,363,41,1,0.54545
7145,61,363,42,2,-0.72727
7145,61,363,43,1,0.27273
7145,61,363,44,1,0.72727
7145,61,363,45,1,0.72727
7145,61,363,46,1,0.36364
7145,61,363,47,1,-0.81818
7145,61,363,48,2,0.18182
7145,61,363,49,2,-0.45455
7145,61,363,50,1,0.36364
7145,61,363,51,2,-0.36364
7145,61,364,1,2,0.18182
7145,61,364,2,1,0.090909
7145,61,364,3,1,-0.18182
7145,61,364,4,2,0.18182
7145,61,364,5,2,-0.27273
7145,61,364,6,2,-0.36364
7145,61,364,7,2,0.45455
7145,61,364,8,1,-0.090909
7145,61,364,9,2,0.36364
7145,61,364,10,2,-0.090909
7145,61,364,11,1,0.54545
7145,61,364,12,1,0.36364
7145,61,364,13,2,-0.18182
7145,61,364,14,2,-0.18182
7145,61,364,15,1,0.45455
7145,61,364,16,1,0.090909
7145,61,364,17,1,0.45455
7145,61,364,18,1,-0.090909
7145,61,364,19,2,-0.090909
7145,61,364,20,2,0.18182
7145,61,364,21,1,-0.090909
7145,61,364,22,2,-0.36364
7145,61,364,23,2,0.18182
7145,61,364,24,1,0.54545
7145,61,364,25,2,-0.45455
7145,61,364,26,1,0.63636
7145,61,364,27,2,0.18182
7145,61,364,28,1,0.36364
7145,61,364,29,1,0.18182
7145,61,364,30,2,-0.18182
7145,61,364,31,1,0.27273
7145,61,364,32,1,0.45455
7145,61,364,33,1,0.45455
7145,61,364,34,1,-0.36364
7145,61,364,35,1,0.54545
7145,61,364,36,1,-0.090909
7145,61,364,37,1,-0.36364
7145,61,364,38,1,0.18182
7145,61,364,39,2,-0.18182
7145,61,364,40,2,-0.18182
7145,61,364,41,1,0.090909
7145,61,364,42,1,0.63636
7145,61,364,43,2,0.090909
7145,61,364,44,1,0.72727
7145,61,364,45,2,-0.090909
7145,61,364,46,1,0.54545
7145,61,364,47,2,0.18182
7145,61,364,48,1,0.090909
7145,61,364,49,2,-0.27273
7145,61,364,50,1,0.18182
7145,61,364,51,2,-0.36364
7145,61,365,1,2,-0.63636
7145,61,365,2,2,0.81818
7145,61,365,3,1,-0.81818
7145,61,365,4,2,-0.18182
7145,61,365,5,2,-0.63636
7145,61,365,6,1,0.81818
7145,61,365,7,2,-0.18182
7145,61,365,8,1,-0.36364
7145,61,365,9,1,-0.27273
7145,61,365,10,1,-0.54545
7145,61,365,11,2,-0.36364
7145,61,365,12,2,0.36364
7145,61,365,13,2,-0.45455
7145,61,365,14,2,-0.81818
7145,61,365,15,2,-0.45455
7145,61,365,16,1,0.63636
7145,61,365,17,2,0.090909
7145,61,365,18,1,-0.63636
7145,61,365,19,2,-0.63636
7145,61,365,20,1,0.27273
7145,61,365,21,1,-0.27273
7145,61,365,22,2,-0.45455
7145,61,365,23,2,0.72727
7145,61,365,24,2,-0.18182
7145,61,365,25,1,0.81818
7145,61,365,26,2,0.36364
7145,61,365,27,1,0.45455
7145,61,365,28,2,-0.81818
7145,61,365,29,1,-0.54545
7145,61,365,30,2,-0.36364
7145,61,365,31,1,0.81818
7145,61,365,32,2,-0.63636
7145,61,365,33,2,-0.45455
7145,61,365,34,2,-0.36364
7145,61,365,35,2,-0.81818
7145,61,365,36,2,-0.81818
7145,61,365,37,2,0.36364
7145,61,365,38,2,-0.45455
7145,61,365,39,2,-0.18182
7145,61,365,40,2,-0.18182
7145,61,365,41,2,-0.36364
7145,61,365,42,1,0.81818
7145,61,365,43,2,0.18182
7145,61,365,44,2,-0.18182
7145,61,365,45,1,-0.27273
7145,61,365,46,2,-0.54545
7145,61,365,47,1,0.81818
7145,61,365,48,1,-0.63636
7145,61,365,49,2,-0.45455
7145,61,365,50,2,-0.81818
7145,61,365,51,2,-0.36364
7145,61,366,1,2,0.090909
7145,61,366,2,2,0.090909
7145,61,366,3,2,0.45455
7145,61,366,4,1,-0.54545
7145,61,366,5,1,0.18182
7145,61,366,6,2,-0.45455
7145,61,366,7,2,0.090909
7145,61,366,8,2,-0.54545
7145,61,366,9,1,0.27273
7145,61,366,10,1,0.36364
7145,61,366,11,2,-0.45455
7145,61,366,12,2,0.090909
7145,61,366,13,1,0.54545
7145,61,366,14,2,-0.45455
7145,61,366,15,2,0.090909
7145,61,366,16,1,-0.18182
7145,61,366,17,1,0.36364
7145,61,366,18,2,-0.18182
7145,61,366,19,1,0.27273
7145,61,366,20,1,-0.18182
7145,61,366,21,1,0.45455
7145,61,366,22,2,-0.36364
7145,61,366,23,2,-0.54545
7145,61,366,24,1,0.45455
7145,61,366,25,1,0.54545
7145,61,366,26,2,0.090909
7145,61,366,27,1,0.18182
7145,61,366,28,2,-0.36364
7145,61,366,29,2,-0.090909
7145,61,366,30,2,-0.54545
7145,61,366,31,1,0.090909
7145,61,366,32,2,-0.18182
7145,61,366,33,2,-0.54545
7145,61,366,34,1,-0.090909
7145,61,366,35,1,-0.27273
7145,61,366,36,2,-0.45455
7145,61,366,37,1,0.72727
7145,61,366,38,2,-0.45455
7145,61,366,39,2,-0.36364
7145,61,366,40,2,0.090909
7145,61,366,41,2,0.090909
7145,61,366,42,2,-0.54545
7145,61,366,43,1,0.36364
7145,61,366,44,1,0.18182
7145,61,366,45,1,0.63636
7145,61,366,46,2,0.090909
7145,61,366,47,2,-0.54545
7145,61,366,48,1,0.27273
7145,61,366,49,2,0.090909
7145,61,366,50,1,0.090909
7145,61,366,51,2,-0.45455
7145,62,367,1,1,0.090909
7145,62,367,2,1,-0.090909
7145,62,367,3,1,-0.090909
7145,62,367,4,2,0.36364
7145,62,367,5,2,0.27273
7145,62,367,6,2,-0.72727
7145,62,367,7,2,0.18182
7145,62,367,8,2,-0.45455
7145,62,367,9,1,0.090909
7145,62,367,10,2,-0.54545
7145,62,367,11,2,-0.54545
7145,62,367,12,2,0.090909
7145,62,367,13,2,-0.27273
7145,62,367,14,2,0.090909
7145,62,367,15,2,0.27273
7145,62,367,16,2,0.090909
7145,62,367,17,1,0.45455
7145,62,367,18,1,0.090909
7145,62,367,19,2,0.18182
7145,62,367,20,2,-0.45455
7145,62,367,21,2,-0.27273
7145,62,367,22,2,-0.45455
7145,62,367,23,2,-0.27273
7145,62,367,24,2,-0.45455
7145,62,367,25,1,0.36364
7145,62,367,26,2,0.090909
7145,62,367,27,1,-0.090909
7145,62,367,28,1,0.18182
7145,62,367,29,2,-0.45455
7145,62,367,30,1,-0.090909
7145,62,367,31,1,0.18182
7145,62,367,32,1,0.090909
7145,62,367,33,1,0.090909
7145,62,367,34,1,0.090909
7145,62,367,35,2,-0.27273
7145,62,367,36,2,-0.63636
7145,62,367,37,2,0.090909
7145,62,367,38,2,-0.27273
7145,62,367,39,1,0.45455
7145,62,367,40,1,0.36364
7145,62,367,41,2,-0.36364
7145,62,367,42,1,0.36364
7145,62,367,43,1,-0.090909
7145,62,367,44,2,-0.45455
7145,62,367,45,1,0.63636
7145,62,367,46,1,0.18182
7145,62,367,47,2,-0.090909
7145,62,367,48,2,-0.18182
7145,62,367,49,1,0.45455
7145,62,367,50,2,-0.63636
7145,62,367,51,2,-0.36364
7145,62,368,1,2,-0.090909
7145,62,368,2,1,-0.63636
7145,62,368,3,2,-0.090909
7145,62,368,4,2,0.36364
7145,62,368,5,2,0.18182
7145,62,368,6,2,-0.54545
7145,62,368,7,2,0.45455
7145,62,368,8,2,-0.27273
7145,62,368,9,2,-0.36364
7145,62,368,10,2,-0.36364
7145,62,368,11,2,-0.54545
7145,62,368,12,2,0.81818
7145,62,368,13,2,0.45455
7145,62,368,14,1,0.81818
7145,62,368,15,2,0.36364
7145,62,368,16,1,-0.27273
7145,62,368,17,1,0.36364
7145,62,368,18,1,-0.090909
7145,62,368,19,1,-0.090909
7145,62,368,20,1,-0.36364
7145,62,368,21,2,-0.54545
7145,62,368,22,2,0.36364
7145,62,368,23,1,0.72727
7145,62,368,24,2,-0.45455
7145,62,368,25,2,-0.81818
7145,62,368,26,2,-0.090909
7145,62,368,27,2,0.36364
7145,62,368,28,2,0.81818
7145,62,368,29,1,0.45455
7145,62,368,30,1,0.81818
7145,62,368,31,1,0.45455
7145,62,368,32,2,-0.36364
7145,62,368,33,2,-0.36364
7145,62,368,34,1,-0.27273
7145,62,368,35,1,0.36364
7145,62,368,36,1,-0.63636
7145,62,368,37,1,0.45455
7145,62,368,38,1,0.63636
7145,62,368,39,1,0.45455
7145,62,368,40,1,0.18182
7145,62,368,41,2,0.27273
7145,62,368,42,2,-0.36364
7145,62,368,43,2,-0.54545
7145,62,368,44,1,0.18182
7145,62,368,45,1,0.81818
7145,62,368,46,1,0.090909
7145,62,368,47,2,-0.54545
7145,62,368,48,1,0.81818
7145,62,368,49,2,-0.54545
7145,62,368,50,1,-0.63636
7145,62,368,51,1,-0.090909
7145,62,369,1,2,-0.18182
7145,62,369,2,2,-0.18182
7145,62,369,3,1,-0.45455
7145,62,369,4,1,0.27273
7145,62,369,5,2,0.72727
7145,62,369,6,1,-0.36364
7145,62,369,7,2,0.45455
7145,62,369,8,1,0.54545
7145,62,369,9,1,0.72727
7145,62,369,10,1,-0.27273
7145,62,369,11,2,-0.36364
7145,62,369,12,1,0.36364
7145,62,369,13,1,0.36364
7145,62,369,14,2,-0.45455
7145,62,369,15,1,0.27273
7145,62,369,16,1,0.27273
7145,62,369,17,2,-0.36364
7145,62,369,18,1,0.54545
7145,62,369,19,1,-0.27273
7145,62,369,20,2,-0.18182
7145,62,369,21,2,-0.45455
7145,62,369,22,1,0.72727
7145,62,369,23,1,0.36364
7145,62,369,24,2,-0.18182
7145,62,369,25,2,-0.36364
7145,62,369,26,1,0.36364
7145,62,369,27,2,0.63636
7145,62,369,28,1,-0.45455
7145,62,369,29,2,-0.18182
7145,62,369,30,1,0.45455
7145,62,369,31,1,0.27273
7145,62,369,32,2,-0.45455
7145,62,369,33,2,-0.18182
7145,62,369,34,1,0.72727
7145,62,369,35,1,-0.36364
7145,62,369,36,1,0.45455
7145,62,369,37,1,-0.63636
7145,62,369,38,1,0.27273
7145,62,369,39,1,-0.27273
7145,62,369,40,1,0.090909
7145,62,369,41,1,0.54545
7145,62,369,42,2,-0.72727
7145,62,369,43,1,0.27273
7145,62,369,44,1,0.72727
7145,62,369,45,1,0.72727
7145,62,369,46,1,0.36364
7145,62,369,47,2,-0.81818
7145,62,369,48,2,0.18182
7145,62,369,49,2,-0.45455
7145,62,369,50,1,0.36364
7145,62,369,51,2,-0.36364
7145,62,370,1,2,0.18182
7145,62,370,2,1,0.090909
7145,62,370,3,1,-0.18182
7145,62,370,4,1,0.18182
7145,62,370,5,2,-0.27273
7145,62,370,6,2,-0.36364
7145,62,370,7,2,0.45455
7145,62,370,8,1,-0.090909
7145,62,370,9,2,0.36364
7145,62,370,10,1,-0.090909
7145,62,370,11,1,0.54545
7145,62,370,12,1,0.36364
7145,62,370,13,2,-0.18182
7145,62,370,14,2,-0.18182
7145,62,370,15,1,0.45455
7145,62,370,16,1,0.090909
7145,62,370,17,2,0.45455
7145,62,370,18,2,-0.090909
7145,62,370,19,2,-0.090909
7145,62,370,20,2,0.18182
7145,62,370,21,1,-0.090909
7145,62,370,22,2,-0.36364
7145,62,370,23,1,0.18182
7145,62,370,24,1,0.54545
7145,62,370,25,2,-0.45455
7145,62,370,26,1,0.63636
7145,62,370,27,2,0.18182
7145,62,370,28,1,0.36364
7145,62,370,29,1,0.18182
7145,62,370,30,2,-0.18182
7145,62,370,31,1,0.27273
7145,62,370,32,1,0.45455
7145,62,370,33,1,0.45455
7145,62,370,34,2,-0.36364
7145,62,370,35,1,0.54545
7145,62,370,36,2,-0.090909
7145,62,370,37,1,-0.36364
7145,62,370,38,1,0.18182
7145,62,370,39,2,-0.18182
7145,62,370,40,2,-0.18182
7145,62,370,41,1,0.090909
7145,62,370,42,1,0.63636
7145,62,370,43,1,0.090909
7145,62,370,44,1,0.72727
7145,62,370,45,2,-0.090909
7145,62,370,46,1,0.54545
7145,62,370,47,1,0.18182
7145,62,370,48,1,0.090909
7145,62,370,49,2,-0.27273
7145,62,370,50,2,0.18182
7145,62,370,51,2,-0.36364
7145,62,371,1,2,-0.63636
7145,62,371,2,2,0.81818
7145,62,371,3,1,-0.81818
7145,62,371,4,2,-0.18182
7145,62,371,5,2,-0.63636
7145,62,371,6,2,0.81818
7145,62,371,7,2,-0.18182
7145,62,371,8,2,-0.36364
7145,62,371,9,2,-0.27273
7145,62,371,10,2,-0.54545
7145,62,371,11,2,-0.36364
7145,62,371,12,2,0.36364
7145,62,371,13,2,-0.45455
7145,62,371,14,2,-0.81818
7145,62,371,15,2,-0.45455
7145,62,371,16,2,0.63636
7145,62,371,17,2,0.090909
7145,62,371,18,1,-0.63636
7145,62,371,19,2,-0.63636
7145,62,371,20,2,0.27273
7145,62,371,21,2,-0.27273
7145,62,371,22,2,-0.45455
7145,62,371,23,2,0.72727
7145,62,371,24,2,-0.18182
7145,62,371,25,1,0.81818
7145,62,371,26,1,0.36364
7145,62,371,27,1,0.45455
7145,62,371,28,2,-0.81818
7145,62,371,29,2,-0.54545
7145,62,371,30,2,-0.36364
7145,62,371,31,1,0.81818
7145,62,371,32,2,-0.63636
7145,62,371,33,2,-0.45455
7145,62,371,34,2,-0.36364
7145,62,371,35,2,-0.81818
7145,62,371,36,2,-0.81818
7145,62,371,37,2,0.36364
7145,62,371,38,2,-0.45455
7145,62,371,39,2,-0.18182
7145,62,371,40,2,-0.18182
7145,62,371,41,2,-0.36364
7145,62,371,42,1,0.81818
7145,62,371,43,2,0.18182
7145,62,371,44,2,-0.18182
7145,62,371,45,2,-0.27273
7145,62,371,46,2,-0.54545
7145,62,371,47,1,0.81818
7145,62,371,48,2,-0.63636
7145,62,371,49,2,-0.45455
7145,62,371,50,2,-0.81818
7145,62,371,51,2,-0.36364
7145,62,372,1,2,0.090909
7145,62,372,2,1,0.090909
7145,62,372,3,2,0.45455
7145,62,372,4,1,-0.54545
7145,62,372,5,1,0.18182
7145,62,372,6,2,-0.45455
7145,62,372,7,1,0.090909
7145,62,372,8,2,-0.54545
7145,62,372,9,1,0.27273
7145,62,372,10,1,0.36364
7145,62,372,11,2,-0.45455
7145,62,372,12,1,0.090909
7145,62,372,13,2,0.54545
7145,62,372,14,2,-0.45455
7145,62,372,15,1,0.090909
7145,62,372,16,2,-0.18182
7145,62,372,17,1,0.36364
7145,62,372,18,2,-0.18182
7145,62,372,19,1,0.27273
7145,62,372,20,2,-0.18182
7145,62,372,21,1,0.45455
7145,62,372,22,2,-0.36364
7145,62,372,23,2,-0.54545
7145,62,372,24,1,0.45455
7145,62,372,25,1,0.54545
7145,62,372,26,1,0.090909
7145,62,372,27,1,0.18182
7145,62,372,28,2,-0.36364
7145,62,372,29,1,-0.090909
7145,62,372,30,2,-0.54545
7145,62,372,31,1,0.090909
7145,62,372,32,2,-0.18182
7145,62,372,33,2,-0.54545
7145,62,372,34,2,-0.090909
7145,62,372,35,2,-0.27273
7145,62,372,36,2,-0.45455
7145,62,372,37,1,0.72727
7145,62,372,38,2,-0.45455
7145,62,372,39,2,-0.36364
7145,62,372,40,1,0.090909
7145,62,372,41,2,0.090909
7145,62,372,42,2,-0.54545
7145,62,372,43,1,0.36364
7145,62,372,44,1,0.18182
7145,62,372,45,1,0.63636
7145,62,372,46,2,0.090909
7145,62,372,47,2,-0.54545
7145,62,372,48,1,0.27273
7145,62,372,49,2,0.090909
7145,62,372,50,2,0.090909
7145,62,372,51,2,-0.45455
7145,63,373,1,1,0.090909
7145,63,373,2,2,-0.090909
7145,63,373,3,2,-0.090909
7145,63,373,4,2,0.36364
7145,63,373,5,2,0.27273
7145,63,373,6,2,-0.72727
7145,63,373,7,1,0.18182
7145,63,373,8,2,-0.45455
7145,63,373,9,1,0.090909
7145,63,373,10,2,-0.54545
7145,63,373,11,2,-0.54545
7145,63,373,12,1,0.090909
7145,63,373,13,2,-0.27273
7145,63,373,14,1,0.090909
7145,63,373,15,1,0.27273
7145,63,373,16,1,0.090909
7145,63,373,17,1,0.45455
7145,63,373,18,1,0.090909
7145,63,373,19,1,0.18182
7145,63,373,20,2,-0.45455
7145,63,373,21,2,-0.27273
7145,63,373,22,2,-0.45455
7145,63,373,23,2,-0.27273
7145,63,373,24,2,-0.45455
7145,63,373,25,1,0.36364
7145,63,373,26,1,0.090909
7145,63,373,27,2,-0.090909
7145,63,373,28,1,0.18182
7145,63,373,29,2,-0.45455
7145,63,373,30,2,-0.090909
7145,63,373,31,1,0.18182
7145,63,373,32,2,0.090909
7145,63,373,33,1,0.090909
7145,63,373,34,1,0.090909
7145,63,373,35,2,-0.27273
7145,63,373,36,2,-0.63636
7145,63,373,37,2,0.090909
7145,63,373,38,2,-0.27273
7145,63,373,39,1,0.45455
7145,63,373,40,1,0.36364
7145,63,373,41,2,-0.36364
7145,63,373,42,1,0.36364
7145,63,373,43,1,-0.090909
7145,63,373,44,2,-0.45455
7145,63,373,45,1,0.63636
7145,63,373,46,1,0.18182
7145,63,373,47,1,-0.090909
7145,63,373,48,2,-0.18182
7145,63,373,49,1,0.45455
7145,63,373,50,2,-0.63636
7145,63,373,51,2,-0.36364
7145,63,374,1,1,-0.090909
7145,63,374,2,2,-0.63636
7145,63,374,3,2,-0.090909
7145,63,374,4,2,0.36364
7145,63,374,5,2,0.18182
7145,63,374,6,2,-0.54545
7145,63,374,7,2,0.45455
7145,63,374,8,2,-0.27273
7145,63,374,9,2,-0.36364
7145,63,374,10,2,-0.36364
7145,63,374,11,2,-0.54545
7145,63,374,12,1,0.81818
7145,63,374,13,2,0.45455
7145,63,374,14,1,0.81818
7145,63,374,15,2,0.36364
7145,63,374,16,1,-0.27273
7145,63,374,17,2,0.36364
7145,63,374,18,1,-0.090909
7145,63,374,19,1,-0.090909
7145,63,374,20,2,-0.36364
7145,63,374,21,2,-0.54545
7145,63,374,22,1,0.36364
7145,63,374,23,2,0.72727
7145,63,374,24,2,-0.45455
7145,63,374,25,2,-0.81818
7145,63,374,26,2,-0.090909
7145,63,374,27,1,0.36364
7145,63,374,28,1,0.81818
7145,63,374,29,1,0.45455
7145,63,374,30,1,0.81818
7145,63,374,31,1,0.45455
7145,63,374,32,2,-0.36364
7145,63,374,33,1,-0.36364
7145,63,374,34,1,-0.27273
7145,63,374,35,1,0.36364
7145,63,374,36,2,-0.63636
7145,63,374,37,1,0.45455
7145,63,374,38,2,0.63636
7145,63,374,39,1,0.45455
7145,63,374,40,1,0.18182
7145,63,374,41,1,0.27273
7145,63,374,42,2,-0.36364
7145,63,374,43,2,-0.54545
7145,63,374,44,2,0.18182
7145,63,374,45,1,0.81818
7145,63,374,46,1,0.090909
7145,63,374,47,1,-0.54545
7145,63,374,48,1,0.81818
7145,63,374,49,2,-0.54545
7145,63,374,50,2,-0.63636
7145,63,374,51,1,-0.090909
7145,63,375,1,2,-0.18182
7145,63,375,2,2,-0.18182
7145,63,375,3,2,-0.45455
7145,63,375,4,1,0.27273
7145,63,375,5,1,0.72727
7145,63,375,6,2,-0.36364
7145,63,375,7,2,0.45455
7145,63,375,8,2,0.54545
7145,63,375,9,2,0.72727
7145,63,375,10,1,-0.27273
7145,63,375,11,2,-0.36364
7145,63,375,12,1,0.36364
7145,63,375,13,1,0.36364
7145,63,375,14,2,-0.45455
7145,63,375,15,1,0.27273
7145,63,375,16,1,0.27273
7145,63,375,17,2,-0.36364
7145,63,375,18,1,0.54545
7145,63,375,19,2,-0.27273
7145,63,375,20,2,-0.18182
7145,63,375,21,2,-0.45455
7145,63,375,22,1,0.72727
7145,63,375,23,2,0.36364
7145,63,375,24,2,-0.18182
7145,63,375,25,2,-0.36364
7145,63,375,26,1,0.36364
7145,63,375,27,2,0.63636
7145,63,375,28,1,-0.45455
7145,63,375,29,2,-0.18182
7145,63,375,30,2,0.45455
7145,63,375,31,1,0.27273
7145,63,375,32,1,-0.45455
7145,63,375,33,1,-0.18182
7145,63,375,34,1,0.72727
7145,63,375,35,2,-0.36364
7145,63,375,36,2,0.45455
7145,63,375,37,1,-0.63636
7145,63,375,38,1,0.27273
7145,63,375,39,2,-0.27273
7145,63,375,40,1,0.090909
7145,63,375,41,2,0.54545
7145,63,375,42,2,-0.72727
7145,63,375,43,1,0.27273
7145,63,375,44,1,0.72727
7145,63,375,45,1,0.72727
7145,63,375,46,1,0.36364
7145,63,375,47,1,-0.81818
7145,63,375,48,2,0.18182
7145,63,375,49,2,-0.45455
7145,63,375,50,1,0.36364
7145,63,375,51,2,-0.36364
7145,63,376,1,1,0.18182
7145,63,376,2,2,0.090909
7145,63,376,3,2,-0.18182
7145,63,376,4,1,0.18182
7145,63,376,5,1,-0.27273
7145,63,376,6,2,-0.36364
7145,63,376,7,2,0.45455
7145,63,376,8,1,-0.090909
7145,63,376,9,1,0.36364
7145,63,376,10,1,-0.090909
7145,63,376,11,1,0.54545
7145,63,376,12,1,0.36364
7145,63,376,13,2,-0.18182
7145,63,376,14,2,-0.18182
7145,63,376,15,1,0.45455
7145,63,376,16,2,0.090909
7145,63,376,17,1,0.45455
7145,63,376,18,2,-0.090909
7145,63,376,19,2,-0.090909
7145,63,376,20,2,0.18182
7145,63,376,21,1,-0.090909
7145,63,376,22,2,-0.36364
7145,63,376,23,1,0.18182
7145,63,376,24,1,0.54545
7145,63,376,25,2,-0.45455
7145,63,376,26,1,0.63636
7145,63,376,27,2,0.18182
7145,63,376,28,1,0.36364
7145,63,376,29,2,0.18182
7145,63,376,30,2,-0.18182
7145,63,376,31,1,0.27273
7145,63,376,32,1,0.45455
7145,63,376,33,1,0.45455
7145,63,376,34,2,-0.36364
7145,63,376,35,1,0.54545
7145,63,376,36,2,-0.090909
7145,63,376,37,1,-0.36364
7145,63,376,38,1,0.18182
7145,63,376,39,2,-0.18182
7145,63,376,40,2,-0.18182
7145,63,376,41,2,0.090909
7145,63,376,42,1,0.63636
7145,63,376,43,2,0.090909
7145,63,376,44,1,0.72727
7145,63,376,45,1,-0.090909
7145,63,376,46,1,0.54545
7145,63,376,47,1,0.18182
7145,63,376,48,1,0.090909
7145,63,376,49,2,-0.27273
7145,63,376,50,1,0.18182
7145,63,376,51,1,-0.36364
7145,63,377,1,1,-0.63636
7145,63,377,2,2,0.81818
7145,63,377,3,2,-0.81818
7145,63,377,4,2,-0.18182
7145,63,377,5,2,-0.63636
7145,63,377,6,1,0.81818
7145,63,377,7,2,-0.18182
7145,63,377,8,1,-0.36364
7145,63,377,9,2,-0.27273
7145,63,377,10,2,-0.54545
7145,63,377,11,2,-0.36364
7145,63,377,12,2,0.36364
7145,63,377,13,2,-0.45455
7145,63,377,14,2,-0.81818
7145,63,377,15,2,-0.45455
7145,63,377,16,2,0.63636
7145,63,377,17,2,0.090909
7145,63,377,18,1,-0.63636
7145,63,377,19,2,-0.63636
7145,63,377,20,1,0.27273
7145,63,377,21,2,-0.27273
7145,63,377,22,2,-0.45455
7145,63,377,23,2,0.72727
7145,63,377,24,2,-0.18182
7145,63,377,25,1,0.81818
7145,63,377,26,1,0.36364
7145,63,377,27,2,0.45455
7145,63,377,28,2,-0.81818
7145,63,377,29,2,-0.54545
7145,63,377,30,2,-0.36364
7145,63,377,31,1,0.81818
7145,63,377,32,1,-0.63636
7145,63,377,33,2,-0.45455
7145,63,377,34,2,-0.36364
7145,63,377,35,2,-0.81818
7145,63,377,36,2,-0.81818
7145,63,377,37,2,0.36364
7145,63,377,38,2,-0.45455
7145,63,377,39,2,-0.18182
7145,63,377,40,2,-0.18182
7145,63,377,41,2,-0.36364
7145,63,377,42,1,0.81818
7145,63,377,43,2,0.18182
7145,63,377,44,2,-0.18182
7145,63,377,45,1,-0.27273
7145,63,377,46,2,-0.54545
7145,63,377,47,1,0.81818
7145,63,377,48,2,-0.63636
7145,63,377,49,2,-0.45455
7145,63,377,50,2,-0.81818
7145,63,377,51,2,-0.36364
7145,63,378,1,1,0.090909
7145,63,378,2,1,0.090909
7145,63,378,3,1,0.45455
7145,63,378,4,2,-0.54545
7145,63,378,5,2,0.18182
7145,63,378,6,2,-0.45455
7145,63,378,7,1,0.090909
7145,63,378,8,2,-0.54545
7145,63,378,9,1,0.27273
7145,63,378,10,1,0.36364
7145,63,378,11,2,-0.45455
7145,63,378,12,2,0.090909
7145,63,378,13,1,0.54545
7145,63,378,14,2,-0.45455
7145,63,378,15,1,0.090909
7145,63,378,16,1,-0.18182
7145,63,378,17,1,0.36364
7145,63,378,18,1,-0.18182
7145,63,378,19,1,0.27273
7145,63,378,20,1,-0.18182
7145,63,378,21,1,0.45455
7145,63,378,22,2,-0.36364
7145,63,378,23,2,-0.54545
7145,63,378,24,1,0.45455
7145,63,378,25,1,0.54545
7145,63,378,26,1,0.090909
7145,63,378,27,1,0.18182
7145,63,378,28,2,-0.36364
7145,63,378,29,2,-0.090909
7145,63,378,30,2,-0.54545
7145,63,378,31,1,0.090909
7145,63,378,32,2,-0.18182
7145,63,378,33,2,-0.54545
7145,63,378,34,1,-0.090909
7145,63,378,35,1,-0.27273
7145,63,378,36,2,-0.45455
7145,63,378,37,1,0.72727
7145,63,378,38,2,-0.45455
7145,63,378,39,2,-0.36364
7145,63,378,40,1,0.090909
7145,63,378,41,2,0.090909
7145,63,378,42,2,-0.54545
7145,63,378,43,1,0.36364
7145,63,378,44,1,0.18182
7145,63,378,45,1,0.63636
7145,63,378,46,1,0.090909
7145,63,378,47,2,-0.54545
7145,63,378,48,1,0.27273
7145,63,378,49,1,0.090909
7145,63,378,50,2,0.090909
7145,63,378,51,2,-0.45455
7145,64,379,1,2,0.090909
7145,64,379,2,2,-0.090909
7145,64,379,3,2,-0.090909
7145,64,379,4,2,0.36364
7145,64,379,5,1,0.27273
7145,64,379,6,2,-0.72727
7145,64,379,7,1,0.18182
7145,64,379,8,2,-0.45455
7145,64,379,9,1,0.090909
7145,64,379,10,2,-0.54545
7145,64,379,11,2,-0.54545
7145,64,379,12,1,0.090909
7145,64,379,13,2,-0.27273
7145,64,379,14,1,0.090909
7145,64,379,15,2,0.27273
7145,64,379,16,2,0.090909
7145,64,379,17,2,0.45455
7145,64,379,18,1,0.090909
7145,64,379,19,2,0.18182
7145,64,379,20,2,-0.45455
7145,64,379,21,2,-0.27273
7145,64,379,22,2,-0.45455
7145,64,379,23,2,-0.27273
7145,64,379,24,2,-0.45455
7145,64,379,25,2,0.36364
7145,64,379,26,2,0.090909
7145,64,379,27,2,-0.090909
7145,64,379,28,1,0.18182
7145,64,379,29,2,-0.45455
7145,64,379,30,2,-0.090909
7145,64,379,31,1,0.18182
7145,64,379,32,1,0.090909
7145,64,379,33,1,0.090909
7145,64,379,34,1,0.090909
7145,64,379,35,2,-0.27273
7145,64,379,36,2,-0.63636
7145,64,379,37,1,0.090909
7145,64,379,38,2,-0.27273
7145,64,379,39,1,0.45455
7145,64,379,40,1,0.36364
7145,64,379,41,2,-0.36364
7145,64,379,42,1,0.36364
7145,64,379,43,1,-0.090909
7145,64,379,44,2,-0.45455
7145,64,379,45,1,0.63636
7145,64,379,46,1,0.18182
7145,64,379,47,2,-0.090909
7145,64,379,48,2,-0.18182
7145,64,379,49,1,0.45455
7145,64,379,50,2,-0.63636
7145,64,379,51,2,-0.36364
7145,64,380,1,1,-0.090909
7145,64,380,2,1,-0.63636
7145,64,380,3,2,-0.090909
7145,64,380,4,2,0.36364
7145,64,380,5,1,0.18182
7145,64,380,6,2,-0.54545
7145,64,380,7,1,0.45455
7145,64,380,8,1,-0.27273
7145,64,380,9,2,-0.36364
7145,64,380,10,2,-0.36364
7145,64,380,11,2,-0.54545
7145,64,380,12,1,0.81818
7145,64,380,13,2,0.45455
7145,64,380,14,1,0.81818
7145,64,380,15,1,0.36364
7145,64,380,16,2,-0.27273
7145,64,380,17,2,0.36364
7145,64,380,18,2,-0.090909
7145,64,380,19,2,-0.090909
7145,64,380,20,2,-0.36364
7145,64,380,21,2,-0.54545
7145,64,380,22,2,0.36364
7145,64,380,23,2,0.72727
7145,64,380,24,1,-0.45455
7145,64,380,25,2,-0.81818
7145,64,380,26,2,-0.090909
7145,64,380,27,2,0.36364
7145,64,380,28,1,0.81818
7145,64,380,29,1,0.45455
7145,64,380,30,1,0.81818
7145,64,380,31,1,0.45455
7145,64,380,32,2,-0.36364
7145,64,380,33,2,-0.36364
7145,64,380,34,1,-0.27273
7145,64,380,35,1,0.36364
7145,64,380,36,2,-0.63636
7145,64,380,37,1,0.45455
7145,64,380,38,1,0.63636
7145,64,380,39,1,0.45455
7145,64,380,40,1,0.18182
7145,64,380,41,1,0.27273
7145,64,380,42,2,-0.36364
7145,64,380,43,2,-0.54545
7145,64,380,44,1,0.18182
7145,64,380,45,1,0.81818
7145,64,380,46,2,0.090909
7145,64,380,47,2,-0.54545
7145,64,380,48,1,0.81818
7145,64,380,49,2,-0.54545
7145,64,380,50,1,-0.63636
7145,64,380,51,1,-0.090909
7145,64,381,1,2,-0.18182
7145,64,381,2,2,-0.18182
7145,64,381,3,1,-0.45455
7145,64,381,4,2,0.27273
7145,64,381,5,1,0.72727
7145,64,381,6,2,-0.36364
7145,64,381,7,2,0.45455
7145,64,381,8,2,0.54545
7145,64,381,9,1,0.72727
7145,64,381,10,1,-0.27273
7145,64,381,11,2,-0.36364
7145,64,381,12,1,0.36364
7145,64,381,13,2,0.36364
7145,64,381,14,2,-0.45455
7145,64,381,15,1,0.27273
7145,64,381,16,2,0.27273
7145,64,381,17,2,-0.36364
7145,64,381,18,1,0.54545
7145,64,381,19,1,-0.27273
7145,64,381,20,2,-0.18182
7145,64,381,21,2,-0.45455
7145,64,381,22,1,0.72727
7145,64,381,23,1,0.36364
7145,64,381,24,2,-0.18182
7145,64,381,25,2,-0.36364
7145,64,381,26,1,0.36364
7145,64,381,27,2,0.63636
7145,64,381,28,1,-0.45455
7145,64,381,29,2,-0.18182
7145,64,381,30,2,0.45455
7145,64,381,31,1,0.27273
7145,64,381,32,2,-0.45455
7145,64,381,33,2,-0.18182
7145,64,381,34,1,0.72727
7145,64,381,35,2,-0.36364
7145,64,381,36,1,0.45455
7145,64,381,37,1,-0.63636
7145,64,381,38,1,0.27273
7145,64,381,39,1,-0.27273
7145,64,381,40,1,0.090909
7145,64,381,41,1,0.54545
7145,64,381,42,2,-0.72727
7145,64,381,43,1,0.27273
7145,64,381,44,1,0.72727
7145,64,381,45,1,0.72727
7145,64,381,46,1,0.36364
7145,64,381,47,1,-0.81818
7145,64,381,48,1,0.18182
7145,64,381,49,2,-0.45455
7145,64,381,50,1,0.36364
7145,64,381,51,1,-0.36364
7145,64,382,1,2,0.18182
7145,64,382,2,2,0.090909
7145,64,382,3,1,-0.18182
7145,64,382,4,2,0.18182
7145,64,382,5,1,-0.27273
7145,64,382,6,2,-0.36364
7145,64,382,7,2,0.45455
7145,64,382,8,1,-0.090909
7145,64,382,9,2,0.36364
7145,64,382,10,2,-0.090909
7145,64,382,11,1,0.54545
7145,64,382,12,1,0.36364
7145,64,382,13,2,-0.18182
7145,64,382,14,2,-0.18182
7145,64,382,15,1,0.45455
7145,64,382,16,2,0.090909
7145,64,382,17,1,0.45455
7145,64,382,18,2,-0.090909
7145,64,382,19,2,-0.090909
7145,64,382,20,2,0.18182
7145,64,382,21,2,-0.090909
7145,64,382,22,2,-0.36364
7145,64,382,23,2,0.18182
7145,64,382,24,1,0.54545
7145,64,382,25,2,-0.45455
7145,64,382,26,1,0.63636
7145,64,382,27,2,0.18182
7145,64,382,28,1,0.36364
7145,64,382,29,1,0.18182
7145,64,382,30,1,-0.18182
7145,64,382,31,2,0.27273
7145,64,382,32,1,0.45455
7145,64,382,33,1,0.45455
7145,64,382,34,1,-0.36364
7145,64,382,35,1,0.54545
7145,64,382,36,2,-0.090909
7145,64,382,37,2,-0.36364
7145,64,382,38,1,0.18182
7145,64,382,39,2,-0.18182
7145,64,382,40,2,-0.18182
7145,64,382,41,2,0.090909
7145,64,382,42,1,0.63636
7145,64,382,43,1,0.090909
7145,64,382,44,1,0.72727
7145,64,382,45,1,-0.090909
7145,64,382,46,1,0.54545
7145,64,382,47,2,0.18182
7145,64,382,48,1,0.090909
7145,64,382,49,2,-0.27273
7145,64,382,50,1,0.18182
7145,64,382,51,1,-0.36364
7145,64,383,1,1,-0.63636
7145,64,383,2,2,0.81818
7145,64,383,3,1,-0.81818
7145,64,383,4,1,-0.18182
7145,64,383,5,2,-0.63636
7145,64,383,6,2,0.81818
7145,64,383,7,2,-0.18182
7145,64,383,8,2,-0.36364
7145,64,383,9,1,-0.27273
7145,64,383,10,2,-0.54545
7145,64,383,11,2,-0.36364
7145,64,383,12,2,0.36364
7145,64,383,13,2,-0.45455
7145,64,383,14,2,-0.81818
7145,64,383,15,2,-0.45455
7145,64,383,16,2,0.63636
7145,64,383,17,1,0.090909
7145,64,383,18,1,-0.63636
7145,64,383,19,2,-0.63636
7145,64,383,20,2,0.27273
7145,64,383,21,2,-0.27273
7145,64,383,22,2,-0.45455
7145,64,383,23,2,0.72727
7145,64,383,24,2,-0.18182
7145,64,383,25,1,0.81818
7145,64,383,26,1,0.36364
7145,64,383,27,2,0.45455
7145,64,383,28,2,-0.81818
7145,64,383,29,2,-0.54545
7145,64,383,30,2,-0.36364
7145,64,383,31,1,0.81818
7145,64,383,32,1,-0.63636
7145,64,383,33,1,-0.45455
7145,64,383,34,2,-0.36364
7145,64,383,35,2,-0.81818
7145,64,383,36,2,-0.81818
7145,64,383,37,2,0.36364
7145,64,383,38,2,-0.45455
7145,64,383,39,1,-0.18182
7145,64,383,40,2,-0.18182
7145,64,383,41,2,-0.36364
7145,64,383,42,1,0.81818
7145,64,383,43,2,0.18182
7145,64,383,44,2,-0.18182
7145,64,383,45,1,-0.27273
7145,64,383,46,2,-0.54545
7145,64,383,47,1,0.81818
7145,64,383,48,2,-0.63636
7145,64,383,49,2,-0.45455
7145,64,383,50,2,-0.81818
7145,64,383,51,2,-0.36364
7145,64,384,1,2,0.090909
7145,64,384,2,2,0.090909
7145,64,384,3,1,0.45455
7145,64,384,4,1,-0.54545
7145,64,384,5,1,0.18182
7145,64,384,6,2,-0.45455
7145,64,384,7,1,0.090909
7145,64,384,8,2,-0.54545
7145,64,384,9,2,0.27273
7145,64,384,10,2,0.36364
7145,64,384,11,2,-0.45455
7145,64,384,12,2,0.090909
7145,64,384,13,1,0.54545
7145,64,384,14,2,-0.45455
7145,64,384,15,2,0.090909
7145,64,384,16,2,-0.18182
7145,64,384,17,1,0.36364
7145,64,384,18,2,-0.18182
7145,64,384,19,1,0.27273
7145,64,384,20,1,-0.18182
7145,64,384,21,1,0.45455
7145,64,384,22,2,-0.36364
7145,64,384,23,2,-0.54545
7145,64,384,24,1,0.45455
7145,64,384,25,1,0.54545
7145,64,384,26,2,0.090909
7145,64,384,27,1,0.18182
7145,64,384,28,2,-0.36364
7145,64,384,29,2,-0.090909
7145,64,384,30,2,-0.54545
7145,64,384,31,2,0.090909
7145,64,384,32,2,-0.18182
7145,64,384,33,2,-0.54545
7145,64,384,34,1,-0.090909
7145,64,384,35,1,-0.27273
7145,64,384,36,2,-0.45455
7145,64,384,37,1,0.72727
7145,64,384,38,2,-0.45455
7145,64,384,39,2,-0.36364
7145,64,384,40,1,0.090909
7145,64,384,41,2,0.090909
7145,64,384,42,2,-0.54545
7145,64,384,43,1,0.36364
7145,64,384,44,1,0.18182
7145,64,384,45,1,0.63636
7145,64,384,46,1,0.090909
7145,64,384,47,2,-0.54545
7145,64,384,48,1,0.27273
7145,64,384,49,1,0.090909
7145,64,384,50,1,0.090909
7145,64,384,51,2,-0.45455
7145,65,385,1,1,0.090909
7145,65,385,2,1,-0.090909
7145,65,385,3,2,-0.090909
7145,65,385,4,2,0.36364
7145,65,385,5,1,0.27273
7145,65,385,6,2,-0.72727
7145,65,385,7,2,0.18182
7145,65,385,8,2,-0.45455
7145,65,385,9,1,0.090909
7145,65,385,10,2,-0.54545
7145,65,385,11,2,-0.54545
7145,65,385,12,1,0.090909
7145,65,385,13,1,-0.27273
7145,65,385,14,2,0.090909
7145,65,385,15,1,0.27273
7145,65,385,16,1,0.090909
7145,65,385,17,2,0.45455
7145,65,385,18,1,0.090909
7145,65,385,19,1,0.18182
7145,65,385,20,2,-0.45455
7145,65,385,21,2,-0.27273
7145,65,385,22,2,-0.45455
7145,65,385,23,2,-0.27273
7145,65,385,24,2,-0.45455
7145,65,385,25,1,0.36364
7145,65,385,26,2,0.090909
7145,65,385,27,1,-0.090909
7145,65,385,28,1,0.18182
7145,65,385,29,2,-0.45455
7145,65,385,30,2,-0.090909
7145,65,385,31,1,0.18182
7145,65,385,32,1,0.090909
7145,65,385,33,2,0.090909
7145,65,385,34,1,0.090909
7145,65,385,35,2,-0.27273
7145,65,385,36,2,-0.63636
7145,65,385,37,1,0.090909
7145,65,385,38,2,-0.27273
7145,65,385,39,2,0.45455
7145,65,385,40,1,0.36364
7145,65,385,41,2,-0.36364
7145,65,385,42,1,0.36364
7145,65,385,43,2,-0.090909
7145,65,385,44,1,-0.45455
7145,65,385,45,1,0.63636
7145,65,385,46,1,0.18182
7145,65,385,47,2,-0.090909
7145,65,385,48,1,-0.18182
7145,65,385,49,1,0.45455
7145,65,385,50,2,-0.63636
7145,65,385,51,2,-0.36364
7145,65,386,1,2,-0.090909
7145,65,386,2,1,-0.63636
7145,65,386,3,2,-0.090909
7145,65,386,4,2,0.36364
7145,65,386,5,1,0.18182
7145,65,386,6,1,-0.54545
7145,65,386,7,2,0.45455
7145,65,386,8,2,-0.27273
7145,65,386,9,1,-0.36364
7145,65,386,10,2,-0.36364
7145,65,386,11,2,-0.54545
7145,65,386,12,1,0.81818
7145,65,386,13,1,0.45455
7145,65,386,14,1,0.81818
7145,65,386,15,1,0.36364
7145,65,386,16,1,-0.27273
7145,65,386,17,2,0.36364
7145,65,386,18,1,-0.090909
7145,65,386,19,2,-0.090909
7145,65,386,20,2,-0.36364
7145,65,386,21,2,-0.54545
7145,65,386,22,2,0.36364
7145,65,386,23,2,0.72727
7145,65,386,24,2,-0.45455
7145,65,386,25,1,-0.81818
7145,65,386,26,2,-0.090909
7145,65,386,27,2,0.36364
7145,65,386,28,1,0.81818
7145,65,386,29,1,0.45455
7145,65,386,30,1,0.81818
7145,65,386,31,1,0.45455
7145,65,386,32,1,-0.36364
7145,65,386,33,2,-0.36364
7145,65,386,34,2,-0.27273
7145,65,386,35,1,0.36364
7145,65,386,36,2,-0.63636
7145,65,386,37,2,0.45455
7145,65,386,38,2,0.63636
7145,65,386,39,1,0.45455
7145,65,386,40,2,0.18182
7145,65,386,41,1,0.27273
7145,65,386,42,2,-0.36364
7145,65,386,43,1,-0.54545
7145,65,386,44,2,0.18182
7145,65,386,45,1,0.81818
7145,65,386,46,2,0.090909
7145,65,386,47,2,-0.54545
7145,65,386,48,1,0.81818
7145,65,386,49,2,-0.54545
7145,65,386,50,2,-0.63636
7145,65,386,51,1,-0.090909
7145,65,387,1,1,-0.18182
7145,65,387,2,1,-0.18182
7145,65,387,3,2,-0.45455
7145,65,387,4,2,0.27273
7145,65,387,5,1,0.72727
7145,65,387,6,1,-0.36364
7145,65,387,7,2,0.45455
7145,65,387,8,1,0.54545
7145,65,387,9,1,0.72727
7145,65,387,10,1,-0.27273
7145,65,387,11,2,-0.36364
7145,65,387,12,2,0.36364
7145,65,387,13,1,0.36364
7145,65,387,14,1,-0.45455
7145,65,387,15,1,0.27273
7145,65,387,16,1,0.27273
7145,65,387,17,2,-0.36364
7145,65,387,18,1,0.54545
7145,65,387,19,2,-0.27273
7145,65,387,20,1,-0.18182
7145,65,387,21,1,-0.45455
7145,65,387,22,2,0.72727
7145,65,387,23,1,0.36364
7145,65,387,24,2,-0.18182
7145,65,387,25,2,-0.36364
7145,65,387,26,1,0.36364
7145,65,387,27,2,0.63636
7145,65,387,28,2,-0.45455
7145,65,387,29,1,-0.18182
7145,65,387,30,1,0.45455
7145,65,387,31,1,0.27273
7145,65,387,32,2,-0.45455
7145,65,387,33,1,-0.18182
7145,65,387,34,1,0.72727
7145,65,387,35,2,-0.36364
7145,65,387,36,2,0.45455
7145,65,387,37,1,-0.63636
7145,65,387,38,1,0.27273
7145,65,387,39,2,-0.27273
7145,65,387,40,1,0.090909
7145,65,387,41,2,0.54545
7145,65,387,42,1,-0.72727
7145,65,387,43,1,0.27273
7145,65,387,44,1,0.72727
7145,65,387,45,1,0.72727
7145,65,387,46,1,0.36364
7145,65,387,47,1,-0.81818
7145,65,387,48,2,0.18182
7145,65,387,49,2,-0.45455
7145,65,387,50,1,0.36364
7145,65,387,51,2,-0.36364
7145,65,388,1,2,0.18182
7145,65,388,2,1,0.090909
7145,65,388,3,1,-0.18182
7145,65,388,4,2,0.18182
7145,65,388,5,2,-0.27273
7145,65,388,6,1,-0.36364
7145,65,388,7,2,0.45455
7145,65,388,8,1,-0.090909
7145,65,388,9,2,0.36364
7145,65,388,10,2,-0.090909
7145,65,388,11,1,0.54545
7145,65,388,12,1,0.36364
7145,65,388,13,2,-0.18182
7145,65,388,14,2,-0.18182
7145,65,388,15,1,0.45455
7145,65,388,16,1,0.090909
7145,65,388,17,1,0.45455
7145,65,388,18,1,-0.090909
7145,65,388,19,2,-0.090909
7145,65,388,20,2,0.18182
7145,65,388,21,2,-0.090909
7145,65,388,22,2,-0.36364
7145,65,388,23,2,0.18182
7145,65,388,24,1,0.54545
7145,65,388,25,1,-0.45455
7145,65,388,26,1,0.63636
7145,65,388,27,2,0.18182
7145,65,388,28,1,0.36364
7145,65,388,29,2,0.18182
7145,65,388,30,1,-0.18182
7145,65,388,31,1,0.27273
7145,65,388,32,1,0.45455
7145,65,388,33,1,0.45455
7145,65,388,34,2,-0.36364
7145,65,388,35,1,0.54545
7145,65,388,36,2,-0.090909
7145,65,388,37,2,-0.36364
7145,65,388,38,1,0.18182
7145,65,388,39,2,-0.18182
7145,65,388,40,2,-0.18182
7145,65,388,41,1,0.090909
7145,65,388,42,1,0.63636
7145,65,388,43,1,0.090909
7145,65,388,44,1,0.72727
7145,65,388,45,2,-0.090909
7145,65,388,46,1,0.54545
7145,65,388,47,1,0.18182
7145,65,388,48,2,0.090909
7145,65,388,49,2,-0.27273
7145,65,388,50,2,0.18182
7145,65,388,51,2,-0.36364
7145,65,389,1,1,-0.63636
7145,65,389,2,2,0.81818
7145,65,389,3,2,-0.81818
7145,65,389,4,1,-0.18182
7145,65,389,5,1,-0.63636
7145,65,389,6,2,0.81818
7145,65,389,7,2,-0.18182
7145,65,389,8,1,-0.36364
7145,65,389,9,1,-0.27273
7145,65,389,10,2,-0.54545
7145,65,389,11,2,-0.36364
7145,65,389,12,2,0.36364
7145,65,389,13,2,-0.45455
7145,65,389,14,2,-0.81818
7145,65,389,15,1,-0.45455
7145,65,389,16,2,0.63636
7145,65,389,17,2,0.090909
7145,65,389,18,2,-0.63636
7145,65,389,19,2,-0.63636
7145,65,389,20,1,0.27273
7145,65,389,21,2,-0.27273
7145,65,389,22,2,-0.45455
7145,65,389,23,2,0.72727
7145,65,389,24,1,-0.18182
7145,65,389,25,1,0.81818
7145,65,389,26,1,0.36364
7145,65,389,27,1,0.45455
7145,65,389,28,2,-0.81818
7145,65,389,29,2,-0.54545
7145,65,389,30,2,-0.36364
7145,65,389,31,1,0.81818
7145,65,389,32,1,-0.63636
7145,65,389,33,2,-0.45455
7145,65,389,34,2,-0.36364
7145,65,389,35,2,-0.81818
7145,65,389,36,2,-0.81818
7145,65,389,37,2,0.36364
7145,65,389,38,2,-0.45455
7145,65,389,39,2,-0.18182
7145,65,389,40,2,-0.18182
7145,65,389,41,2,-0.36364
7145,65,389,42,1,0.81818
7145,65,389,43,2,0.18182
7145,65,389,44,2,-0.18182
7145,65,389,45,1,-0.27273
7145,65,389,46,2,-0.54545
7145,65,389,47,1,0.81818
7145,65,389,48,1,-0.63636
7145,65,389,49,2,-0.45455
7145,65,389,50,2,-0.81818
7145,65,389,51,2,-0.36364
7145,65,390,1,1,0.090909
7145,65,390,2,2,0.090909
7145,65,390,3,2,0.45455
7145,65,390,4,2,-0.54545
7145,65,390,5,1,0.18182
7145,65,390,6,2,-0.45455
7145,65,390,7,1,0.090909
7145,65,390,8,2,-0.54545
7145,65,390,9,1,0.27273
7145,65,390,10,1,0.36364
7145,65,390,11,2,-0.45455
7145,65,390,12,1,0.090909
7145,65,390,13,1,0.54545
7145,65,390,14,2,-0.45455
7145,65,390,15,1,0.090909
7145,65,390,16,2,-0.18182
7145,65,390,17,1,0.36364
7145,65,390,18,2,-0.18182
7145,65,390,19,1,0.27273
7145,65,390,20,2,-0.18182
7145,65,390,21,1,0.45455
7145,65,390,22,2,-0.36364
7145,65,390,23,2,-0.54545
7145,65,390,24,1,0.45455
7145,65,390,25,1,0.54545
7145,65,390,26,2,0.090909
7145,65,390,27,1,0.18182
7145,65,390,28,2,-0.36364
7145,65,390,29,2,-0.090909
7145,65,390,30,2,-0.54545
7145,65,390,31,2,0.090909
7145,65,390,32,2,-0.18182
7145,65,390,33,2,-0.54545
7145,65,390,34,1,-0.090909
7145,65,390,35,2,-0.27273
7145,65,390,36,2,-0.45455
7145,65,390,37,1,0.72727
7145,65,390,38,2,-0.45455
7145,65,390,39,1,-0.36364
7145,65,390,40,1,0.090909
7145,65,390,41,1,0.090909
7145,65,390,42,2,-0.54545
7145,65,390,43,1,0.36364
7145,65,390,44,1,0.18182
7145,65,390,45,1,0.63636
7145,65,390,46,1,0.090909
7145,65,390,47,2,-0.54545
7145,65,390,48,1,0.27273
7145,65,390,49,2,0.090909
7145,65,390,50,1,0.090909
7145,65,390,51,2,-0.45455
7145,66,391,1,2,0.090909
7145,66,391,2,2,-0.090909
7145,66,391,3,2,-0.090909
7145,66,391,4,1,0.36364
7145,66,391,5,2,0.27273
7145,66,391,6,2,-0.72727
7145,66,391,7,2,0.18182
7145,66,391,8,2,-0.45455
7145,66,391,9,2,0.090909
7145,66,391,10,2,-0.54545
7145,66,391,11,2,-0.54545
7145,66,391,12,2,0.090909
7145,66,391,13,2,-0.27273
7145,66,391,14,1,0.090909
7145,66,391,15,1,0.27273
7145,66,391,16,1,0.090909
7145,66,391,17,2,0.45455
7145,66,391,18,1,0.090909
7145,66,391,19,1,0.18182
7145,66,391,20,2,-0.45455
7145,66,391,21,2,-0.27273
7145,66,391,22,2,-0.45455
7145,66,391,23,2,-0.27273
7145,66,391,24,2,-0.45455
7145,66,391,25,2,0.36364
7145,66,391,26,2,0.090909
7145,66,391,27,1,-0.090909
7145,66,391,28,1,0.18182
7145,66,391,29,2,-0.45455
7145,66,391,30,1,-0.090909
7145,66,391,31,1,0.18182
7145,66,391,32,1,0.090909
7145,66,391,33,1,0.090909
7145,66,391,34,1,0.090909
7145,66,391,35,2,-0.27273
7145,66,391,36,2,-0.63636
7145,66,391,37,2,0.090909
7145,66,391,38,1,-0.27273
7145,66,391,39,1,0.45455
7145,66,391,40,1,0.36364
7145,66,391,41,2,-0.36364
7145,66,391,42,2,0.36364
7145,66,391,43,2,-0.090909
7145,66,391,44,2,-0.45455
7145,66,391,45,1,0.63636
7145,66,391,46,1,0.18182
7145,66,391,47,1,-0.090909
7145,66,391,48,2,-0.18182
7145,66,391,49,1,0.45455
7145,66,391,50,2,-0.63636
7145,66,391,51,2,-0.36364
7145,66,392,1,1,-0.090909
7145,66,392,2,1,-0.63636
7145,66,392,3,2,-0.090909
7145,66,392,4,1,0.36364
7145,66,392,5,2,0.18182
7145,66,392,6,1,-0.54545
7145,66,392,7,2,0.45455
7145,66,392,8,2,-0.27273
7145,66,392,9,1,-0.36364
7145,66,392,10,1,-0.36364
7145,66,392,11,2,-0.54545
7145,66,392,12,1,0.81818
7145,66,392,13,2,0.45455
7145,66,392,14,1,0.81818
7145,66,392,15,2,0.36364
7145,66,392,16,1,-0.27273
7145,66,392,17,2,0.36364
7145,66,392,18,1,-0.090909
7145,66,392,19,1,-0.090909
7145,66,392,20,2,-0.36364
7145,66,392,21,2,-0.54545
7145,66,392,22,1,0.36364
7145,66,392,23,1,0.72727
7145,66,392,24,2,-0.45455
7145,66,392,25,1,-0.81818
7145,66,392,26,2,-0.090909
7145,66,392,27,1,0.36364
7145,66,392,28,1,0.81818
7145,66,392,29,1,0.45455
7145,66,392,30,1,0.81818
7145,66,392,31,1,0.45455
7145,66,392,32,2,-0.36364
7145,66,392,33,1,-0.36364
7145,66,392,34,1,-0.27273
7145,66,392,35,1,0.36364
7145,66,392,36,1,-0.63636
7145,66,392,37,1,0.45455
7145,66,392,38,2,0.63636
7145,66,392,39,1,0.45455
7145,66,392,40,1,0.18182
7145,66,392,41,1,0.27273
7145,66,392,42,2,-0.36364
7145,66,392,43,1,-0.54545
7145,66,392,44,2,0.18182
7145,66,392,45,1,0.81818
7145,66,392,46,2,0.090909
7145,66,392,47,2,-0.54545
7145,66,392,48,1,0.81818
7145,66,392,49,2,-0.54545
7145,66,392,50,2,-0.63636
7145,66,392,51,1,-0.090909
7145,66,393,1,1,-0.18182
7145,66,393,2,2,-0.18182
7145,66,393,3,2,-0.45455
7145,66,393,4,2,0.27273
7145,66,393,5,2,0.72727
7145,66,393,6,1,-0.36364
7145,66,393,7,1,0.45455
7145,66,393,8,1,0.54545
7145,66,393,9,1,0.72727
7145,66,393,10,1,-0.27273
7145,66,393,11,2,-0.36364
7145,66,393,12,1,0.36364
7145,66,393,13,1,0.36364
7145,66,393,14,2,-0.45455
7145,66,393,15,1,0.27273
7145,66,393,16,1,0.27273
7145,66,393,17,1,-0.36364
7145,66,393,18,2,0.54545
7145,66,393,19,1,-0.27273
7145,66,393,20,1,-0.18182
7145,66,393,21,2,-0.45455
7145,66,393,22,2,0.72727
7145,66,393,23,2,0.36364
7145,66,393,24,2,-0.18182
7145,66,393,25,2,-0.36364
7145,66,393,26,1,0.36364
7145,66,393,27,1,0.63636
7145,66,393,28,2,-0.45455
7145,66,393,29,2,-0.18182
7145,66,393,30,2,0.45455
7145,66,393,31,1,0.27273
7145,66,393,32,2,-0.45455
7145,66,393,33,2,-0.18182
7145,66,393,34,1,0.72727
7145,66,393,35,2,-0.36364
7145,66,393,36,2,0.45455
7145,66,393,37,1,-0.63636
7145,66,393,38,1,0.27273
7145,66,393,39,2,-0.27273
7145,66,393,40,1,0.090909
7145,66,393,41,1,0.54545
7145,66,393,42,2,-0.72727
7145,66,393,43,2,0.27273
7145,66,393,44,1,0.72727
7145,66,393,45,1,0.72727
7145,66,393,46,1,0.36364
7145,66,393,47,1,-0.81818
7145,66,393,48,2,0.18182
7145,66,393,49,2,-0.45455
7145,66,393,50,1,0.36364
7145,66,393,51,2,-0.36364
7145,66,394,1,2,0.18182
7145,66,394,2,2,0.090909
7145,66,394,3,1,-0.18182
7145,66,394,4,1,0.18182
7145,66,394,5,1,-0.27273
7145,66,394,6,1,-0.36364
7145,66,394,7,1,0.45455
7145,66,394,8,1,-0.090909
7145,66,394,9,2,0.36364
7145,66,394,10,2,-0.090909
7145,66,394,11,2,0.54545
7145,66,394,12,1,0.36364
7145,66,394,13,2,-0.18182
7145,66,394,14,2,-0.18182
7145,66,394,15,1,0.45455
7145,66,394,16,2,0.090909
7145,66,394,17,1,0.45455
7145,66,394,18,1,-0.090909
7145,66,394,19,2,-0.090909
7145,66,394,20,2,0.18182
7145,66,394,21,2,-0.090909
7145,66,394,22,2,-0.36364
7145,66,394,23,1,0.18182
7145,66,394,24,1,0.54545
7145,66,394,25,1,-0.45455
7145,66,394,26,1,0.63636
7145,66,394,27,2,0.18182
7145,66,394,28,1,0.36364
7145,66,394,29,1,0.18182
7145,66,394,30,2,-0.18182
7145,66,394,31,1,0.27273
7145,66,394,32,1,0.45455
7145,66,394,33,1,0.45455
7145,66,394,34,2,-0.36364
7145,66,394,35,1,0.54545
7145,66,394,36,1,-0.090909
7145,66,394,37,2,-0.36364
7145,66,394,38,1,0.18182
7145,66,394,39,2,-0.18182
7145,66,394,40,2,-0.18182
7145,66,394,41,2,0.090909
7145,66,394,42,1,0.63636
7145,66,394,43,1,0.090909
7145,66,394,44,1,0.72727
7145,66,394,45,1,-0.090909
7145,66,394,46,1,0.54545
7145,66,394,47,1,0.18182
7145,66,394,48,1,0.090909
7145,66,394,49,2,-0.27273
7145,66,394,50,1,0.18182
7145,66,394,51,2,-0.36364
7145,66,395,1,2,-0.63636
7145,66,395,2,1,0.81818
7145,66,395,3,2,-0.81818
7145,66,395,4,1,-0.18182
7145,66,395,5,2,-0.63636
7145,66,395,6,1,0.81818
7145,66,395,7,2,-0.18182
7145,66,395,8,2,-0.36364
7145,66,395,9,1,-0.27273
7145,66,395,10,2,-0.54545
7145,66,395,11,2,-0.36364
7145,66,395,12,2,0.36364
7145,66,395,13,1,-0.45455
7145,66,395,14,2,-0.81818
7145,66,395,15,2,-0.45455
7145,66,395,16,2,0.63636
7145,66,395,17,1,0.090909
7145,66,395,18,2,-0.63636
7145,66,395,19,2,-0.63636
7145,66,395,20,2,0.27273
7145,66,395,21,2,-0.27273
7145,66,395,22,2,-0.45455
7145,66,395,23,2,0.72727
7145,66,395,24,1,-0.18182
7145,66,395,25,1,0.81818
7145,66,395,26,2,0.36364
7145,66,395,27,2,0.45455
7145,66,395,28,1,-0.81818
7145,66,395,29,2,-0.54545
7145,66,395,30,2,-0.36364
7145,66,395,31,1,0.81818
7145,66,395,32,2,-0.63636
7145,66,395,33,2,-0.45455
7145,66,395,34,2,-0.36364
7145,66,395,35,2,-0.81818
7145,66,395,36,2,-0.81818
7145,66,395,37,2,0.36364
7145,66,395,38,2,-0.45455
7145,66,395,39,2,-0.18182
7145,66,395,40,2,-0.18182
7145,66,395,41,2,-0.36364
7145,66,395,42,1,0.81818
7145,66,395,43,2,0.18182
7145,66,395,44,2,-0.18182
7145,66,395,45,2,-0.27273
7145,66,395,46,2,-0.54545
7145,66,395,47,1,0.81818
7145,66,395,48,2,-0.63636
7145,66,395,49,2,-0.45455
7145,66,395,50,2,-0.81818
7145,66,395,51,2,-0.36364
7145,66,396,1,2,0.090909
7145,66,396,2,2,0.090909
7145,66,396,3,2,0.45455
7145,66,396,4,1,-0.54545
7145,66,396,5,2,0.18182
7145,66,396,6,2,-0.45455
7145,66,396,7,2,0.090909
7145,66,396,8,2,-0.54545
7145,66,396,9,1,0.27273
7145,66,396,10,1,0.36364
7145,66,396,11,2,-0.45455
7145,66,396,12,1,0.090909
7145,66,396,13,1,0.54545
7145,66,396,14,2,-0.45455
7145,66,396,15,1,0.090909
7145,66,396,16,1,-0.18182
7145,66,396,17,1,0.36364
7145,66,396,18,1,-0.18182
7145,66,396,19,1,0.27273
7145,66,396,20,1,-0.18182
7145,66,396,21,1,0.45455
7145,66,396,22,2,-0.36364
7145,66,396,23,2,-0.54545
7145,66,396,24,1,0.45455
7145,66,396,25,1,0.54545
7145,66,396,26,2,0.090909
7145,66,396,27,1,0.18182
7145,66,396,28,2,-0.36364
7145,66,396,29,1,-0.090909
7145,66,396,30,2,-0.54545
7145,66,396,31,2,0.090909
7145,66,396,32,2,-0.18182
7145,66,396,33,2,-0.54545
7145,66,396,34,2,-0.090909
7145,66,396,35,2,-0.27273
7145,66,396,36,2,-0.45455
7145,66,396,37,1,0.72727
7145,66,396,38,2,-0.45455
7145,66,396,39,2,-0.36364
7145,66,396,40,1,0.090909
7145,66,396,41,2,0.090909
7145,66,396,42,2,-0.54545
7145,66,396,43,1,0.36364
7145,66,396,44,1,0.18182
7145,66,396,45,1,0.63636
7145,66,396,46,2,0.090909
7145,66,396,47,2,-0.54545
7145,66,396,48,1,0.27273
7145,66,396,49,1,0.090909
7145,66,396,50,1,0.090909
7145,66,396,51,2,-0.45455
7145,67,397,1,1,0.090909
7145,67,397,2,2,-0.090909
7145,67,397,3,2,-0.090909
7145,67,397,4,1,0.36364
7145,67,397,5,2,0.27273
7145,67,397,6,2,-0.72727
7145,67,397,7,1,0.18182
7145,67,397,8,2,-0.45455
7145,67,397,9,2,0.090909
7145,67,397,10,2,-0.54545
7145,67,397,11,2,-0.54545
7145,67,397,12,1,0.090909
7145,67,397,13,2,-0.27273
7145,67,397,14,2,0.090909
7145,67,397,15,2,0.27273
7145,67,397,16,1,0.090909
7145,67,397,17,1,0.45455
7145,67,397,18,1,0.090909
7145,67,397,19,1,0.18182
7145,67,397,20,2,-0.45455
7145,67,397,21,2,-0.27273
7145,67,397,22,2,-0.45455
7145,67,397,23,2,-0.27273
7145,67,397,24,2,-0.45455
7145,67,397,25,1,0.36364
7145,67,397,26,2,0.090909
7145,67,397,27,2,-0.090909
7145,67,397,28,1,0.18182
7145,67,397,29,2,-0.45455
7145,67,397,30,2,-0.090909
7145,67,397,31,1,0.18182
7145,67,397,32,1,0.090909
7145,67,397,33,2,0.090909
7145,67,397,34,2,0.090909
7145,67,397,35,2,-0.27273
7145,67,397,36,2,-0.63636
7145,67,397,37,2,0.090909
7145,67,397,38,1,-0.27273
7145,67,397,39,1,0.45455
7145,67,397,40,1,0.36364
7145,67,397,41,2,-0.36364
7145,67,397,42,1,0.36364
7145,67,397,43,2,-0.090909
7145,67,397,44,2,-0.45455
7145,67,397,45,1,0.63636
7145,67,397,46,1,0.18182
7145,67,397,47,2,-0.090909
7145,67,397,48,2,-0.18182
7145,67,397,49,1,0.45455
7145,67,397,50,2,-0.63636
7145,67,397,51,2,-0.36364
7145,67,398,1,1,-0.090909
7145,67,398,2,1,-0.63636
7145,67,398,3,1,-0.090909
7145,67,398,4,1,0.36364
7145,67,398,5,1,0.18182
7145,67,398,6,2,-0.54545
7145,67,398,7,2,0.45455
7145,67,398,8,2,-0.27273
7145,67,398,9,1,-0.36364
7145,67,398,10,2,-0.36364
7145,67,398,11,2,-0.54545
7145,67,398,12,1,0.81818
7145,67,398,13,1,0.45455
7145,67,398,14,1,0.81818
7145,67,398,15,2,0.36364
7145,67,398,16,1,-0.27273
7145,67,398,17,1,0.36364
7145,67,398,18,1,-0.090909
7145,67,398,19,1,-0.090909
7145,67,398,20,2,-0.36364
7145,67,398,21,2,-0.54545
7145,67,398,22,1,0.36364
7145,67,398,23,2,0.72727
7145,67,398,24,1,-0.45455
7145,67,398,25,2,-0.81818
7145,67,398,26,2,-0.090909
7145,67,398,27,1,0.36364
7145,67,398,28,2,0.81818
7145,67,398,29,1,0.45455
7145,67,398,30,1,0.81818
7145,67,398,31,1,0.45455
7145,67,398,32,1,-0.36364
7145,67,398,33,2,-0.36364
7145,67,398,34,1,-0.27273
7145,67,398,35,1,0.36364
7145,67,398,36,2,-0.63636
7145,67,398,37,1,0.45455
7145,67,398,38,1,0.63636
7145,67,398,39,1,0.45455
7145,67,398,40,1,0.18182
7145,67,398,41,1,0.27273
7145,67,398,42,2,-0.36364
7145,67,398,43,2,-0.54545
7145,67,398,44,1,0.18182
7145,67,398,45,1,0.81818
7145,67,398,46,1,0.090909
7145,67,398,47,2,-0.54545
7145,67,398,48,1,0.81818
7145,67,398,49,2,-0.54545
7145,67,398,50,2,-0.63636
7145,67,398,51,1,-0.090909
7145,67,399,1,1,-0.18182
7145,67,399,2,2,-0.18182
7145,67,399,3,2,-0.45455
7145,67,399,4,2,0.27273
7145,67,399,5,2,0.72727
7145,67,399,6,2,-0.36364
7145,67,399,7,2,0.45455
7145,67,399,8,1,0.54545
7145,67,399,9,1,0.72727
7145,67,399,10,1,-0.27273
7145,67,399,11,1,-0.36364
7145,67,399,12,2,0.36364
7145,67,399,13,2,0.36364
7145,67,399,14,1,-0.45455
7145,67,399,15,2,0.27273
7145,67,399,16,1,0.27273
7145,67,399,17,2,-0.36364
7145,67,399,18,1,0.54545
7145,67,399,19,1,-0.27273
7145,67,399,20,2,-0.18182
7145,67,399,21,1,-0.45455
7145,67,399,22,1,0.72727
7145,67,399,23,1,0.36364
7145,67,399,24,2,-0.18182
7145,67,399,25,2,-0.36364
7145,67,399,26,2,0.36364
7145,67,399,27,1,0.63636
7145,67,399,28,1,-0.45455
7145,67,399,29,2,-0.18182
7145,67,399,30,2,0.45455
7145,67,399,31,1,0.27273
7145,67,399,32,2,-0.45455
7145,67,399,33,2,-0.18182
7145,67,399,34,1,0.72727
7145,67,399,35,2,-0.36364
7145,67,399,36,1,0.45455
7145,67,399,37,1,-0.63636
7145,67,399,38,1,0.27273
7145,67,399,39,1,-0.27273
7145,67,399,40,1,0.090909
7145,67,399,41,1,0.54545
7145,67,399,42,1,-0.72727
7145,67,399,43,1,0.27273
7145,67,399,44,1,0.72727
7145,67,399,45,1,0.72727
7145,67,399,46,2,0.36364
7145,67,399,47,1,-0.81818
7145,67,399,48,2,0.18182
7145,67,399,49,2,-0.45455
7145,67,399,50,1,0.36364
7145,67,399,51,2,-0.36364
7145,67,400,1,2,0.18182
7145,67,400,2,1,0.090909
7145,67,400,3,2,-0.18182
7145,67,400,4,1,0.18182
7145,67,400,5,2,-0.27273
7145,67,400,6,2,-0.36364
7145,67,400,7,2,0.45455
7145,67,400,8,2,-0.090909
7145,67,400,9,1,0.36364
7145,67,400,10,1,-0.090909
7145,67,400,11,2,0.54545
7145,67,400,12,1,0.36364
7145,67,400,13,1,-0.18182
7145,67,400,14,2,-0.18182
7145,67,400,15,1,0.45455
7145,67,400,16,2,0.090909
7145,67,400,17,1,0.45455
7145,67,400,18,1,-0.090909
7145,67,400,19,1,-0.090909
7145,67,400,20,2,0.18182
7145,67,400,21,2,-0.090909
7145,67,400,22,2,-0.36364
7145,67,400,23,2,0.18182
7145,67,400,24,1,0.54545
7145,67,400,25,2,-0.45455
7145,67,400,26,1,0.63636
7145,67,400,27,1,0.18182
7145,67,400,28,1,0.36364
7145,67,400,29,2,0.18182
7145,67,400,30,2,-0.18182
7145,67,400,31,1,0.27273
7145,67,400,32,1,0.45455
7145,67,400,33,1,0.45455
7145,67,400,34,1,-0.36364
7145,67,400,35,1,0.54545
7145,67,400,36,2,-0.090909
7145,67,400,37,1,-0.36364
7145,67,400,38,1,0.18182
7145,67,400,39,2,-0.18182
7145,67,400,40,2,-0.18182
7145,67,400,41,1,0.090909
7145,67,400,42,1,0.63636
7145,67,400,43,2,0.090909
7145,67,400,44,1,0.72727
7145,67,400,45,1,-0.090909
7145,67,400,46,1,0.54545
7145,67,400,47,1,0.18182
7145,67,400,48,1,0.090909
7145,67,400,49,2,-0.27273
7145,67,400,50,1,0.18182
7145,67,400,51,1,-0.36364
7145,67,401,1,2,-0.63636
7145,67,401,2,2,0.81818
7145,67,401,3,2,-0.81818
7145,67,401,4,2,-0.18182
7145,67,401,5,2,-0.63636
7145,67,401,6,1,0.81818
7145,67,401,7,2,-0.18182
7145,67,401,8,1,-0.36364
7145,67,401,9,2,-0.27273
7145,67,401,10,1,-0.54545
7145,67,401,11,2,-0.36364
7145,67,401,12,2,0.36364
7145,67,401,13,2,-0.45455
7145,67,401,14,2,-0.81818
7145,67,401,15,2,-0.45455
7145,67,401,16,2,0.63636
7145,67,401,17,1,0.090909
7145,67,401,18,2,-0.63636
7145,67,401,19,2,-0.63636
7145,67,401,20,1,0.27273
7145,67,401,21,1,-0.27273
7145,67,401,22,2,-0.45455
7145,67,401,23,2,0.72727
7145,67,401,24,2,-0.18182
7145,67,401,25,2,0.81818
7145,67,401,26,1,0.36364
7145,67,401,27,2,0.45455
7145,67,401,28,2,-0.81818
7145,67,401,29,2,-0.54545
7145,67,401,30,2,-0.36364
7145,67,401,31,1,0.81818
7145,67,401,32,2,-0.63636
7145,67,401,33,2,-0.45455
7145,67,401,34,2,-0.36364
7145,67,401,35,2,-0.81818
7145,67,401,36,2,-0.81818
7145,67,401,37,2,0.36364
7145,67,401,38,2,-0.45455
7145,67,401,39,2,-0.18182
7145,67,401,40,2,-0.18182
7145,67,401,41,2,-0.36364
7145,67,401,42,1,0.81818
7145,67,401,43,2,0.18182
7145,67,401,44,2,-0.18182
7145,67,401,45,2,-0.27273
7145,67,401,46,2,-0.54545
7145,67,401,47,1,0.81818
7145,67,401,48,2,-0.63636
7145,67,401,49,2,-0.45455
7145,67,401,50,2,-0.81818
7145,67,401,51,2,-0.36364
7145,67,402,1,2,0.090909
7145,67,402,2,2,0.090909
7145,67,402,3,1,0.45455
7145,67,402,4,2,-0.54545
7145,67,402,5,1,0.18182
7145,67,402,6,2,-0.45455
7145,67,402,7,2,0.090909
7145,67,402,8,2,-0.54545
7145,67,402,9,1,0.27273
7145,67,402,10,2,0.36364
7145,67,402,11,2,-0.45455
7145,67,402,12,2,0.090909
7145,67,402,13,1,0.54545
7145,67,402,14,2,-0.45455
7145,67,402,15,2,0.090909
7145,67,402,16,1,-0.18182
7145,67,402,17,1,0.36364
7145,67,402,18,2,-0.18182
7145,67,402,19,1,0.27273
7145,67,402,20,1,-0.18182
7145,67,402,21,1,0.45455
7145,67,402,22,2,-0.36364
7145,67,402,23,2,-0.54545
7145,67,402,24,1,0.45455
7145,67,402,25,1,0.54545
7145,67,402,26,1,0.090909
7145,67,402,27,1,0.18182
7145,67,402,28,2,-0.36364
7145,67,402,29,2,-0.090909
7145,67,402,30,2,-0.54545
7145,67,402,31,1,0.090909
7145,67,402,32,2,-0.18182
7145,67,402,33,2,-0.54545
7145,67,402,34,2,-0.090909
7145,67,402,35,2,-0.27273
7145,67,402,36,2,-0.45455
7145,67,402,37,1,0.72727
7145,67,402,38,2,-0.45455
7145,67,402,39,2,-0.36364
7145,67,402,40,1,0.090909
7145,67,402,41,2,0.090909
7145,67,402,42,2,-0.54545
7145,67,402,43,1,0.36364
7145,67,402,44,1,0.18182
7145,67,402,45,1,0.63636
7145,67,402,46,1,0.090909
7145,67,402,47,2,-0.54545
7145,67,402,48,1,0.27273
7145,67,402,49,1,0.090909
7145,67,402,50,2,0.090909
7145,67,402,51,2,-0.45455
7145,68,403,1,1,0.090909
7145,68,403,2,2,-0.090909
7145,68,403,3,1,-0.090909
7145,68,403,4,2,0.36364
7145,68,403,5,2,0.27273
7145,68,403,6,2,-0.72727
7145,68,403,7,2,0.18182
7145,68,403,8,1,-0.45455
7145,68,403,9,1,0.090909
7145,68,403,10,2,-0.54545
7145,68,403,11,2,-0.54545
7145,68,403,12,1,0.090909
7145,68,403,13,1,-0.27273
7145,68,403,14,2,0.090909
7145,68,403,15,2,0.27273
7145,68,403,16,1,0.090909
7145,68,403,17,1,0.45455
7145,68,403,18,1,0.090909
7145,68,403,19,2,0.18182
7145,68,403,20,2,-0.45455
7145,68,403,21,2,-0.27273
7145,68,403,22,2,-0.45455
7145,68,403,23,2,-0.27273
7145,68,403,24,2,-0.45455
7145,68,403,25,1,0.36364
7145,68,403,26,1,0.090909
7145,68,403,27,1,-0.090909
7145,68,403,28,1,0.18182
7145,68,403,29,2,-0.45455
7145,68,403,30,2,-0.090909
7145,68,403,31,1,0.18182
7145,68,403,32,1,0.090909
7145,68,403,33,1,0.090909
7145,68,403,34,1,0.090909
7145,68,403,35,2,-0.27273
7145,68,403,36,2,-0.63636
7145,68,403,37,1,0.090909
7145,68,403,38,1,-0.27273
7145,68,403,39,1,0.45455
7145,68,403,40,1,0.36364
7145,68,403,41,2,-0.36364
7145,68,403,42,1,0.36364
7145,68,403,43,1,-0.090909
7145,68,403,44,2,-0.45455
7145,68,403,45,1,0.63636
7145,68,403,46,1,0.18182
7145,68,403,47,2,-0.090909
7145,68,403,48,1,-0.18182
7145,68,403,49,1,0.45455
7145,68,403,50,2,-0.63636
7145,68,403,51,2,-0.36364
7145,68,404,1,2,-0.090909
7145,68,404,2,2,-0.63636
7145,68,404,3,2,-0.090909
7145,68,404,4,2,0.36364
7145,68,404,5,1,0.18182
7145,68,404,6,1,-0.54545
7145,68,404,7,2,0.45455
7145,68,404,8,1,-0.27273
7145,68,404,9,2,-0.36364
7145,68,404,10,2,-0.36364
7145,68,404,11,2,-0.54545
7145,68,404,12,1,0.81818
7145,68,404,13,2,0.45455
7145,68,404,14,1,0.81818
7145,68,404,15,2,0.36364
7145,68,404,16,1,-0.27273
7145,68,404,17,2,0.36364
7145,68,404,18,2,-0.090909
7145,68,404,19,2,-0.090909
7145,68,404,20,2,-0.36364
7145,68,404,21,2,-0.54545
7145,68,404,22,1,0.36364
7145,68,404,23,1,0.72727
7145,68,404,24,2,-0.45455
7145,68,404,25,1,-0.81818
7145,68,404,26,2,-0.090909
7145,68,404,27,1,0.36364
7145,68,404,28,1,0.81818
7145,68,404,29,1,0.45455
7145,68,404,30,1,0.81818
7145,68,404,31,1,0.45455
7145,68,404,32,2,-0.36364
7145,68,404,33,2,-0.36364
7145,68,404,34,1,-0.27273
7145,68,404,35,1,0.36364
7145,68,404,36,1,-0.63636
7145,68,404,37,2,0.45455
7145,68,404,38,2,0.63636
7145,68,404,39,1,0.45455
7145,68,404,40,2,0.18182
7145,68,404,41,2,0.27273
7145,68,404,42,1,-0.36364
7145,68,404,43,1,-0.54545
7145,68,404,44,2,0.18182
7145,68,404,45,1,0.81818
7145,68,404,46,1,0.090909
7145,68,404,47,2,-0.54545
7145,68,404,48,1,0.81818
7145,68,404,49,2,-0.54545
7145,68,404,50,2,-0.63636
7145,68,404,51,1,-0.090909
7145,68,405,1,1,-0.18182
7145,68,405,2,2,-0.18182
7145,68,405,3,2,-0.45455
7145,68,405,4,2,0.27273
7145,68,405,5,2,0.72727
7145,68,405,6,1,-0.36364
7145,68,405,7,2,0.45455
7145,68,405,8,2,0.54545
7145,68,405,9,1,0.72727
7145,68,405,10,1,-0.27273
7145,68,405,11,2,-0.36364
7145,68,405,12,1,0.36364
7145,68,405,13,1,0.36364
7145,68,405,14,2,-0.45455
7145,68,405,15,1,0.27273
7145,68,405,16,1,0.27273
7145,68,405,17,2,-0.36364
7145,68,405,18,2,0.54545
7145,68,405,19,1,-0.27273
7145,68,405,20,2,-0.18182
7145,68,405,21,2,-0.45455
7145,68,405,22,1,0.72727
7145,68,405,23,1,0.36364
7145,68,405,24,2,-0.18182
7145,68,405,25,2,-0.36364
7145,68,405,26,1,0.36364
7145,68,405,27,2,0.63636
7145,68,405,28,1,-0.45455
7145,68,405,29,2,-0.18182
7145,68,405,30,2,0.45455
7145,68,405,31,1,0.27273
7145,68,405,32,2,-0.45455
7145,68,405,33,2,-0.18182
7145,68,405,34,1,0.72727
7145,68,405,35,1,-0.36364
7145,68,405,36,1,0.45455
7145,68,405,37,1,-0.63636
7145,68,405,38,1,0.27273
7145,68,405,39,2,-0.27273
7145,68,405,40,1,0.090909
7145,68,405,41,1,0.54545
7145,68,405,42,1,-0.72727
7145,68,405,43,2,0.27273
7145,68,405,44,1,0.72727
7145,68,405,45,1,0.72727
7145,68,405,46,1,0.36364
7145,68,405,47,1,-0.81818
7145,68,405,48,2,0.18182
7145,68,405,49,2,-0.45455
7145,68,405,50,1,0.36364
7145,68,405,51,2,-0.36364
7145,68,406,1,2,0.18182
7145,68,406,2,1,0.090909
7145,68,406,3,2,-0.18182
7145,68,406,4,2,0.18182
7145,68,406,5,2,-0.27273
7145,68,406,6,2,-0.36364
7145,68,406,7,1,0.45455
7145,68,406,8,1,-0.090909
7145,68,406,9,2,0.36364
7145,68,406,10,1,-0.090909
7145,68,406,11,2,0.54545
7145,68,406,12,1,0.36364
7145,68,406,13,2,-0.18182
7145,68,406,14,2,-0.18182
7145,68,406,15,1,0.45455
7145,68,406,16,2,0.090909
7145,68,406,17,1,0.45455
7145,68,406,18,1,-0.090909
7145,68,406,19,2,-0.090909
7145,68,406,20,1,0.18182
7145,68,406,21,1,-0.090909
7145,68,406,22,1,-0.36364
7145,68,406,23,2,0.18182
7145,68,406,24,1,0.54545
7145,68,406,25,1,-0.45455
7145,68,406,26,1,0.63636
7145,68,406,27,2,0.18182
7145,68,406,28,1,0.36364
7145,68,406,29,1,0.18182
7145,68,406,30,2,-0.18182
7145,68,406,31,1,0.27273
7145,68,406,32,1,0.45455
7145,68,406,33,1,0.45455
7145,68,406,34,2,-0.36364
7145,68,406,35,1,0.54545
7145,68,406,36,2,-0.090909
7145,68,406,37,2,-0.36364
7145,68,406,38,1,0.18182
7145,68,406,39,1,-0.18182
7145,68,406,40,2,-0.18182
7145,68,406,41,2,0.090909
7145,68,406,42,1,0.63636
7145,68,406,43,1,0.090909
7145,68,406,44,1,0.72727
7145,68,406,45,2,-0.090909
7145,68,406,46,1,0.54545
7145,68,406,47,2,0.18182
7145,68,406,48,1,0.090909
7145,68,406,49,2,-0.27273
7145,68,406,50,1,0.18182
7145,68,406,51,2,-0.36364
7145,68,407,1,2,-0.63636
7145,68,407,2,2,0.81818
7145,68,407,3,1,-0.81818
7145,68,407,4,2,-0.18182
7145,68,407,5,2,-0.63636
7145,68,407,6,2,0.81818
7145,68,407,7,2,-0.18182
7145,68,407,8,1,-0.36364
7145,68,407,9,1,-0.27273
7145,68,407,10,1,-0.54545
7145,68,407,11,2,-0.36364
7145,68,407,12,2,0.36364
7145,68,407,13,2,-0.45455
7145,68,407,14,2,-0.81818
7145,68,407,15,2,-0.45455
7145,68,407,16,1,0.63636
7145,68,407,17,2,0.090909
7145,68,407,18,2,-0.63636
7145,68,407,19,2,-0.63636
7145,68,407,20,2,0.27273
7145,68,407,21,2,-0.27273
7145,68,407,22,2,-0.45455
7145,68,407,23,2,0.72727
7145,68,407,24,2,-0.18182
7145,68,407,25,1,0.81818
7145,68,407,26,1,0.36364
7145,68,407,27,1,0.45455
7145,68,407,28,2,-0.81818
7145,68,407,29,2,-0.54545
7145,68,407,30,2,-0.36364
7145,68,407,31,1,0.81818
7145,68,407,32,1,-0.63636
7145,68,407,33,2,-0.45455
7145,68,407,34,2,-0.36364
7145,68,407,35,2,-0.81818
7145,68,407,36,2,-0.81818
7145,68,407,37,2,0.36364
7145,68,407,38,2,-0.45455
7145,68,407,39,2,-0.18182
7145,68,407,40,2,-0.18182
7145,68,407,41,2,-0.36364
7145,68,407,42,1,0.81818
7145,68,407,43,2,0.18182
7145,68,407,44,2,-0.18182
7145,68,407,45,2,-0.27273
7145,68,407,46,2,-0.54545
7145,68,407,47,1,0.81818
7145,68,407,48,1,-0.63636
7145,68,407,49,2,-0.45455
7145,68,407,50,2,-0.81818
7145,68,407,51,2,-0.36364
7145,68,408,1,2,0.090909
7145,68,408,2,2,0.090909
7145,68,408,3,2,0.45455
7145,68,408,4,2,-0.54545
7145,68,408,5,1,0.18182
7145,68,408,6,2,-0.45455
7145,68,408,7,1,0.090909
7145,68,408,8,2,-0.54545
7145,68,408,9,1,0.27273
7145,68,408,10,1,0.36364
7145,68,408,11,2,-0.45455
7145,68,408,12,1,0.090909
7145,68,408,13,1,0.54545
7145,68,408,14,2,-0.45455
7145,68,408,15,1,0.090909
7145,68,408,16,1,-0.18182
7145,68,408,17,1,0.36364
7145,68,408,18,2,-0.18182
7145,68,408,19,1,0.27273
7145,68,408,20,1,-0.18182
7145,68,408,21,1,0.45455
7145,68,408,22,2,-0.36364
7145,68,408,23,2,-0.54545
7145,68,408,24,1,0.45455
7145,68,408,25,1,0.54545
7145,68,408,26,2,0.090909
7145,68,408,27,1,0.18182
7145,68,408,28,2,-0.36364
7145,68,408,29,2,-0.090909
7145,68,408,30,2,-0.54545
7145,68,408,31,2,0.090909
7145,68,408,32,2,-0.18182
7145,68,408,33,2,-0.54545
7145,68,408,34,2,-0.090909
7145,68,408,35,2,-0.27273
7145,68,408,36,2,-0.45455
7145,68,408,37,1,0.72727
7145,68,408,38,2,-0.45455
7145,68,408,39,2,-0.36364
7145,68,408,40,1,0.090909
7145,68,408,41,1,0.090909
7145,68,408,42,2,-0.54545
7145,68,408,43,1,0.36364
7145,68,408,44,1,0.18182
7145,68,408,45,1,0.63636
7145,68,408,46,1,0.090909
7145,68,408,47,2,-0.54545
7145,68,408,48,1,0.27273
7145,68,408,49,2,0.090909
7145,68,408,50,2,0.090909
7145,68,408,51,2,-0.45455
7145,69,409,1,2,0.090909
7145,69,409,2,2,-0.090909
7145,69,409,3,2,-0.090909
7145,69,409,4,2,0.36364
7145,69,409,5,2,0.27273
7145,69,409,6,2,-0.72727
7145,69,409,7,1,0.18182
7145,69,409,8,2,-0.45455
7145,69,409,9,2,0.090909
7145,69,409,10,2,-0.54545
7145,69,409,11,2,-0.54545
7145,69,409,12,2,0.090909
7145,69,409,13,2,-0.27273
7145,69,409,14,1,0.090909
7145,69,409,15,2,0.27273
7145,69,409,16,1,0.090909
7145,69,409,17,2,0.45455
7145,69,409,18,1,0.090909
7145,69,409,19,1,0.18182
7145,69,409,20,2,-0.45455
7145,69,409,21,2,-0.27273
7145,69,409,22,2,-0.45455
7145,69,409,23,2,-0.27273
7145,69,409,24,2,-0.45455
7145,69,409,25,1,0.36364
7145,69,409,26,1,0.090909
7145,69,409,27,1,-0.090909
7145,69,409,28,1,0.18182
7145,69,409,29,2,-0.45455
7145,69,409,30,2,-0.090909
7145,69,409,31,1,0.18182
7145,69,409,32,2,0.090909
7145,69,409,33,2,0.090909
7145,69,409,34,1,0.090909
7145,69,409,35,2,-0.27273
7145,69,409,36,2,-0.63636
7145,69,409,37,2,0.090909
7145,69,409,38,1,-0.27273
7145,69,409,39,1,0.45455
7145,69,409,40,1,0.36364
7145,69,409,41,2,-0.36364
7145,69,409,42,1,0.36364
7145,69,409,43,2,-0.090909
7145,69,409,44,2,-0.45455
7145,69,409,45,1,0.63636
7145,69,409,46,1,0.18182
7145,69,409,47,1,-0.090909
7145,69,409,48,2,-0.18182
7145,69,409,49,1,0.45455
7145,69,409,50,2,-0.63636
7145,69,409,51,2,-0.36364
7145,69,410,1,2,-0.090909
7145,69,410,2,1,-0.63636
7145,69,410,3,1,-0.090909
7145,69,410,4,2,0.36364
7145,69,410,5,1,0.18182
7145,69,410,6,1,-0.54545
7145,69,410,7,2,0.45455
7145,69,410,8,2,-0.27273
7145,69,410,9,2,-0.36364
7145,69,410,10,2,-0.36364
7145,69,410,11,2,-0.54545
7145,69,410,12,2,0.81818
7145,69,410,13,2,0.45455
7145,69,410,14,1,0.81818
7145,69,410,15,1,0.36364
7145,69,410,16,1,-0.27273
7145,69,410,17,1,0.36364
7145,69,410,18,1,-0.090909
7145,69,410,19,1,-0.090909
7145,69,410,20,1,-0.36364
7145,69,410,21,1,-0.54545
7145,69,410,22,2,0.36364
7145,69,410,23,1,0.72727
7145,69,410,24,2,-0.45455
7145,69,410,25,2,-0.81818
7145,69,410,26,2,-0.090909
7145,69,410,27,1,0.36364
7145,69,410,28,1,0.81818
7145,69,410,29,1,0.45455
7145,69,410,30,1,0.81818
7145,69,410,31,1,0.45455
7145,69,410,32,1,-0.36364
7145,69,410,33,2,-0.36364
7145,69,410,34,2,-0.27273
7145,69,410,35,1,0.36364
7145,69,410,36,2,-0.63636
7145,69,410,37,2,0.45455
7145,69,410,38,1,0.63636
7145,69,410,39,1,0.45455
7145,69,410,40,1,0.18182
7145,69,410,41,1,0.27273
7145,69,410,42,2,-0.36364
7145,69,410,43,2,-0.54545
7145,69,410,44,1,0.18182
7145,69,410,45,1,0.81818
7145,69,410,46,1,0.090909
7145,69,410,47,2,-0.54545
7145,69,410,48,1,0.81818
7145,69,410,49,2,-0.54545
7145,69,410,50,2,-0.63636
7145,69,410,51,1,-0.090909
7145,69,411,1,2,-0.18182
7145,69,411,2,2,-0.18182
7145,69,411,3,1,-0.45455
7145,69,411,4,2,0.27273
7145,69,411,5,1,0.72727
7145,69,411,6,2,-0.36364
7145,69,411,7,1,0.45455
7145,69,411,8,2,0.54545
7145,69,411,9,1,0.72727
7145,69,411,10,1,-0.27273
7145,69,411,11,1,-0.36364
7145,69,411,12,1,0.36364
7145,69,411,13,1,0.36364
7145,69,411,14,2,-0.45455
7145,69,411,15,1,0.27273
7145,69,411,16,1,0.27273
7145,69,411,17,2,-0.36364
7145,69,411,18,2,0.54545
7145,69,411,19,1,-0.27273
7145,69,411,20,2,-0.18182
7145,69,411,21,2,-0.45455
7145,69,411,22,1,0.72727
7145,69,411,23,1,0.36364
7145,69,411,24,2,-0.18182
7145,69,411,25,1,-0.36364
7145,69,411,26,1,0.36364
7145,69,411,27,2,0.63636
7145,69,411,28,1,-0.45455
7145,69,411,29,2,-0.18182
7145,69,411,30,1,0.45455
7145,69,411,31,1,0.27273
7145,69,411,32,2,-0.45455
7145,69,411,33,2,-0.18182
7145,69,411,34,1,0.72727
7145,69,411,35,2,-0.36364
7145,69,411,36,1,0.45455
7145,69,411,37,1,-0.63636
7145,69,411,38,1,0.27273
7145,69,411,39,2,-0.27273
7145,69,411,40,2,0.090909
7145,69,411,41,2,0.54545
7145,69,411,42,2,-0.72727
7145,69,411,43,1,0.27273
7145,69,411,44,1,0.72727
7145,69,411,45,1,0.72727
7145,69,411,46,1,0.36364
7145,69,411,47,1,-0.81818
7145,69,411,48,2,0.18182
7145,69,411,49,2,-0.45455
7145,69,411,50,1,0.36364
7145,69,411,51,1,-0.36364
7145,69,412,1,2,0.18182
7145,69,412,2,1,0.090909
7145,69,412,3,2,-0.18182
7145,69,412,4,2,0.18182
7145,69,412,5,2,-0.27273
7145,69,412,6,1,-0.36364
7145,69,412,7,2,0.45455
7145,69,412,8,2,-0.090909
7145,69,412,9,1,0.36364
7145,69,412,10,1,-0.090909
7145,69,412,11,1,0.54545
7145,69,412,12,1,0.36364
7145,69,412,13,2,-0.18182
7145,69,412,14,2,-0.18182
7145,69,412,15,1,0.45455
7145,69,412,16,1,0.090909
7145,69,412,17,1,0.45455
7145,69,412,18,1,-0.090909
7145,69,412,19,2,-0.090909
7145,69,412,20,2,0.18182
7145,69,412,21,1,-0.090909
7145,69,412,22,2,-0.36364
7145,69,412,23,2,0.18182
7145,69,412,24,1,0.54545
7145,69,412,25,2,-0.45455
7145,69,412,26,1,0.63636
7145,69,412,27,2,0.18182
7145,69,412,28,1,0.36364
7145,69,412,29,1,0.18182
7145,69,412,30,1,-0.18182
7145,69,412,31,1,0.27273
7145,69,412,32,1,0.45455
7145,69,412,33,1,0.45455
7145,69,412,34,2,-0.36364
7145,69,412,35,1,0.54545
7145,69,412,36,2,-0.090909
7145,69,412,37,2,-0.36364
7145,69,412,38,1,0.18182
7145,69,412,39,2,-0.18182
7145,69,412,40,2,-0.18182
7145,69,412,41,2,0.090909
7145,69,412,42,1,0.63636
7145,69,412,43,2,0.090909
7145,69,412,44,1,0.72727
7145,69,412,45,1,-0.090909
7145,69,412,46,1,0.54545
7145,69,412,47,2,0.18182
7145,69,412,48,2,0.090909
7145,69,412,49,2,-0.27273
7145,69,412,50,1,0.18182
7145,69,412,51,2,-0.36364
7145,69,413,1,2,-0.63636
7145,69,413,2,2,0.81818
7145,69,413,3,2,-0.81818
7145,69,413,4,2,-0.18182
7145,69,413,5,2,-0.63636
7145,69,413,6,2,0.81818
7145,69,413,7,2,-0.18182
7145,69,413,8,2,-0.36364
7145,69,413,9,1,-0.27273
7145,69,413,10,1,-0.54545
7145,69,413,11,2,-0.36364
7145,69,413,12,1,0.36364
7145,69,413,13,1,-0.45455
7145,69,413,14,2,-0.81818
7145,69,413,15,2,-0.45455
7145,69,413,16,2,0.63636
7145,69,413,17,1,0.090909
7145,69,413,18,1,-0.63636
7145,69,413,19,2,-0.63636
7145,69,413,20,2,0.27273
7145,69,413,21,2,-0.27273
7145,69,413,22,2,-0.45455
7145,69,413,23,2,0.72727
7145,69,413,24,2,-0.18182
7145,69,413,25,1,0.81818
7145,69,413,26,2,0.36364
7145,69,413,27,1,0.45455
7145,69,413,28,2,-0.81818
7145,69,413,29,1,-0.54545
7145,69,413,30,2,-0.36364
7145,69,413,31,1,0.81818
7145,69,413,32,1,-0.63636
7145,69,413,33,2,-0.45455
7145,69,413,34,2,-0.36364
7145,69,413,35,2,-0.81818
7145,69,413,36,2,-0.81818
7145,69,413,37,2,0.36364
7145,69,413,38,2,-0.45455
7145,69,413,39,2,-0.18182
7145,69,413,40,2,-0.18182
7145,69,413,41,2,-0.36364
7145,69,413,42,1,0.81818
7145,69,413,43,2,0.18182
7145,69,413,44,2,-0.18182
7145,69,413,45,1,-0.27273
7145,69,413,46,2,-0.54545
7145,69,413,47,1,0.81818
7145,69,413,48,2,-0.63636
7145,69,413,49,2,-0.45455
7145,69,413,50,2,-0.81818
7145,69,413,51,2,-0.36364
7145,69,414,1,1,0.090909
7145,69,414,2,1,0.090909
7145,69,414,3,2,0.45455
7145,69,414,4,1,-0.54545
7145,69,414,5,1,0.18182
7145,69,414,6,2,-0.45455
7145,69,414,7,2,0.090909
7145,69,414,8,2,-0.54545
7145,69,414,9,1,0.27273
7145,69,414,10,2,0.36364
7145,69,414,11,2,-0.45455
7145,69,414,12,2,0.090909
7145,69,414,13,1,0.54545
7145,69,414,14,2,-0.45455
7145,69,414,15,2,0.090909
7145,69,414,16,2,-0.18182
7145,69,414,17,1,0.36364
7145,69,414,18,1,-0.18182
7145,69,414,19,1,0.27273
7145,69,414,20,2,-0.18182
7145,69,414,21,1,0.45455
7145,69,414,22,2,-0.36364
7145,69,414,23,2,-0.54545
7145,69,414,24,1,0.45455
7145,69,414,25,1,0.54545
7145,69,414,26,1,0.090909
7145,69,414,27,1,0.18182
7145,69,414,28,2,-0.36364
7145,69,414,29,1,-0.090909
7145,69,414,30,2,-0.54545
7145,69,414,31,2,0.090909
7145,69,414,32,2,-0.18182
7145,69,414,33,2,-0.54545
7145,69,414,34,1,-0.090909
7145,69,414,35,2,-0.27273
7145,69,414,36,2,-0.45455
7145,69,414,37,1,0.72727
7145,69,414,38,2,-0.45455
7145,69,414,39,2,-0.36364
7145,69,414,40,1,0.090909
7145,69,414,41,2,0.090909
7145,69,414,42,2,-0.54545
7145,69,414,43,1,0.36364
7145,69,414,44,1,0.18182
7145,69,414,45,1,0.63636
7145,69,414,46,2,0.090909
7145,69,414,47,2,-0.54545
7145,69,414,48,1,0.27273
7145,69,414,49,2,0.090909
7145,69,414,50,2,0.090909
7145,69,414,51,2,-0.45455
7145,70,415,1,2,0.090909
7145,70,415,2,1,-0.090909
7145,70,415,3,2,-0.090909
7145,70,415,4,1,0.36364
7145,70,415,5,1,0.27273
7145,70,415,6,1,-0.72727
7145,70,415,7,1,0.18182
7145,70,415,8,2,-0.45455
7145,70,415,9,2,0.090909
7145,70,415,10,1,-0.54545
7145,70,415,11,2,-0.54545
7145,70,415,12,2,0.090909
7145,70,415,13,2,-0.27273
7145,70,415,14,2,0.090909
7145,70,415,15,1,0.27273
7145,70,415,16,1,0.090909
7145,70,415,17,1,0.45455
7145,70,415,18,1,0.090909
7145,70,415,19,1,0.18182
7145,70,415,20,2,-0.45455
7145,70,415,21,2,-0.27273
7145,70,415,22,2,-0.45455
7145,70,415,23,2,-0.27273
7145,70,415,24,2,-0.45455
7145,70,415,25,1,0.36364
7145,70,415,26,1,0.090909
7145,70,415,27,2,-0.090909
7145,70,415,28,1,0.18182
7145,70,415,29,2,-0.45455
7145,70,415,30,1,-0.090909
7145,70,415,31,1,0.18182
7145,70,415,32,2,0.090909
7145,70,415,33,1,0.090909
7145,70,415,34,1,0.090909
7145,70,415,35,2,-0.27273
7145,70,415,36,2,-0.63636
7145,70,415,37,1,0.090909
7145,70,415,38,1,-0.27273
7145,70,415,39,1,0.45455
7145,70,415,40,1,0.36364
7145,70,415,41,2,-0.36364
7145,70,415,42,1,0.36364
7145,70,415,43,2,-0.090909
7145,70,415,44,2,-0.45455
7145,70,415,45,1,0.63636
7145,70,415,46,1,0.18182
7145,70,415,47,1,-0.090909
7145,70,415,48,2,-0.18182
7145,70,415,49,1,0.45455
7145,70,415,50,2,-0.63636
7145,70,415,51,2,-0.36364
7145,70,416,1,1,-0.090909
7145,70,416,2,2,-0.63636
7145,70,416,3,2,-0.090909
7145,70,416,4,2,0.36364
7145,70,416,5,1,0.18182
7145,70,416,6,1,-0.54545
7145,70,416,7,2,0.45455
7145,70,416,8,1,-0.27273
7145,70,416,9,2,-0.36364
7145,70,416,10,2,-0.36364
7145,70,416,11,2,-0.54545
7145,70,416,12,2,0.81818
7145,70,416,13,2,0.45455
7145,70,416,14,1,0.81818
7145,70,416,15,2,0.36364
7145,70,416,16,1,-0.27273
7145,70,416,17,2,0.36364
7145,70,416,18,1,-0.090909
7145,70,416,19,2,-0.090909
7145,70,416,20,2,-0.36364
7145,70,416,21,1,-0.54545
7145,70,416,22,1,0.36364
7145,70,416,23,2,0.72727
7145,70,416,24,2,-0.45455
7145,70,416,25,2,-0.81818
7145,70,416,26,2,-0.090909
7145,70,416,27,1,0.36364
7145,70,416,28,1,0.81818
7145,70,416,29,1,0.45455
7145,70,416,30,1,0.81818
7145,70,416,31,1,0.45455
7145,70,416,32,2,-0.36364
7145,70,416,33,2,-0.36364
7145,70,416,34,2,-0.27273
7145,70,416,35,1,0.36364
7145,70,416,36,2,-0.63636
7145,70,416,37,1,0.45455
7145,70,416,38,1,0.63636
7145,70,416,39,1,0.45455
7145,70,416,40,1,0.18182
7145,70,416,41,2,0.27273
7145,70,416,42,2,-0.36364
7145,70,416,43,2,-0.54545
7145,70,416,44,2,0.18182
7145,70,416,45,1,0.81818
7145,70,416,46,1,0.090909
7145,70,416,47,2,-0.54545
7145,70,416,48,1,0.81818
7145,70,416,49,2,-0.54545
7145,70,416,50,2,-0.63636
7145,70,416,51,1,-0.090909
7145,70,417,1,1,-0.18182
7145,70,417,2,2,-0.18182
7145,70,417,3,1,-0.45455
7145,70,417,4,1,0.27273
7145,70,417,5,2,0.72727
7145,70,417,6,1,-0.36364
7145,70,417,7,2,0.45455
7145,70,417,8,2,0.54545
7145,70,417,9,1,0.72727
7145,70,417,10,1,-0.27273
7145,70,417,11,1,-0.36364
7145,70,417,12,2,0.36364
7145,70,417,13,1,0.36364
7145,70,417,14,2,-0.45455
7145,70,417,15,1,0.27273
7145,70,417,16,1,0.27273
7145,70,417,17,2,-0.36364
7145,70,417,18,1,0.54545
7145,70,417,19,2,-0.27273
7145,70,417,20,2,-0.18182
7145,70,417,21,1,-0.45455
7145,70,417,22,1,0.72727
7145,70,417,23,1,0.36364
7145,70,417,24,2,-0.18182
7145,70,417,25,2,-0.36364
7145,70,417,26,1,0.36364
7145,70,417,27,2,0.63636
7145,70,417,28,2,-0.45455
7145,70,417,29,2,-0.18182
7145,70,417,30,2,0.45455
7145,70,417,31,1,0.27273
7145,70,417,32,2,-0.45455
7145,70,417,33,2,-0.18182
7145,70,417,34,1,0.72727
7145,70,417,35,2,-0.36364
7145,70,417,36,1,0.45455
7145,70,417,37,1,-0.63636
7145,70,417,38,1,0.27273
7145,70,417,39,2,-0.27273
7145,70,417,40,1,0.090909
7145,70,417,41,2,0.54545
7145,70,417,42,1,-0.72727
7145,70,417,43,1,0.27273
7145,70,417,44,1,0.72727
7145,70,417,45,1,0.72727
7145,70,417,46,1,0.36364
7145,70,417,47,1,-0.81818
7145,70,417,48,2,0.18182
7145,70,417,49,2,-0.45455
7145,70,417,50,1,0.36364
7145,70,417,51,2,-0.36364
7145,70,418,1,1,0.18182
7145,70,418,2,1,0.090909
7145,70,418,3,2,-0.18182
7145,70,418,4,2,0.18182
7145,70,418,5,2,-0.27273
7145,70,418,6,2,-0.36364
7145,70,418,7,2,0.45455
7145,70,418,8,1,-0.090909
7145,70,418,9,2,0.36364
7145,70,418,10,2,-0.090909
7145,70,418,11,2,0.54545
7145,70,418,12,1,0.36364
7145,70,418,13,2,-0.18182
7145,70,418,14,2,-0.18182
7145,70,418,15,1,0.45455
7145,70,418,16,2,0.090909
7145,70,418,17,1,0.45455
7145,70,418,18,1,-0.090909
7145,70,418,19,2,-0.090909
7145,70,418,20,2,0.18182
7145,70,418,21,2,-0.090909
7145,70,418,22,2,-0.36364
7145,70,418,23,1,0.18182
7145,70,418,24,1,0.54545
7145,70,418,25,2,-0.45455
7145,70,418,26,1,0.63636
7145,70,418,27,1,0.18182
7145,70,418,28,1,0.36364
7145,70,418,29,1,0.18182
7145,70,418,30,2,-0.18182
7145,70,418,31,1,0.27273
7145,70,418,32,1,0.45455
7145,70,418,33,1,0.45455
7145,70,418,34,2,-0.36364
7145,70,418,35,1,0.54545
7145,70,418,36,2,-0.090909
7145,70,418,37,2,-0.36364
7145,70,418,38,1,0.18182
7145,70,418,39,2,-0.18182
7145,70,418,40,2,-0.18182
7145,70,418,41,1,0.090909
7145,70,418,42,1,0.63636
7145,70,418,43,1,0.090909
7145,70,418,44,1,0.72727
7145,70,418,45,1,-0.090909
7145,70,418,46,1,0.54545
7145,70,418,47,2,0.18182
7145,70,418,48,1,0.090909
7145,70,418,49,2,-0.27273
7145,70,418,50,1,0.18182
7145,70,418,51,2,-0.36364
7145,70,419,1,1,-0.63636
7145,70,419,2,2,0.81818
7145,70,419,3,1,-0.81818
7145,70,419,4,1,-0.18182
7145,70,419,5,2,-0.63636
7145,70,419,6,1,0.81818
7145,70,419,7,2,-0.18182
7145,70,419,8,2,-0.36364
7145,70,419,9,2,-0.27273
7145,70,419,10,2,-0.54545
7145,70,419,11,2,-0.36364
7145,70,419,12,2,0.36364
7145,70,419,13,2,-0.45455
7145,70,419,14,2,-0.81818
7145,70,419,15,2,-0.45455
7145,70,419,16,2,0.63636
7145,70,419,17,1,0.090909
7145,70,419,18,2,-0.63636
7145,70,419,19,2,-0.63636
7145,70,419,20,2,0.27273
7145,70,419,21,2,-0.27273
7145,70,419,22,2,-0.45455
7145,70,419,23,1,0.72727
7145,70,419,24,1,-0.18182
7145,70,419,25,2,0.81818
7145,70,419,26,2,0.36364
7145,70,419,27,1,0.45455
7145,70,419,28,2,-0.81818
7145,70,419,29,1,-0.54545
7145,70,419,30,2,-0.36364
7145,70,419,31,1,0.81818
7145,70,419,32,2,-0.63636
7145,70,419,33,2,-0.45455
7145,70,419,34,2,-0.36364
7145,70,419,35,2,-0.81818
7145,70,419,36,2,-0.81818
7145,70,419,37,2,0.36364
7145,70,419,38,2,-0.45455
7145,70,419,39,2,-0.18182
7145,70,419,40,2,-0.18182
7145,70,419,41,2,-0.36364
7145,70,419,42,1,0.81818
7145,70,419,43,2,0.18182
7145,70,419,44,2,-0.18182
7145,70,419,45,2,-0.27273
7145,70,419,46,2,-0.54545
7145,70,419,47,1,0.81818
7145,70,419,48,2,-0.63636
7145,70,419,49,2,-0.45455
7145,70,419,50,2,-0.81818
7145,70,419,51,2,-0.36364
7145,70,420,1,2,0.090909
7145,70,420,2,1,0.090909
7145,70,420,3,2,0.45455
7145,70,420,4,2,-0.54545
7145,70,420,5,1,0.18182
7145,70,420,6,2,-0.45455
7145,70,420,7,2,0.090909
7145,70,420,8,1,-0.54545
7145,70,420,9,1,0.27273
7145,70,420,10,1,0.36364
7145,70,420,11,2,-0.45455
7145,70,420,12,2,0.090909
7145,70,420,13,1,0.54545
7145,70,420,14,2,-0.45455
7145,70,420,15,2,0.090909
7145,70,420,16,1,-0.18182
7145,70,420,17,1,0.36364
7145,70,420,18,1,-0.18182
7145,70,420,19,1,0.27273
7145,70,420,20,2,-0.18182
7145,70,420,21,1,0.45455
7145,70,420,22,2,-0.36364
7145,70,420,23,2,-0.54545
7145,70,420,24,1,0.45455
7145,70,420,25,1,0.54545
7145,70,420,26,1,0.090909
7145,70,420,27,1,0.18182
7145,70,420,28,2,-0.36364
7145,70,420,29,2,-0.090909
7145,70,420,30,2,-0.54545
7145,70,420,31,1,0.090909
7145,70,420,32,2,-0.18182
7145,70,420,33,2,-0.54545
7145,70,420,34,1,-0.090909
7145,70,420,35,1,-0.27273
7145,70,420,36,2,-0.45455
7145,70,420,37,1,0.72727
7145,70,420,38,2,-0.45455
7145,70,420,39,2,-0.36364
7145,70,420,40,1,0.090909
7145,70,420,41,2,0.090909
7145,70,420,42,2,-0.54545
7145,70,420,43,1,0.36364
7145,70,420,44,1,0.18182
7145,70,420,45,2,0.63636
7145,70,420,46,2,0.090909
7145,70,420,47,2,-0.54545
7145,70,420,48,1,0.27273
7145,70,420,49,2,0.090909
7145,70,420,50,1,0.090909
7145,70,420,51,2,-0.45455
7145,71,421,1,1,0.090909
7145,71,421,2,2,-0.090909
7145,71,421,3,2,-0.090909
7145,71,421,4,1,0.36364
7145,71,421,5,1,0.27273
7145,71,421,6,2,-0.72727
7145,71,421,7,1,0.18182
7145,71,421,8,2,-0.45455
7145,71,421,9,1,0.090909
7145,71,421,10,2,-0.54545
7145,71,421,11,2,-0.54545
7145,71,421,12,2,0.090909
7145,71,421,13,2,-0.27273
7145,71,421,14,1,0.090909
7145,71,421,15,1,0.27273
7145,71,421,16,2,0.090909
7145,71,421,17,1,0.45455
7145,71,421,18,1,0.090909
7145,71,421,19,1,0.18182
7145,71,421,20,2,-0.45455
7145,71,421,21,2,-0.27273
7145,71,421,22,2,-0.45455
7145,71,421,23,2,-0.27273
7145,71,421,24,2,-0.45455
7145,71,421,25,1,0.36364
7145,71,421,26,1,0.090909
7145,71,421,27,1,-0.090909
7145,71,421,28,1,0.18182
7145,71,421,29,2,-0.45455
7145,71,421,30,2,-0.090909
7145,71,421,31,1,0.18182
7145,71,421,32,1,0.090909
7145,71,421,33,1,0.090909
7145,71,421,34,1,0.090909
7145,71,421,35,2,-0.27273
7145,71,421,36,2,-0.63636
7145,71,421,37,2,0.090909
7145,71,421,38,2,-0.27273
7145,71,421,39,1,0.45455
7145,71,421,40,1,0.36364
7145,71,421,41,2,-0.36364
7145,71,421,42,1,0.36364
7145,71,421,43,2,-0.090909
7145,71,421,44,2,-0.45455
7145,71,421,45,1,0.63636
7145,71,421,46,1,0.18182
7145,71,421,47,2,-0.090909
7145,71,421,48,2,-0.18182
7145,71,421,49,1,0.45455
7145,71,421,50,2,-0.63636
7145,71,421,51,2,-0.36364
7145,71,422,1,2,-0.090909
7145,71,422,2,2,-0.63636
7145,71,422,3,2,-0.090909
7145,71,422,4,2,0.36364
7145,71,422,5,1,0.18182
7145,71,422,6,2,-0.54545
7145,71,422,7,2,0.45455
7145,71,422,8,1,-0.27273
7145,71,422,9,2,-0.36364
7145,71,422,10,2,-0.36364
7145,71,422,11,1,-0.54545
7145,71,422,12,2,0.81818
7145,71,422,13,1,0.45455
7145,71,422,14,1,0.81818
7145,71,422,15,1,0.36364
7145,71,422,16,1,-0.27273
7145,71,422,17,1,0.36364
7145,71,422,18,1,-0.090909
7145,71,422,19,2,-0.090909
7145,71,422,20,2,-0.36364
7145,71,422,21,2,-0.54545
7145,71,422,22,2,0.36364
7145,71,422,23,2,0.72727
7145,71,422,24,2,-0.45455
7145,71,422,25,1,-0.81818
7145,71,422,26,2,-0.090909
7145,71,422,27,2,0.36364
7145,71,422,28,1,0.81818
7145,71,422,29,1,0.45455
7145,71,422,30,1,0.81818
7145,71,422,31,1,0.45455
7145,71,422,32,2,-0.36364
7145,71,422,33,2,-0.36364
7145,71,422,34,2,-0.27273
7145,71,422,35,1,0.36364
7145,71,422,36,2,-0.63636
7145,71,422,37,1,0.45455
7145,71,422,38,1,0.63636
7145,71,422,39,1,0.45455
7145,71,422,40,1,0.18182
7145,71,422,41,1,0.27273
7145,71,422,42,2,-0.36364
7145,71,422,43,2,-0.54545
7145,71,422,44,1,0.18182
7145,71,422,45,1,0.81818
7145,71,422,46,2,0.090909
7145,71,422,47,2,-0.54545
7145,71,422,48,1,0.81818
7145,71,422,49,2,-0.54545
7145,71,422,50,1,-0.63636
7145,71,422,51,1,-0.090909
7145,71,423,1,2,-0.18182
7145,71,423,2,2,-0.18182
7145,71,423,3,1,-0.45455
7145,71,423,4,2,0.27273
7145,71,423,5,1,0.72727
7145,71,423,6,1,-0.36364
7145,71,423,7,2,0.45455
7145,71,423,8,2,0.54545
7145,71,423,9,1,0.72727
7145,71,423,10,1,-0.27273
7145,71,423,11,2,-0.36364
7145,71,423,12,1,0.36364
7145,71,423,13,1,0.36364
7145,71,423,14,1,-0.45455
7145,71,423,15,1,0.27273
7145,71,423,16,1,0.27273
7145,71,423,17,2,-0.36364
7145,71,423,18,1,0.54545
7145,71,423,19,1,-0.27273
7145,71,423,20,2,-0.18182
7145,71,423,21,1,-0.45455
7145,71,423,22,1,0.72727
7145,71,423,23,2,0.36364
7145,71,423,24,2,-0.18182
7145,71,423,25,2,-0.36364
7145,71,423,26,1,0.36364
7145,71,423,27,1,0.63636
7145,71,423,28,2,-0.45455
7145,71,423,29,2,-0.18182
7145,71,423,30,1,0.45455
7145,71,423,31,2,0.27273
7145,71,423,32,2,-0.45455
7145,71,423,33,2,-0.18182
7145,71,423,34,1,0.72727
7145,71,423,35,2,-0.36364
7145,71,423,36,1,0.45455
7145,71,423,37,1,-0.63636
7145,71,423,38,1,0.27273
7145,71,423,39,2,-0.27273
7145,71,423,40,2,0.090909
7145,71,423,41,1,0.54545
7145,71,423,42,1,-0.72727
7145,71,423,43,1,0.27273
7145,71,423,44,1,0.72727
7145,71,423,45,1,0.72727
7145,71,423,46,1,0.36364
7145,71,423,47,1,-0.81818
7145,71,423,48,2,0.18182
7145,71,423,49,2,-0.45455
7145,71,423,50,1,0.36364
7145,71,423,51,2,-0.36364
7145,71,424,1,2,0.18182
7145,71,424,2,1,0.090909
7145,71,424,3,2,-0.18182
7145,71,424,4,1,0.18182
7145,71,424,5,2,-0.27273
7145,71,424,6,2,-0.36364
7145,71,424,7,2,0.45455
7145,71,424,8,2,-0.090909
7145,71,424,9,2,0.36364
7145,71,424,10,1,-0.090909
7145,71,424,11,2,0.54545
7145,71,424,12,1,0.36364
7145,71,424,13,2,-0.18182
7145,71,424,14,2,-0.18182
7145,71,424,15,1,0.45455
7145,71,424,16,1,0.090909
7145,71,424,17,1,0.45455
7145,71,424,18,2,-0.090909
7145,71,424,19,2,-0.090909
7145,71,424,20,2,0.18182
7145,71,424,21,1,-0.090909
7145,71,424,22,2,-0.36364
7145,71,424,23,1,0.18182
7145,71,424,24,1,0.54545
7145,71,424,25,2,-0.45455
7145,71,424,26,1,0.63636
7145,71,424,27,2,0.18182
7145,71,424,28,1,0.36364
7145,71,424,29,1,0.18182
7145,71,424,30,2,-0.18182
7145,71,424,31,1,0.27273
7145,71,424,32,1,0.45455
7145,71,424,33,1,0.45455
7145,71,424,34,2,-0.36364
7145,71,424,35,1,0.54545
7145,71,424,36,2,-0.090909
7145,71,424,37,2,-0.36364
7145,71,424,38,1,0.18182
7145,71,424,39,2,-0.18182
7145,71,424,40,2,-0.18182
7145,71,424,41,2,0.090909
7145,71,424,42,1,0.63636
7145,71,424,43,1,0.090909
7145,71,424,44,1,0.72727
7145,71,424,45,1,-0.090909
7145,71,424,46,1,0.54545
7145,71,424,47,1,0.18182
7145,71,424,48,1,0.090909
7145,71,424,49,2,-0.27273
7145,71,424,50,1,0.18182
7145,71,424,51,2,-0.36364
7145,71,425,1,1,-0.63636
7145,71,425,2,2,0.81818
7145,71,425,3,1,-0.81818
7145,71,425,4,2,-0.18182
7145,71,425,5,2,-0.63636
7145,71,425,6,1,0.81818
7145,71,425,7,2,-0.18182
7145,71,425,8,2,-0.36364
7145,71,425,9,1,-0.27273
7145,71,425,10,1,-0.54545
7145,71,425,11,2,-0.36364
7145,71,425,12,2,0.36364
7145,71,425,13,2,-0.45455
7145,71,425,14,2,-0.81818
7145,71,425,15,2,-0.45455
7145,71,425,16,2,0.63636
7145,71,425,17,1,0.090909
7145,71,425,18,2,-0.63636
7145,71,425,19,2,-0.63636
7145,71,425,20,2,0.27273
7145,71,425,21,2,-0.27273
7145,71,425,22,2,-0.45455
7145,71,425,23,2,0.72727
7145,71,425,24,2,-0.18182
7145,71,425,25,1,0.81818
7145,71,425,26,1,0.36364
7145,71,425,27,1,0.45455
7145,71,425,28,2,-0.81818
7145,71,425,29,2,-0.54545
7145,71,425,30,2,-0.36364
7145,71,425,31,1,0.81818
7145,71,425,32,1,-0.63636
7145,71,425,33,2,-0.45455
7145,71,425,34,2,-0.36364
7145,71,425,35,2,-0.81818
7145,71,425,36,2,-0.81818
7145,71,425,37,2,0.36364
7145,71,425,38,2,-0.45455
7145,71,425,39,2,-0.18182
7145,71,425,40,1,-0.18182
7145,71,425,41,2,-0.36364
7145,71,425,42,1,0.81818
7145,71,425,43,2,0.18182
7145,71,425,44,2,-0.18182
7145,71,425,45,1,-0.27273
7145,71,425,46,1,-0.54545
7145,71,425,47,1,0.81818
7145,71,425,48,2,-0.63636
7145,71,425,49,2,-0.45455
7145,71,425,50,2,-0.81818
7145,71,425,51,2,-0.36364
7145,71,426,1,2,0.090909
7145,71,426,2,1,0.090909
7145,71,426,3,1,0.45455
7145,71,426,4,2,-0.54545
7145,71,426,5,2,0.18182
7145,71,426,6,2,-0.45455
7145,71,426,7,2,0.090909
7145,71,426,8,2,-0.54545
7145,71,426,9,1,0.27273
7145,71,426,10,1,0.36364
7145,71,426,11,2,-0.45455
7145,71,426,12,1,0.090909
7145,71,426,13,1,0.54545
7145,71,426,14,2,-0.45455
7145,71,426,15,1,0.090909
7145,71,426,16,2,-0.18182
7145,71,426,17,1,0.36364
7145,71,426,18,2,-0.18182
7145,71,426,19,1,0.27273
7145,71,426,20,1,-0.18182
7145,71,426,21,1,0.45455
7145,71,426,22,2,-0.36364
7145,71,426,23,2,-0.54545
7145,71,426,24,1,0.45455
7145,71,426,25,1,0.54545
7145,71,426,26,2,0.090909
7145,71,426,27,1,0.18182
7145,71,426,28,2,-0.36364
7145,71,426,29,2,-0.090909
7145,71,426,30,2,-0.54545
7145,71,426,31,1,0.090909
7145,71,426,32,2,-0.18182
7145,71,426,33,2,-0.54545
7145,71,426,34,2,-0.090909
7145,71,426,35,1,-0.27273
7145,71,426,36,2,-0.45455
7145,71,426,37,1,0.72727
7145,71,426,38,2,-0.45455
7145,71,426,39,2,-0.36364
7145,71,426,40,1,0.090909
7145,71,426,41,1,0.090909
7145,71,426,42,2,-0.54545
7145,71,426,43,1,0.36364
7145,71,426,44,1,0.18182
7145,71,426,45,1,0.63636
7145,71,426,46,1,0.090909
7145,71,426,47,2,-0.54545
7145,71,426,48,1,0.27273
7145,71,426,49,1,0.090909
7145,71,426,50,1,0.090909
7145,71,426,51,2,-0.45455
7145,72,427,1,2,0.090909
7145,72,427,2,2,-0.090909
7145,72,427,3,1,-0.090909
7145,72,427,4,1,0.36364
7145,72,427,5,1,0.27273
7145,72,427,6,2,-0.72727
7145,72,427,7,1,0.18182
7145,72,427,8,2,-0.45455
7145,72,427,9,1,0.090909
7145,72,427,10,2,-0.54545
7145,72,427,11,2,-0.54545
7145,72,427,12,2,0.090909
7145,72,427,13,2,-0.27273
7145,72,427,14,2,0.090909
7145,72,427,15,1,0.27273
7145,72,427,16,1,0.090909
7145,72,427,17,1,0.45455
7145,72,427,18,1,0.090909
7145,72,427,19,1,0.18182
7145,72,427,20,2,-0.45455
7145,72,427,21,2,-0.27273
7145,72,427,22,2,-0.45455
7145,72,427,23,2,-0.27273
7145,72,427,24,2,-0.45455
7145,72,427,25,1,0.36364
7145,72,427,26,2,0.090909
7145,72,427,27,1,-0.090909
7145,72,427,28,1,0.18182
7145,72,427,29,2,-0.45455
7145,72,427,30,1,-0.090909
7145,72,427,31,1,0.18182
7145,72,427,32,1,0.090909
7145,72,427,33,2,0.090909
7145,72,427,34,2,0.090909
7145,72,427,35,2,-0.27273
7145,72,427,36,2,-0.63636
7145,72,427,37,2,0.090909
7145,72,427,38,2,-0.27273
7145,72,427,39,1,0.45455
7145,72,427,40,1,0.36364
7145,72,427,41,2,-0.36364
7145,72,427,42,2,0.36364
7145,72,427,43,1,-0.090909
7145,72,427,44,2,-0.45455
7145,72,427,45,1,0.63636
7145,72,427,46,1,0.18182
7145,72,427,47,2,-0.090909
7145,72,427,48,2,-0.18182
7145,72,427,49,1,0.45455
7145,72,427,50,2,-0.63636
7145,72,427,51,2,-0.36364
7145,72,428,1,2,-0.090909
7145,72,428,2,2,-0.63636
7145,72,428,3,1,-0.090909
7145,72,428,4,2,0.36364
7145,72,428,5,2,0.18182
7145,72,428,6,1,-0.54545
7145,72,428,7,2,0.45455
7145,72,428,8,2,-0.27273
7145,72,428,9,2,-0.36364
7145,72,428,10,2,-0.36364
7145,72,428,11,2,-0.54545
7145,72,428,12,2,0.81818
7145,72,428,13,1,0.45455
7145,72,428,14,1,0.81818
7145,72,428,15,2,0.36364
7145,72,428,16,1,-0.27273
7145,72,428,17,1,0.36364
7145,72,428,18,1,-0.090909
7145,72,428,19,2,-0.090909
7145,72,428,20,2,-0.36364
7145,72,428,21,2,-0.54545
7145,72,428,22,1,0.36364
7145,72,428,23,1,0.72727
7145,72,428,24,1,-0.45455
7145,72,428,25,1,-0.81818
7145,72,428,26,1,-0.090909
7145,72,428,27,2,0.36364
7145,72,428,28,1,0.81818
7145,72,428,29,1,0.45455
7145,72,428,30,1,0.81818
7145,72,428,31,1,0.45455
7145,72,428,32,1,-0.36364
7145,72,428,33,2,-0.36364
7145,72,428,34,1,-0.27273
7145,72,428,35,1,0.36364
7145,72,428,36,2,-0.63636
7145,72,428,37,1,0.45455
7145,72,428,38,1,0.63636
7145,72,428,39,1,0.45455
7145,72,428,40,1,0.18182
7145,72,428,41,1,0.27273
7145,72,428,42,2,-0.36364
7145,72,428,43,2,-0.54545
7145,72,428,44,2,0.18182
7145,72,428,45,1,0.81818
7145,72,428,46,2,0.090909
7145,72,428,47,2,-0.54545
7145,72,428,48,1,0.81818
7145,72,428,49,2,-0.54545
7145,72,428,50,2,-0.63636
7145,72,428,51,1,-0.090909
7145,72,429,1,2,-0.18182
7145,72,429,2,2,-0.18182
7145,72,429,3,1,-0.45455
7145,72,429,4,1,0.27273
7145,72,429,5,1,0.72727
7145,72,429,6,1,-0.36364
7145,72,429,7,2,0.45455
7145,72,429,8,2,0.54545
7145,72,429,9,1,0.72727
7145,72,429,10,1,-0.27273
7145,72,429,11,1,-0.36364
7145,72,429,12,1,0.36364
7145,72,429,13,1,0.36364
7145,72,429,14,1,-0.45455
7145,72,429,15,1,0.27273
7145,72,429,16,2,0.27273
7145,72,429,17,2,-0.36364
7145,72,429,18,2,0.54545
7145,72,429,19,1,-0.27273
7145,72,429,20,1,-0.18182
7145,72,429,21,1,-0.45455
7145,72,429,22,1,0.72727
7145,72,429,23,1,0.36364
7145,72,429,24,2,-0.18182
7145,72,429,25,2,-0.36364
7145,72,429,26,1,0.36364
7145,72,429,27,1,0.63636
7145,72,429,28,2,-0.45455
7145,72,429,29,2,-0.18182
7145,72,429,30,1,0.45455
7145,72,429,31,1,0.27273
7145,72,429,32,2,-0.45455
7145,72,429,33,2,-0.18182
7145,72,429,34,1,0.72727
7145,72,429,35,2,-0.36364
7145,72,429,36,2,0.45455
7145,72,429,37,1,-0.63636
7145,72,429,38,1,0.27273
7145,72,429,39,1,-0.27273
7145,72,429,40,2,0.090909
7145,72,429,41,1,0.54545
7145,72,429,42,1,-0.72727
7145,72,429,43,1,0.27273
7145,72,429,44,1,0.72727
7145,72,429,45,1,0.72727
7145,72,429,46,1,0.36364
7145,72,429,47,2,-0.81818
7145,72,429,48,2,0.18182
7145,72,429,49,2,-0.45455
7145,72,429,50,1,0.36364
7145,72,429,51,2,-0.36364
7145,72,430,1,2,0.18182
7145,72,430,2,2,0.090909
7145,72,430,3,1,-0.18182
7145,72,430,4,2,0.18182
7145,72,430,5,1,-0.27273
7145,72,430,6,1,-0.36364
7145,72,430,7,2,0.45455
7145,72,430,8,2,-0.090909
7145,72,430,9,2,0.36364
7145,72,430,10,1,-0.090909
7145,72,430,11,1,0.54545
7145,72,430,12,1,0.36364
7145,72,430,13,2,-0.18182
7145,72,430,14,2,-0.18182
7145,72,430,15,1,0.45455
7145,72,430,16,2,0.090909
7145,72,430,17,1,0.45455
7145,72,430,18,1,-0.090909
7145,72,430,19,2,-0.090909
7145,72,430,20,2,0.18182
7145,72,430,21,1,-0.090909
7145,72,430,22,1,-0.36364
7145,72,430,23,1,0.18182
7145,72,430,24,1,0.54545
7145,72,430,25,2,-0.45455
7145,72,430,26,1,0.63636
7145,72,430,27,2,0.18182
7145,72,430,28,1,0.36364
7145,72,430,29,1,0.18182
7145,72,430,30,2,-0.18182
7145,72,430,31,1,0.27273
7145,72,430,32,1,0.45455
7145,72,430,33,1,0.45455
7145,72,430,34,2,-0.36364
7145,72,430,35,1,0.54545
7145,72,430,36,2,-0.090909
7145,72,430,37,2,-0.36364
7145,72,430,38,1,0.18182
7145,72,430,39,2,-0.18182
7145,72,430,40,2,-0.18182
7145,72,430,41,2,0.090909
7145,72,430,42,1,0.63636
7145,72,430,43,2,0.090909
7145,72,430,44,1,0.72727
7145,72,430,45,1,-0.090909
7145,72,430,46,1,0.54545
7145,72,430,47,2,0.18182
7145,72,430,48,2,0.090909
7145,72,430,49,2,-0.27273
7145,72,430,50,1,0.18182
7145,72,430,51,2,-0.36364
7145,72,431,1,1,-0.63636
7145,72,431,2,2,0.81818
7145,72,431,3,2,-0.81818
7145,72,431,4,1,-0.18182
7145,72,431,5,2,-0.63636
7145,72,431,6,2,0.81818
7145,72,431,7,1,-0.18182
7145,72,431,8,2,-0.36364
7145,72,431,9,1,-0.27273
7145,72,431,10,2,-0.54545
7145,72,431,11,2,-0.36364
7145,72,431,12,2,0.36364
7145,72,431,13,2,-0.45455
7145,72,431,14,2,-0.81818
7145,72,431,15,2,-0.45455
7145,72,431,16,2,0.63636
7145,72,431,17,1,0.090909
7145,72,431,18,1,-0.63636
7145,72,431,19,2,-0.63636
7145,72,431,20,2,0.27273
7145,72,431,21,2,-0.27273
7145,72,431,22,2,-0.45455
7145,72,431,23,2,0.72727
7145,72,431,24,1,-0.18182
7145,72,431,25,2,0.81818
7145,72,431,26,2,0.36364
7145,72,431,27,1,0.45455
7145,72,431,28,2,-0.81818
7145,72,431,29,1,-0.54545
7145,72,431,30,2,-0.36364
7145,72,431,31,1,0.81818
7145,72,431,32,2,-0.63636
7145,72,431,33,2,-0.45455
7145,72,431,34,2,-0.36364
7145,72,431,35,2,-0.81818
7145,72,431,36,2,-0.81818
7145,72,431,37,2,0.36364
7145,72,431,38,2,-0.45455
7145,72,431,39,2,-0.18182
7145,72,431,40,2,-0.18182
7145,72,431,41,2,-0.36364
7145,72,431,42,1,0.81818
7145,72,431,43,2,0.18182
7145,72,431,44,2,-0.18182
7145,72,431,45,1,-0.27273
7145,72,431,46,2,-0.54545
7145,72,431,47,1,0.81818
7145,72,431,48,2,-0.63636
7145,72,431,49,2,-0.45455
7145,72,431,50,2,-0.81818
7145,72,431,51,2,-0.36364
7145,72,432,1,1,0.090909
7145,72,432,2,2,0.090909
7145,72,432,3,1,0.45455
7145,72,432,4,2,-0.54545
7145,72,432,5,1,0.18182
7145,72,432,6,1,-0.45455
7145,72,432,7,2,0.090909
7145,72,432,8,2,-0.54545
7145,72,432,9,1,0.27273
7145,72,432,10,1,0.36364
7145,72,432,11,2,-0.45455
7145,72,432,12,1,0.090909
7145,72,432,13,1,0.54545
7145,72,432,14,2,-0.45455
7145,72,432,15,2,0.090909
7145,72,432,16,1,-0.18182
7145,72,432,17,1,0.36364
7145,72,432,18,1,-0.18182
7145,72,432,19,2,0.27273
7145,72,432,20,2,-0.18182
7145,72,432,21,1,0.45455
7145,72,432,22,2,-0.36364
7145,72,432,23,2,-0.54545
7145,72,432,24,1,0.45455
7145,72,432,25,1,0.54545
7145,72,432,26,1,0.090909
7145,72,432,27,1,0.18182
7145,72,432,28,2,-0.36364
7145,72,432,29,1,-0.090909
7145,72,432,30,1,-0.54545
7145,72,432,31,1,0.090909
7145,72,432,32,2,-0.18182
7145,72,432,33,2,-0.54545
7145,72,432,34,1,-0.090909
7145,72,432,35,1,-0.27273
7145,72,432,36,2,-0.45455
7145,72,432,37,1,0.72727
7145,72,432,38,2,-0.45455
7145,72,432,39,2,-0.36364
7145,72,432,40,1,0.090909
7145,72,432,41,2,0.090909
7145,72,432,42,2,-0.54545
7145,72,432,43,1,0.36364
7145,72,432,44,1,0.18182
7145,72,432,45,1,0.63636
7145,72,432,46,2,0.090909
7145,72,432,47,2,-0.54545
7145,72,432,48,1,0.27273
7145,72,432,49,1,0.090909
7145,72,432,50,2,0.090909
7145,72,432,51,2,-0.45455
7145,73,433,1,1,0.090909
7145,73,433,2,2,-0.090909
7145,73,433,3,2,-0.090909
7145,73,433,4,1,0.36364
7145,73,433,5,1,0.27273
7145,73,433,6,1,-0.72727
7145,73,433,7,1,0.18182
7145,73,433,8,2,-0.45455
7145,73,433,9,1,0.090909
7145,73,433,10,2,-0.54545
7145,73,433,11,2,-0.54545
7145,73,433,12,1,0.090909
7145,73,433,13,2,-0.27273
7145,73,433,14,2,0.090909
7145,73,433,15,1,0.27273
7145,73,433,16,1,0.090909
7145,73,433,17,2,0.45455
7145,73,433,18,1,0.090909
7145,73,433,19,2,0.18182
7145,73,433,20,2,-0.45455
7145,73,433,21,2,-0.27273
7145,73,433,22,2,-0.45455
7145,73,433,23,2,-0.27273
7145,73,433,24,2,-0.45455
7145,73,433,25,1,0.36364
7145,73,433,26,2,0.090909
7145,73,433,27,1,-0.090909
7145,73,433,28,1,0.18182
7145,73,433,29,2,-0.45455
7145,73,433,30,1,-0.090909
7145,73,433,31,1,0.18182
7145,73,433,32,2,0.090909
7145,73,433,33,1,0.090909
7145,73,433,34,1,0.090909
7145,73,433,35,2,-0.27273
7145,73,433,36,2,-0.63636
7145,73,433,37,1,0.090909
7145,73,433,38,1,-0.27273
7145,73,433,39,1,0.45455
7145,73,433,40,1,0.36364
7145,73,433,41,2,-0.36364
7145,73,433,42,1,0.36364
7145,73,433,43,1,-0.090909
7145,73,433,44,2,-0.45455
7145,73,433,45,1,0.63636
7145,73,433,46,1,0.18182
7145,73,433,47,2,-0.090909
7145,73,433,48,2,-0.18182
7145,73,433,49,1,0.45455
7145,73,433,50,2,-0.63636
7145,73,433,51,2,-0.36364
7145,73,434,1,2,-0.090909
7145,73,434,2,1,-0.63636
7145,73,434,3,2,-0.090909
7145,73,434,4,1,0.36364
7145,73,434,5,1,0.18182
7145,73,434,6,1,-0.54545
7145,73,434,7,2,0.45455
7145,73,434,8,1,-0.27273
7145,73,434,9,2,-0.36364
7145,73,434,10,2,-0.36364
7145,73,434,11,2,-0.54545
7145,73,434,12,2,0.81818
7145,73,434,13,1,0.45455
7145,73,434,14,1,0.81818
7145,73,434,15,2,0.36364
7145,73,434,16,1,-0.27273
7145,73,434,17,2,0.36364
7145,73,434,18,1,-0.090909
7145,73,434,19,2,-0.090909
7145,73,434,20,2,-0.36364
7145,73,434,21,2,-0.54545
7145,73,434,22,1,0.36364
7145,73,434,23,2,0.72727
7145,73,434,24,2,-0.45455
7145,73,434,25,2,-0.81818
7145,73,434,26,2,-0.090909
7145,73,434,27,2,0.36364
7145,73,434,28,2,0.81818
7145,73,434,29,1,0.45455
7145,73,434,30,1,0.81818
7145,73,434,31,1,0.45455
7145,73,434,32,1,-0.36364
7145,73,434,33,2,-0.36364
7145,73,434,34,1,-0.27273
7145,73,434,35,1,0.36364
7145,73,434,36,2,-0.63636
7145,73,434,37,1,0.45455
7145,73,434,38,2,0.63636
7145,73,434,39,1,0.45455
7145,73,434,40,1,0.18182
7145,73,434,41,2,0.27273
7145,73,434,42,2,-0.36364
7145,73,434,43,2,-0.54545
7145,73,434,44,2,0.18182
7145,73,434,45,1,0.81818
7145,73,434,46,2,0.090909
7145,73,434,47,2,-0.54545
7145,73,434,48,1,0.81818
7145,73,434,49,2,-0.54545
7145,73,434,50,2,-0.63636
7145,73,434,51,1,-0.090909
7145,73,435,1,2,-0.18182
7145,73,435,2,2,-0.18182
7145,73,435,3,1,-0.45455
7145,73,435,4,2,0.27273
7145,73,435,5,1,0.72727
7145,73,435,6,2,-0.36364
7145,73,435,7,2,0.45455
7145,73,435,8,2,0.54545
7145,73,435,9,1,0.72727
7145,73,435,10,1,-0.27273
7145,73,435,11,2,-0.36364
7145,73,435,12,2,0.36364
7145,73,435,13,1,0.36364
7145,73,435,14,1,-0.45455
7145,73,435,15,1,0.27273
7145,73,435,16,1,0.27273
7145,73,435,17,2,-0.36364
7145,73,435,18,1,0.54545
7145,73,435,19,1,-0.27273
7145,73,435,20,2,-0.18182
7145,73,435,21,2,-0.45455
7145,73,435,22,2,0.72727
7145,73,435,23,1,0.36364
7145,73,435,24,2,-0.18182
7145,73,435,25,2,-0.36364
7145,73,435,26,2,0.36364
7145,73,435,27,2,0.63636
7145,73,435,28,2,-0.45455
7145,73,435,29,1,-0.18182
7145,73,435,30,1,0.45455
7145,73,435,31,1,0.27273
7145,73,435,32,2,-0.45455
7145,73,435,33,2,-0.18182
7145,73,435,34,1,0.72727
7145,73,435,35,2,-0.36364
7145,73,435,36,1,0.45455
7145,73,435,37,1,-0.63636
7145,73,435,38,1,0.27273
7145,73,435,39,1,-0.27273
7145,73,435,40,2,0.090909
7145,73,435,41,1,0.54545
7145,73,435,42,1,-0.72727
7145,73,435,43,1,0.27273
7145,73,435,44,1,0.72727
7145,73,435,45,1,0.72727
7145,73,435,46,1,0.36364
7145,73,435,47,1,-0.81818
7145,73,435,48,2,0.18182
7145,73,435,49,2,-0.45455
7145,73,435,50,1,0.36364
7145,73,435,51,2,-0.36364
7145,73,436,1,2,0.18182
7145,73,436,2,2,0.090909
7145,73,436,3,2,-0.18182
7145,73,436,4,1,0.18182
7145,73,436,5,2,-0.27273
7145,73,436,6,2,-0.36364
7145,73,436,7,1,0.45455
7145,73,436,8,1,-0.090909
7145,73,436,9,1,0.36364
7145,73,436,10,2,-0.090909
7145,73,436,11,1,0.54545
7145,73,436,12,1,0.36364
7145,73,436,13,1,-0.18182
7145,73,436,14,2,-0.18182
7145,73,436,15,1,0.45455
7145,73,436,16,1,0.090909
7145,73,436,17,1,0.45455
7145,73,436,18,1,-0.090909
7145,73,436,19,2,-0.090909
7145,73,436,20,1,0.18182
7145,73,436,21,1,-0.090909
7145,73,436,22,2,-0.36364
7145,73,436,23,2,0.18182
7145,73,436,24,1,0.54545
7145,73,436,25,1,-0.45455
7145,73,436,26,1,0.63636
7145,73,436,27,2,0.18182
7145,73,436,28,1,0.36364
7145,73,436,29,1,0.18182
7145,73,436,30,1,-0.18182
7145,73,436,31,1,0.27273
7145,73,436,32,1,0.45455
7145,73,436,33,1,0.45455
7145,73,436,34,2,-0.36364
7145,73,436,35,1,0.54545
7145,73,436,36,2,-0.090909
7145,73,436,37,1,-0.36364
7145,73,436,38,1,0.18182
7145,73,436,39,2,-0.18182
7145,73,436,40,2,-0.18182
7145,73,436,41,1,0.090909
7145,73,436,42,1,0.63636
7145,73,436,43,2,0.090909
7145,73,436,44,1,0.72727
7145,73,436,45,1,-0.090909
7145,73,436,46,1,0.54545
7145,73,436,47,2,0.18182
7145,73,436,48,1,0.090909
7145,73,436,49,2,-0.27273
7145,73,436,50,1,0.18182
7145,73,436,51,2,-0.36364
7145,73,437,1,2,-0.63636
7145,73,437,2,2,0.81818
7145,73,437,3,1,-0.81818
7145,73,437,4,2,-0.18182
7145,73,437,5,2,-0.63636
7145,73,437,6,1,0.81818
7145,73,437,7,1,-0.18182
7145,73,437,8,2,-0.36364
7145,73,437,9,1,-0.27273
7145,73,437,10,2,-0.54545
7145,73,437,11,2,-0.36364
7145,73,437,12,1,0.36364
7145,73,437,13,1,-0.45455
7145,73,437,14,2,-0.81818
7145,73,437,15,2,-0.45455
7145,73,437,16,2,0.63636
7145,73,437,17,2,0.090909
7145,73,437,18,2,-0.63636
7145,73,437,19,2,-0.63636
7145,73,437,20,1,0.27273
7145,73,437,21,2,-0.27273
7145,73,437,22,2,-0.45455
7145,73,437,23,2,0.72727
7145,73,437,24,1,-0.18182
7145,73,437,25,1,0.81818
7145,73,437,26,1,0.36364
7145,73,437,27,2,0.45455
7145,73,437,28,2,-0.81818
7145,73,437,29,2,-0.54545
7145,73,437,30,2,-0.36364
7145,73,437,31,1,0.81818
7145,73,437,32,2,-0.63636
7145,73,437,33,2,-0.45455
7145,73,437,34,2,-0.36364
7145,73,437,35,2,-0.81818
7145,73,437,36,2,-0.81818
7145,73,437,37,2,0.36364
7145,73,437,38,2,-0.45455
7145,73,437,39,2,-0.18182
7145,73,437,40,2,-0.18182
7145,73,437,41,2,-0.36364
7145,73,437,42,1,0.81818
7145,73,437,43,2,0.18182
7145,73,437,44,2,-0.18182
7145,73,437,45,1,-0.27273
7145,73,437,46,2,-0.54545
7145,73,437,47,1,0.81818
7145,73,437,48,2,-0.63636
7145,73,437,49,2,-0.45455
7145,73,437,50,2,-0.81818
7145,73,437,51,2,-0.36364
7145,73,438,1,2,0.090909
7145,73,438,2,2,0.090909
7145,73,438,3,1,0.45455
7145,73,438,4,2,-0.54545
7145,73,438,5,1,0.18182
7145,73,438,6,2,-0.45455
7145,73,438,7,1,0.090909
7145,73,438,8,2,-0.54545
7145,73,438,9,2,0.27273
7145,73,438,10,1,0.36364
7145,73,438,11,2,-0.45455
7145,73,438,12,1,0.090909
7145,73,438,13,1,0.54545
7145,73,438,14,2,-0.45455
7145,73,438,15,1,0.090909
7145,73,438,16,2,-0.18182
7145,73,438,17,1,0.36364
7145,73,438,18,2,-0.18182
7145,73,438,19,1,0.27273
7145,73,438,20,2,-0.18182
7145,73,438,21,1,0.45455
7145,73,438,22,2,-0.36364
7145,73,438,23,2,-0.54545
7145,73,438,24,1,0.45455
7145,73,438,25,1,0.54545
7145,73,438,26,1,0.090909
7145,73,438,27,1,0.18182
7145,73,438,28,2,-0.36364
7145,73,438,29,1,-0.090909
7145,73,438,30,2,-0.54545
7145,73,438,31,2,0.090909
7145,73,438,32,2,-0.18182
7145,73,438,33,2,-0.54545
7145,73,438,34,2,-0.090909
7145,73,438,35,1,-0.27273
7145,73,438,36,2,-0.45455
7145,73,438,37,1,0.72727
7145,73,438,38,2,-0.45455
7145,73,438,39,2,-0.36364
7145,73,438,40,1,0.090909
7145,73,438,41,2,0.090909
7145,73,438,42,2,-0.54545
7145,73,438,43,1,0.36364
7145,73,438,44,1,0.18182
7145,73,438,45,1,0.63636
7145,73,438,46,2,0.090909
7145,73,438,47,2,-0.54545
7145,73,438,48,1,0.27273
7145,73,438,49,2,0.090909
7145,73,438,50,2,0.090909
7145,73,438,51,2,-0.45455
7145,74,439,1,2,0.090909
7145,74,439,2,2,-0.090909
7145,74,439,3,1,-0.090909
7145,74,439,4,1,0.36364
7145,74,439,5,1,0.27273
7145,74,439,6,2,-0.72727
7145,74,439,7,1,0.18182
7145,74,439,8,2,-0.45455
7145,74,439,9,2,0.090909
7145,74,439,10,2,-0.54545
7145,74,439,11,2,-0.54545
7145,74,439,12,2,0.090909
7145,74,439,13,2,-0.27273
7145,74,439,14,1,0.090909
7145,74,439,15,1,0.27273
7145,74,439,16,1,0.090909
7145,74,439,17,2,0.45455
7145,74,439,18,1,0.090909
7145,74,439,19,1,0.18182
7145,74,439,20,2,-0.45455
7145,74,439,21,2,-0.27273
7145,74,439,22,2,-0.45455
7145,74,439,23,2,-0.27273
7145,74,439,24,2,-0.45455
7145,74,439,25,1,0.36364
7145,74,439,26,1,0.090909
7145,74,439,27,1,-0.090909
7145,74,439,28,1,0.18182
7145,74,439,29,2,-0.45455
7145,74,439,30,1,-0.090909
7145,74,439,31,1,0.18182
7145,74,439,32,1,0.090909
7145,74,439,33,1,0.090909
7145,74,439,34,2,0.090909
7145,74,439,35,2,-0.27273
7145,74,439,36,2,-0.63636
7145,74,439,37,2,0.090909
7145,74,439,38,2,-0.27273
7145,74,439,39,2,0.45455
7145,74,439,40,1,0.36364
7145,74,439,41,2,-0.36364
7145,74,439,42,1,0.36364
7145,74,439,43,2,-0.090909
7145,74,439,44,2,-0.45455
7145,74,439,45,1,0.63636
7145,74,439,46,1,0.18182
7145,74,439,47,1,-0.090909
7145,74,439,48,2,-0.18182
7145,74,439,49,1,0.45455
7145,74,439,50,2,-0.63636
7145,74,439,51,2,-0.36364
7145,74,440,1,2,-0.090909
7145,74,440,2,1,-0.63636
7145,74,440,3,2,-0.090909
7145,74,440,4,2,0.36364
7145,74,440,5,2,0.18182
7145,74,440,6,1,-0.54545
7145,74,440,7,2,0.45455
7145,74,440,8,2,-0.27273
7145,74,440,9,2,-0.36364
7145,74,440,10,2,-0.36364
7145,74,440,11,2,-0.54545
7145,74,440,12,2,0.81818
7145,74,440,13,2,0.45455
7145,74,440,14,1,0.81818
7145,74,440,15,2,0.36364
7145,74,440,16,1,-0.27273
7145,74,440,17,1,0.36364
7145,74,440,18,2,-0.090909
7145,74,440,19,1,-0.090909
7145,74,440,20,2,-0.36364
7145,74,440,21,2,-0.54545
7145,74,440,22,1,0.36364
7145,74,440,23,2,0.72727
7145,74,440,24,1,-0.45455
7145,74,440,25,2,-0.81818
7145,74,440,26,2,-0.090909
7145,74,440,27,2,0.36364
7145,74,440,28,1,0.81818
7145,74,440,29,1,0.45455
7145,74,440,30,1,0.81818
7145,74,440,31,1,0.45455
7145,74,440,32,1,-0.36364
7145,74,440,33,1,-0.36364
7145,74,440,34,2,-0.27273
7145,74,440,35,1,0.36364
7145,74,440,36,2,-0.63636
7145,74,440,37,2,0.45455
7145,74,440,38,2,0.63636
7145,74,440,39,1,0.45455
7145,74,440,40,1,0.18182
7145,74,440,41,1,0.27273
7145,74,440,42,2,-0.36364
7145,74,440,43,2,-0.54545
7145,74,440,44,2,0.18182
7145,74,440,45,1,0.81818
7145,74,440,46,2,0.090909
7145,74,440,47,2,-0.54545
7145,74,440,48,1,0.81818
7145,74,440,49,2,-0.54545
7145,74,440,50,2,-0.63636
7145,74,440,51,1,-0.090909
7145,74,441,1,2,-0.18182
7145,74,441,2,2,-0.18182
7145,74,441,3,2,-0.45455
7145,74,441,4,1,0.27273
7145,74,441,5,1,0.72727
7145,74,441,6,2,-0.36364
7145,74,441,7,2,0.45455
7145,74,441,8,2,0.54545
7145,74,441,9,1,0.72727
7145,74,441,10,1,-0.27273
7145,74,441,11,1,-0.36364
7145,74,441,12,2,0.36364
7145,74,441,13,1,0.36364
7145,74,441,14,1,-0.45455
7145,74,441,15,1,0.27273
7145,74,441,16,1,0.27273
7145,74,441,17,2,-0.36364
7145,74,441,18,1,0.54545
7145,74,441,19,2,-0.27273
7145,74,441,20,2,-0.18182
7145,74,441,21,2,-0.45455
7145,74,441,22,1,0.72727
7145,74,441,23,1,0.36364
7145,74,441,24,1,-0.18182
7145,74,441,25,2,-0.36364
7145,74,441,26,2,0.36364
7145,74,441,27,2,0.63636
7145,74,441,28,1,-0.45455
7145,74,441,29,2,-0.18182
7145,74,441,30,1,0.45455
7145,74,441,31,1,0.27273
7145,74,441,32,2,-0.45455
7145,74,441,33,2,-0.18182
7145,74,441,34,1,0.72727
7145,74,441,35,2,-0.36364
7145,74,441,36,1,0.45455
7145,74,441,37,1,-0.63636
7145,74,441,38,2,0.27273
7145,74,441,39,1,-0.27273
7145,74,441,40,1,0.090909
7145,74,441,41,1,0.54545
7145,74,441,42,1,-0.72727
7145,74,441,43,2,0.27273
7145,74,441,44,1,0.72727
7145,74,441,45,1,0.72727
7145,74,441,46,1,0.36364
7145,74,441,47,1,-0.81818
7145,74,441,48,1,0.18182
7145,74,441,49,2,-0.45455
7145,74,441,50,2,0.36364
7145,74,441,51,2,-0.36364
7145,74,442,1,2,0.18182
7145,74,442,2,1,0.090909
7145,74,442,3,1,-0.18182
7145,74,442,4,1,0.18182
7145,74,442,5,1,-0.27273
7145,74,442,6,2,-0.36364
7145,74,442,7,2,0.45455
7145,74,442,8,2,-0.090909
7145,74,442,9,1,0.36364
7145,74,442,10,2,-0.090909
7145,74,442,11,1,0.54545
7145,74,442,12,1,0.36364
7145,74,442,13,2,-0.18182
7145,74,442,14,2,-0.18182
7145,74,442,15,1,0.45455
7145,74,442,16,2,0.090909
7145,74,442,17,1,0.45455
7145,74,442,18,2,-0.090909
7145,74,442,19,2,-0.090909
7145,74,442,20,2,0.18182
7145,74,442,21,1,-0.090909
7145,74,442,22,2,-0.36364
7145,74,442,23,1,0.18182
7145,74,442,24,1,0.54545
7145,74,442,25,2,-0.45455
7145,74,442,26,1,0.63636
7145,74,442,27,1,0.18182
7145,74,442,28,1,0.36364
7145,74,442,29,2,0.18182
7145,74,442,30,2,-0.18182
7145,74,442,31,1,0.27273
7145,74,442,32,1,0.45455
7145,74,442,33,1,0.45455
7145,74,442,34,2,-0.36364
7145,74,442,35,1,0.54545
7145,74,442,36,2,-0.090909
7145,74,442,37,2,-0.36364
7145,74,442,38,1,0.18182
7145,74,442,39,2,-0.18182
7145,74,442,40,2,-0.18182
7145,74,442,41,1,0.090909
7145,74,442,42,1,0.63636
7145,74,442,43,2,0.090909
7145,74,442,44,1,0.72727
7145,74,442,45,1,-0.090909
7145,74,442,46,1,0.54545
7145,74,442,47,1,0.18182
7145,74,442,48,1,0.090909
7145,74,442,49,2,-0.27273
7145,74,442,50,1,0.18182
7145,74,442,51,2,-0.36364
7145,74,443,1,2,-0.63636
7145,74,443,2,2,0.81818
7145,74,443,3,2,-0.81818
7145,74,443,4,2,-0.18182
7145,74,443,5,1,-0.63636
7145,74,443,6,1,0.81818
7145,74,443,7,2,-0.18182
7145,74,443,8,2,-0.36364
7145,74,443,9,1,-0.27273
7145,74,443,10,2,-0.54545
7145,74,443,11,2,-0.36364
7145,74,443,12,2,0.36364
7145,74,443,13,2,-0.45455
7145,74,443,14,2,-0.81818
7145,74,443,15,2,-0.45455
7145,74,443,16,2,0.63636
7145,74,443,17,1,0.090909
7145,74,443,18,2,-0.63636
7145,74,443,19,2,-0.63636
7145,74,443,20,2,0.27273
7145,74,443,21,2,-0.27273
7145,74,443,22,2,-0.45455
7145,74,443,23,2,0.72727
7145,74,443,24,2,-0.18182
7145,74,443,25,2,0.81818
7145,74,443,26,2,0.36364
7145,74,443,27,2,0.45455
7145,74,443,28,1,-0.81818
7145,74,443,29,2,-0.54545
7145,74,443,30,2,-0.36364
7145,74,443,31,1,0.81818
7145,74,443,32,2,-0.63636
7145,74,443,33,2,-0.45455
7145,74,443,34,2,-0.36364
7145,74,443,35,2,-0.81818
7145,74,443,36,2,-0.81818
7145,74,443,37,2,0.36364
7145,74,443,38,2,-0.45455
7145,74,443,39,2,-0.18182
7145,74,443,40,2,-0.18182
7145,74,443,41,2,-0.36364
7145,74,443,42,1,0.81818
7145,74,443,43,2,0.18182
7145,74,443,44,2,-0.18182
7145,74,443,45,1,-0.27273
7145,74,443,46,2,-0.54545
7145,74,443,47,1,0.81818
7145,74,443,48,2,-0.63636
7145,74,443,49,2,-0.45455
7145,74,443,50,2,-0.81818
7145,74,443,51,2,-0.36364
7145,74,444,1,2,0.090909
7145,74,444,2,1,0.090909
7145,74,444,3,1,0.45455
7145,74,444,4,1,-0.54545
7145,74,444,5,1,0.18182
7145,74,444,6,1,-0.45455
7145,74,444,7,1,0.090909
7145,74,444,8,2,-0.54545
7145,74,444,9,1,0.27273
7145,74,444,10,1,0.36364
7145,74,444,11,2,-0.45455
7145,74,444,12,2,0.090909
7145,74,444,13,2,0.54545
7145,74,444,14,2,-0.45455
7145,74,444,15,1,0.090909
7145,74,444,16,2,-0.18182
7145,74,444,17,1,0.36364
7145,74,444,18,1,-0.18182
7145,74,444,19,1,0.27273
7145,74,444,20,2,-0.18182
7145,74,444,21,1,0.45455
7145,74,444,22,2,-0.36364
7145,74,444,23,2,-0.54545
7145,74,444,24,1,0.45455
7145,74,444,25,1,0.54545
7145,74,444,26,2,0.090909
7145,74,444,27,1,0.18182
7145,74,444,28,2,-0.36364
7145,74,444,29,2,-0.090909
7145,74,444,30,2,-0.54545
7145,74,444,31,1,0.090909
7145,74,444,32,2,-0.18182
7145,74,444,33,2,-0.54545
7145,74,444,34,2,-0.090909
7145,74,444,35,2,-0.27273
7145,74,444,36,2,-0.45455
7145,74,444,37,1,0.72727
7145,74,444,38,2,-0.45455
7145,74,444,39,2,-0.36364
7145,74,444,40,1,0.090909
7145,74,444,41,2,0.090909
7145,74,444,42,2,-0.54545
7145,74,444,43,1,0.36364
7145,74,444,44,1,0.18182
7145,74,444,45,1,0.63636
7145,74,444,46,2,0.090909
7145,74,444,47,2,-0.54545
7145,74,444,48,1,0.27273
7145,74,444,49,2,0.090909
7145,74,444,50,1,0.090909
7145,74,444,51,2,-0.45455
7145,75,445,1,2,0.090909
7145,75,445,2,1,-0.090909
7145,75,445,3,2,-0.090909
7145,75,445,4,2,0.36364
7145,75,445,5,2,0.27273
7145,75,445,6,2,-0.72727
7145,75,445,7,1,0.18182
7145,75,445,8,1,-0.45455
7145,75,445,9,1,0.090909
7145,75,445,10,2,-0.54545
7145,75,445,11,1,-0.54545
7145,75,445,12,1,0.090909
7145,75,445,13,2,-0.27273
7145,75,445,14,2,0.090909
7145,75,445,15,1,0.27273
7145,75,445,16,2,0.090909
7145,75,445,17,1,0.45455
7145,75,445,18,1,0.090909
7145,75,445,19,2,0.18182
7145,75,445,20,2,-0.45455
7145,75,445,21,2,-0.27273
7145,75,445,22,2,-0.45455
7145,75,445,23,2,-0.27273
7145,75,445,24,2,-0.45455
7145,75,445,25,1,0.36364
7145,75,445,26,1,0.090909
7145,75,445,27,1,-0.090909
7145,75,445,28,1,0.18182
7145,75,445,29,2,-0.45455
7145,75,445,30,2,-0.090909
7145,75,445,31,1,0.18182
7145,75,445,32,2,0.090909
7145,75,445,33,1,0.090909
7145,75,445,34,1,0.090909
7145,75,445,35,2,-0.27273
7145,75,445,36,2,-0.63636
7145,75,445,37,1,0.090909
7145,75,445,38,1,-0.27273
7145,75,445,39,1,0.45455
7145,75,445,40,1,0.36364
7145,75,445,41,2,-0.36364
7145,75,445,42,1,0.36364
7145,75,445,43,2,-0.090909
7145,75,445,44,2,-0.45455
7145,75,445,45,1,0.63636
7145,75,445,46,1,0.18182
7145,75,445,47,1,-0.090909
7145,75,445,48,2,-0.18182
7145,75,445,49,1,0.45455
7145,75,445,50,2,-0.63636
7145,75,445,51,2,-0.36364
7145,75,446,1,2,-0.090909
7145,75,446,2,2,-0.63636
7145,75,446,3,2,-0.090909
7145,75,446,4,1,0.36364
7145,75,446,5,1,0.18182
7145,75,446,6,1,-0.54545
7145,75,446,7,2,0.45455
7145,75,446,8,1,-0.27273
7145,75,446,9,1,-0.36364
7145,75,446,10,2,-0.36364
7145,75,446,11,2,-0.54545
7145,75,446,12,2,0.81818
7145,75,446,13,2,0.45455
7145,75,446,14,1,0.81818
7145,75,446,15,1,0.36364
7145,75,446,16,2,-0.27273
7145,75,446,17,1,0.36364
7145,75,446,18,1,-0.090909
7145,75,446,19,1,-0.090909
7145,75,446,20,2,-0.36364
7145,75,446,21,2,-0.54545
7145,75,446,22,1,0.36364
7145,75,446,23,2,0.72727
7145,75,446,24,2,-0.45455
7145,75,446,25,1,-0.81818
7145,75,446,26,2,-0.090909
7145,75,446,27,1,0.36364
7145,75,446,28,1,0.81818
7145,75,446,29,1,0.45455
7145,75,446,30,1,0.81818
7145,75,446,31,1,0.45455
7145,75,446,32,2,-0.36364
7145,75,446,33,1,-0.36364
7145,75,446,34,1,-0.27273
7145,75,446,35,1,0.36364
7145,75,446,36,2,-0.63636
7145,75,446,37,2,0.45455
7145,75,446,38,2,0.63636
7145,75,446,39,1,0.45455
7145,75,446,40,1,0.18182
7145,75,446,41,1,0.27273
7145,75,446,42,2,-0.36364
7145,75,446,43,1,-0.54545
7145,75,446,44,1,0.18182
7145,75,446,45,1,0.81818
7145,75,446,46,1,0.090909
7145,75,446,47,2,-0.54545
7145,75,446,48,1,0.81818
7145,75,446,49,2,-0.54545
7145,75,446,50,2,-0.63636
7145,75,446,51,1,-0.090909
7145,75,447,1,1,-0.18182
7145,75,447,2,2,-0.18182
7145,75,447,3,2,-0.45455
7145,75,447,4,1,0.27273
7145,75,447,5,2,0.72727
7145,75,447,6,2,-0.36364
7145,75,447,7,2,0.45455
7145,75,447,8,2,0.54545
7145,75,447,9,1,0.72727
7145,75,447,10,2,-0.27273
7145,75,447,11,1,-0.36364
7145,75,447,12,1,0.36364
7145,75,447,13,1,0.36364
7145,75,447,14,1,-0.45455
7145,75,447,15,2,0.27273
7145,75,447,16,1,0.27273
7145,75,447,17,2,-0.36364
7145,75,447,18,1,0.54545
7145,75,447,19,2,-0.27273
7145,75,447,20,2,-0.18182
7145,75,447,21,1,-0.45455
7145,75,447,22,1,0.72727
7145,75,447,23,1,0.36364
7145,75,447,24,2,-0.18182
7145,75,447,25,2,-0.36364
7145,75,447,26,1,0.36364
7145,75,447,27,2,0.63636
7145,75,447,28,1,-0.45455
7145,75,447,29,2,-0.18182
7145,75,447,30,1,0.45455
7145,75,447,31,1,0.27273
7145,75,447,32,2,-0.45455
7145,75,447,33,1,-0.18182
7145,75,447,34,1,0.72727
7145,75,447,35,2,-0.36364
7145,75,447,36,2,0.45455
7145,75,447,37,1,-0.63636
7145,75,447,38,2,0.27273
7145,75,447,39,2,-0.27273
7145,75,447,40,2,0.090909
7145,75,447,41,1,0.54545
7145,75,447,42,2,-0.72727
7145,75,447,43,1,0.27273
7145,75,447,44,1,0.72727
7145,75,447,45,1,0.72727
7145,75,447,46,1,0.36364
7145,75,447,47,1,-0.81818
7145,75,447,48,2,0.18182
7145,75,447,49,2,-0.45455
7145,75,447,50,2,0.36364
7145,75,447,51,2,-0.36364
7145,75,448,1,1,0.18182
7145,75,448,2,2,0.090909
7145,75,448,3,2,-0.18182
7145,75,448,4,1,0.18182
7145,75,448,5,2,-0.27273
7145,75,448,6,2,-0.36364
7145,75,448,7,2,0.45455
7145,75,448,8,2,-0.090909
7145,75,448,9,1,0.36364
7145,75,448,10,2,-0.090909
7145,75,448,11,1,0.54545
7145,75,448,12,1,0.36364
7145,75,448,13,2,-0.18182
7145,75,448,14,2,-0.18182
7145,75,448,15,1,0.45455
7145,75,448,16,2,0.090909
7145,75,448,17,1,0.45455
7145,75,448,18,2,-0.090909
7145,75,448,19,1,-0.090909
7145,75,448,20,2,0.18182
7145,75,448,21,1,-0.090909
7145,75,448,22,2,-0.36364
7145,75,448,23,1,0.18182
7145,75,448,24,1,0.54545
7145,75,448,25,2,-0.45455
7145,75,448,26,1,0.63636
7145,75,448,27,2,0.18182
7145,75,448,28,1,0.36364
7145,75,448,29,1,0.18182
7145,75,448,30,2,-0.18182
7145,75,448,31,1,0.27273
7145,75,448,32,1,0.45455
7145,75,448,33,1,0.45455
7145,75,448,34,2,-0.36364
7145,75,448,35,1,0.54545
7145,75,448,36,2,-0.090909
7145,75,448,37,2,-0.36364
7145,75,448,38,1,0.18182
7145,75,448,39,2,-0.18182
7145,75,448,40,2,-0.18182
7145,75,448,41,2,0.090909
7145,75,448,42,1,0.63636
7145,75,448,43,2,0.090909
7145,75,448,44,1,0.72727
7145,75,448,45,1,-0.090909
7145,75,448,46,1,0.54545
7145,75,448,47,1,0.18182
7145,75,448,48,2,0.090909
7145,75,448,49,2,-0.27273
7145,75,448,50,2,0.18182
7145,75,448,51,2,-0.36364
7145,75,449,1,1,-0.63636
7145,75,449,2,1,0.81818
7145,75,449,3,2,-0.81818
7145,75,449,4,2,-0.18182
7145,75,449,5,2,-0.63636
7145,75,449,6,1,0.81818
7145,75,449,7,1,-0.18182
7145,75,449,8,2,-0.36364
7145,75,449,9,1,-0.27273
7145,75,449,10,2,-0.54545
7145,75,449,11,2,-0.36364
7145,75,449,12,2,0.36364
7145,75,449,13,2,-0.45455
7145,75,449,14,2,-0.81818
7145,75,449,15,2,-0.45455
7145,75,449,16,2,0.63636
7145,75,449,17,1,0.090909
7145,75,449,18,2,-0.63636
7145,75,449,19,2,-0.63636
7145,75,449,20,2,0.27273
7145,75,449,21,2,-0.27273
7145,75,449,22,2,-0.45455
7145,75,449,23,2,0.72727
7145,75,449,24,2,-0.18182
7145,75,449,25,1,0.81818
7145,75,449,26,2,0.36364
7145,75,449,27,2,0.45455
7145,75,449,28,2,-0.81818
7145,75,449,29,2,-0.54545
7145,75,449,30,2,-0.36364
7145,75,449,31,1,0.81818
7145,75,449,32,2,-0.63636
7145,75,449,33,2,-0.45455
7145,75,449,34,2,-0.36364
7145,75,449,35,2,-0.81818
7145,75,449,36,2,-0.81818
7145,75,449,37,2,0.36364
7145,75,449,38,2,-0.45455
7145,75,449,39,2,-0.18182
7145,75,449,40,2,-0.18182
7145,75,449,41,2,-0.36364
7145,75,449,42,1,0.81818
7145,75,449,43,2,0.18182
7145,75,449,44,2,-0.18182
7145,75,449,45,2,-0.27273
7145,75,449,46,2,-0.54545
7145,75,449,47,1,0.81818
7145,75,449,48,2,-0.63636
7145,75,449,49,2,-0.45455
7145,75,449,50,2,-0.81818
7145,75,449,51,2,-0.36364
7145,75,450,1,1,0.090909
7145,75,450,2,1,0.090909
7145,75,450,3,2,0.45455
7145,75,450,4,2,-0.54545
7145,75,450,5,1,0.18182
7145,75,450,6,2,-0.45455
7145,75,450,7,2,0.090909
7145,75,450,8,1,-0.54545
7145,75,450,9,2,0.27273
7145,75,450,10,1,0.36364
7145,75,450,11,2,-0.45455
7145,75,450,12,2,0.090909
7145,75,450,13,1,0.54545
7145,75,450,14,2,-0.45455
7145,75,450,15,2,0.090909
7145,75,450,16,2,-0.18182
7145,75,450,17,1,0.36364
7145,75,450,18,2,-0.18182
7145,75,450,19,1,0.27273
7145,75,450,20,2,-0.18182
7145,75,450,21,1,0.45455
7145,75,450,22,2,-0.36364
7145,75,450,23,2,-0.54545
7145,75,450,24,1,0.45455
7145,75,450,25,1,0.54545
7145,75,450,26,2,0.090909
7145,75,450,27,1,0.18182
7145,75,450,28,2,-0.36364
7145,75,450,29,1,-0.090909
7145,75,450,30,2,-0.54545
7145,75,450,31,1,0.090909
7145,75,450,32,2,-0.18182
7145,75,450,33,2,-0.54545
7145,75,450,34,2,-0.090909
7145,75,450,35,2,-0.27273
7145,75,450,36,2,-0.45455
7145,75,450,37,1,0.72727
7145,75,450,38,2,-0.45455
7145,75,450,39,2,-0.36364
7145,75,450,40,1,0.090909
7145,75,450,41,1,0.090909
7145,75,450,42,2,-0.54545
7145,75,450,43,1,0.36364
7145,75,450,44,1,0.18182
7145,75,450,45,1,0.63636
7145,75,450,46,1,0.090909
7145,75,450,47,2,-0.54545
7145,75,450,48,1,0.27273
7145,75,450,49,2,0.090909
7145,75,450,50,2,0.090909
7145,75,450,51,2,-0.45455
7145,76,451,1,2,0.090909
7145,76,451,2,2,-0.090909
7145,76,451,3,2,-0.090909
7145,76,451,4,2,0.36364
7145,76,451,5,1,0.27273
7145,76,451,6,1,-0.72727
7145,76,451,7,1,0.18182
7145,76,451,8,1,-0.45455
7145,76,451,9,1,0.090909
7145,76,451,10,2,-0.54545
7145,76,451,11,2,-0.54545
7145,76,451,12,2,0.090909
7145,76,451,13,2,-0.27273
7145,76,451,14,2,0.090909
7145,76,451,15,2,0.27273
7145,76,451,16,1,0.090909
7145,76,451,17,2,0.45455
7145,76,451,18,1,0.090909
7145,76,451,19,2,0.18182
7145,76,451,20,2,-0.45455
7145,76,451,21,2,-0.27273
7145,76,451,22,2,-0.45455
7145,76,451,23,2,-0.27273
7145,76,451,24,2,-0.45455
7145,76,451,25,1,0.36364
7145,76,451,26,1,0.090909
7145,76,451,27,1,-0.090909
7145,76,451,28,1,0.18182
7145,76,451,29,2,-0.45455
7145,76,451,30,1,-0.090909
7145,76,451,31,1,0.18182
7145,76,451,32,1,0.090909
7145,76,451,33,1,0.090909
7145,76,451,34,1,0.090909
7145,76,451,35,2,-0.27273
7145,76,451,36,2,-0.63636
7145,76,451,37,1,0.090909
7145,76,451,38,1,-0.27273
7145,76,451,39,1,0.45455
7145,76,451,40,1,0.36364
7145,76,451,41,2,-0.36364
7145,76,451,42,1,0.36364
7145,76,451,43,1,-0.090909
7145,76,451,44,2,-0.45455
7145,76,451,45,1,0.63636
7145,76,451,46,1,0.18182
7145,76,451,47,2,-0.090909
7145,76,451,48,1,-0.18182
7145,76,451,49,1,0.45455
7145,76,451,50,2,-0.63636
7145,76,451,51,2,-0.36364
7145,76,452,1,2,-0.090909
7145,76,452,2,2,-0.63636
7145,76,452,3,2,-0.090909
7145,76,452,4,1,0.36364
7145,76,452,5,2,0.18182
7145,76,452,6,2,-0.54545
7145,76,452,7,2,0.45455
7145,76,452,8,2,-0.27273
7145,76,452,9,2,-0.36364
7145,76,452,10,2,-0.36364
7145,76,452,11,1,-0.54545
7145,76,452,12,2,0.81818
7145,76,452,13,2,0.45455
7145,76,452,14,1,0.81818
7145,76,452,15,1,0.36364
7145,76,452,16,1,-0.27273
7145,76,452,17,2,0.36364
7145,76,452,18,2,-0.090909
7145,76,452,19,1,-0.090909
7145,76,452,20,2,-0.36364
7145,76,452,21,2,-0.54545
7145,76,452,22,1,0.36364
7145,76,452,23,2,0.72727
7145,76,452,24,2,-0.45455
7145,76,452,25,1,-0.81818
7145,76,452,26,2,-0.090909
7145,76,452,27,1,0.36364
7145,76,452,28,1,0.81818
7145,76,452,29,2,0.45455
7145,76,452,30,1,0.81818
7145,76,452,31,2,0.45455
7145,76,452,32,1,-0.36364
7145,76,452,33,1,-0.36364
7145,76,452,34,2,-0.27273
7145,76,452,35,1,0.36364
7145,76,452,36,2,-0.63636
7145,76,452,37,1,0.45455
7145,76,452,38,1,0.63636
7145,76,452,39,1,0.45455
7145,76,452,40,1,0.18182
7145,76,452,41,2,0.27273
7145,76,452,42,1,-0.36364
7145,76,452,43,2,-0.54545
7145,76,452,44,1,0.18182
7145,76,452,45,1,0.81818
7145,76,452,46,2,0.090909
7145,76,452,47,2,-0.54545
7145,76,452,48,1,0.81818
7145,76,452,49,2,-0.54545
7145,76,452,50,2,-0.63636
7145,76,452,51,1,-0.090909
7145,76,453,1,2,-0.18182
7145,76,453,2,2,-0.18182
7145,76,453,3,2,-0.45455
7145,76,453,4,1,0.27273
7145,76,453,5,2,0.72727
7145,76,453,6,2,-0.36364
7145,76,453,7,2,0.45455
7145,76,453,8,1,0.54545
7145,76,453,9,1,0.72727
7145,76,453,10,1,-0.27273
7145,76,453,11,1,-0.36364
7145,76,453,12,1,0.36364
7145,76,453,13,1,0.36364
7145,76,453,14,1,-0.45455
7145,76,453,15,1,0.27273
7145,76,453,16,1,0.27273
7145,76,453,17,2,-0.36364
7145,76,453,18,2,0.54545
7145,76,453,19,1,-0.27273
7145,76,453,20,2,-0.18182
7145,76,453,21,1,-0.45455
7145,76,453,22,1,0.72727
7145,76,453,23,1,0.36364
7145,76,453,24,2,-0.18182
7145,76,453,25,2,-0.36364
7145,76,453,26,1,0.36364
7145,76,453,27,2,0.63636
7145,76,453,28,2,-0.45455
7145,76,453,29,1,-0.18182
7145,76,453,30,2,0.45455
7145,76,453,31,1,0.27273
7145,76,453,32,2,-0.45455
7145,76,453,33,2,-0.18182
7145,76,453,34,1,0.72727
7145,76,453,35,2,-0.36364
7145,76,453,36,1,0.45455
7145,76,453,37,1,-0.63636
7145,76,453,38,1,0.27273
7145,76,453,39,2,-0.27273
7145,76,453,40,1,0.090909
7145,76,453,41,1,0.54545
7145,76,453,42,1,-0.72727
7145,76,453,43,1,0.27273
7145,76,453,44,1,0.72727
7145,76,453,45,1,0.72727
7145,76,453,46,1,0.36364
7145,76,453,47,1,-0.81818
7145,76,453,48,2,0.18182
7145,76,453,49,2,-0.45455
7145,76,453,50,1,0.36364
7145,76,453,51,2,-0.36364
7145,76,454,1,2,0.18182
7145,76,454,2,1,0.090909
7145,76,454,3,2,-0.18182
7145,76,454,4,1,0.18182
7145,76,454,5,2,-0.27273
7145,76,454,6,2,-0.36364
7145,76,454,7,2,0.45455
7145,76,454,8,1,-0.090909
7145,76,454,9,1,0.36364
7145,76,454,10,2,-0.090909
7145,76,454,11,1,0.54545
7145,76,454,12,2,0.36364
7145,76,454,13,2,-0.18182
7145,76,454,14,1,-0.18182
7145,76,454,15,1,0.45455
7145,76,454,16,2,0.090909
7145,76,454,17,1,0.45455
7145,76,454,18,1,-0.090909
7145,76,454,19,2,-0.090909
7145,76,454,20,2,0.18182
7145,76,454,21,1,-0.090909
7145,76,454,22,2,-0.36364
7145,76,454,23,1,0.18182
7145,76,454,24,1,0.54545
7145,76,454,25,1,-0.45455
7145,76,454,26,1,0.63636
7145,76,454,27,2,0.18182
7145,76,454,28,1,0.36364
7145,76,454,29,1,0.18182
7145,76,454,30,1,-0.18182
7145,76,454,31,1,0.27273
7145,76,454,32,1,0.45455
7145,76,454,33,1,0.45455
7145,76,454,34,2,-0.36364
7145,76,454,35,1,0.54545
7145,76,454,36,2,-0.090909
7145,76,454,37,2,-0.36364
7145,76,454,38,1,0.18182
7145,76,454,39,2,-0.18182
7145,76,454,40,2,-0.18182
7145,76,454,41,2,0.090909
7145,76,454,42,1,0.63636
7145,76,454,43,1,0.090909
7145,76,454,44,1,0.72727
7145,76,454,45,1,-0.090909
7145,76,454,46,1,0.54545
7145,76,454,47,1,0.18182
7145,76,454,48,1,0.090909
7145,76,454,49,2,-0.27273
7145,76,454,50,2,0.18182
7145,76,454,51,2,-0.36364
7145,76,455,1,2,-0.63636
7145,76,455,2,2,0.81818
7145,76,455,3,2,-0.81818
7145,76,455,4,1,-0.18182
7145,76,455,5,1,-0.63636
7145,76,455,6,2,0.81818
7145,76,455,7,2,-0.18182
7145,76,455,8,1,-0.36364
7145,76,455,9,2,-0.27273
7145,76,455,10,2,-0.54545
7145,76,455,11,2,-0.36364
7145,76,455,12,2,0.36364
7145,76,455,13,2,-0.45455
7145,76,455,14,2,-0.81818
7145,76,455,15,2,-0.45455
7145,76,455,16,2,0.63636
7145,76,455,17,1,0.090909
7145,76,455,18,2,-0.63636
7145,76,455,19,2,-0.63636
7145,76,455,20,2,0.27273
7145,76,455,21,2,-0.27273
7145,76,455,22,2,-0.45455
7145,76,455,23,2,0.72727
7145,76,455,24,1,-0.18182
7145,76,455,25,1,0.81818
7145,76,455,26,2,0.36364
7145,76,455,27,2,0.45455
7145,76,455,28,2,-0.81818
7145,76,455,29,1,-0.54545
7145,76,455,30,2,-0.36364
7145,76,455,31,1,0.81818
7145,76,455,32,2,-0.63636
7145,76,455,33,2,-0.45455
7145,76,455,34,2,-0.36364
7145,76,455,35,2,-0.81818
7145,76,455,36,2,-0.81818
7145,76,455,37,2,0.36364
7145,76,455,38,2,-0.45455
7145,76,455,39,2,-0.18182
7145,76,455,40,2,-0.18182
7145,76,455,41,2,-0.36364
7145,76,455,42,1,0.81818
7145,76,455,43,2,0.18182
7145,76,455,44,2,-0.18182
7145,76,455,45,1,-0.27273
7145,76,455,46,1,-0.54545
7145,76,455,47,1,0.81818
7145,76,455,48,2,-0.63636
7145,76,455,49,2,-0.45455
7145,76,455,50,2,-0.81818
7145,76,455,51,2,-0.36364
7145,76,456,1,2,0.090909
7145,76,456,2,2,0.090909
7145,76,456,3,1,0.45455
7145,76,456,4,1,-0.54545
7145,76,456,5,2,0.18182
7145,76,456,6,2,-0.45455
7145,76,456,7,2,0.090909
7145,76,456,8,2,-0.54545
7145,76,456,9,1,0.27273
7145,76,456,10,1,0.36364
7145,76,456,11,2,-0.45455
7145,76,456,12,2,0.090909
7145,76,456,13,1,0.54545
7145,76,456,14,2,-0.45455
7145,76,456,15,1,0.090909
7145,76,456,16,2,-0.18182
7145,76,456,17,1,0.36364
7145,76,456,18,2,-0.18182
7145,76,456,19,2,0.27273
7145,76,456,20,2,-0.18182
7145,76,456,21,1,0.45455
7145,76,456,22,2,-0.36364
7145,76,456,23,2,-0.54545
7145,76,456,24,1,0.45455
7145,76,456,25,1,0.54545
7145,76,456,26,2,0.090909
7145,76,456,27,1,0.18182
7145,76,456,28,2,-0.36364
7145,76,456,29,2,-0.090909
7145,76,456,30,2,-0.54545
7145,76,456,31,2,0.090909
7145,76,456,32,2,-0.18182
7145,76,456,33,2,-0.54545
7145,76,456,34,2,-0.090909
7145,76,456,35,1,-0.27273
7145,76,456,36,2,-0.45455
7145,76,456,37,1,0.72727
7145,76,456,38,2,-0.45455
7145,76,456,39,2,-0.36364
7145,76,456,40,1,0.090909
7145,76,456,41,1,0.090909
7145,76,456,42,2,-0.54545
7145,76,456,43,1,0.36364
7145,76,456,44,1,0.18182
7145,76,456,45,1,0.63636
7145,76,456,46,2,0.090909
7145,76,456,47,2,-0.54545
7145,76,456,48,1,0.27273
7145,76,456,49,1,0.090909
7145,76,456,50,2,0.090909
7145,76,456,51,2,-0.45455
7145,77,457,1,2,0.090909
7145,77,457,2,2,-0.090909
7145,77,457,3,1,-0.090909
7145,77,457,4,1,0.36364
7145,77,457,5,1,0.27273
7145,77,457,6,2,-0.72727
7145,77,457,7,1,0.18182
7145,77,457,8,2,-0.45455
7145,77,457,9,1,0.090909
7145,77,457,10,2,-0.54545
7145,77,457,11,2,-0.54545
7145,77,457,12,2,0.090909
7145,77,457,13,2,-0.27273
7145,77,457,14,1,0.090909
7145,77,457,15,2,0.27273
7145,77,457,16,2,0.090909
7145,77,457,17,1,0.45455
7145,77,457,18,1,0.090909
7145,77,457,19,1,0.18182
7145,77,457,20,2,-0.45455
7145,77,457,21,2,-0.27273
7145,77,457,22,2,-0.45455
7145,77,457,23,2,-0.27273
7145,77,457,24,2,-0.45455
7145,77,457,25,1,0.36364
7145,77,457,26,1,0.090909
7145,77,457,27,1,-0.090909
7145,77,457,28,1,0.18182
7145,77,457,29,2,-0.45455
7145,77,457,30,1,-0.090909
7145,77,457,31,1,0.18182
7145,77,457,32,2,0.090909
7145,77,457,33,1,0.090909
7145,77,457,34,1,0.090909
7145,77,457,35,2,-0.27273
7145,77,457,36,1,-0.63636
7145,77,457,37,1,0.090909
7145,77,457,38,1,-0.27273
7145,77,457,39,1,0.45455
7145,77,457,40,1,0.36364
7145,77,457,41,2,-0.36364
7145,77,457,42,1,0.36364
7145,77,457,43,1,-0.090909
7145,77,457,44,2,-0.45455
7145,77,457,45,1,0.63636
7145,77,457,46,1,0.18182
7145,77,457,47,1,-0.090909
7145,77,457,48,1,-0.18182
7145,77,457,49,1,0.45455
7145,77,457,50,2,-0.63636
7145,77,457,51,2,-0.36364
7145,77,458,1,2,-0.090909
7145,77,458,2,2,-0.63636
7145,77,458,3,2,-0.090909
7145,77,458,4,2,0.36364
7145,77,458,5,1,0.18182
7145,77,458,6,2,-0.54545
7145,77,458,7,1,0.45455
7145,77,458,8,2,-0.27273
7145,77,458,9,2,-0.36364
7145,77,458,10,2,-0.36364
7145,77,458,11,2,-0.54545
7145,77,458,12,1,0.81818
7145,77,458,13,1,0.45455
7145,77,458,14,1,0.81818
7145,77,458,15,2,0.36364
7145,77,458,16,1,-0.27273
7145,77,458,17,1,0.36364
7145,77,458,18,1,-0.090909
7145,77,458,19,2,-0.090909
7145,77,458,20,2,-0.36364
7145,77,458,21,2,-0.54545
7145,77,458,22,1,0.36364
7145,77,458,23,2,0.72727
7145,77,458,24,1,-0.45455
7145,77,458,25,1,-0.81818
7145,77,458,26,2,-0.090909
7145,77,458,27,1,0.36364
7145,77,458,28,1,0.81818
7145,77,458,29,1,0.45455
7145,77,458,30,1,0.81818
7145,77,458,31,2,0.45455
7145,77,458,32,1,-0.36364
7145,77,458,33,2,-0.36364
7145,77,458,34,1,-0.27273
7145,77,458,35,1,0.36364
7145,77,458,36,2,-0.63636
7145,77,458,37,2,0.45455
7145,77,458,38,2,0.63636
7145,77,458,39,1,0.45455
7145,77,458,40,1,0.18182
7145,77,458,41,1,0.27273
7145,77,458,42,2,-0.36364
7145,77,458,43,2,-0.54545
7145,77,458,44,1,0.18182
7145,77,458,45,1,0.81818
7145,77,458,46,2,0.090909
7145,77,458,47,2,-0.54545
7145,77,458,48,1,0.81818
7145,77,458,49,2,-0.54545
7145,77,458,50,2,-0.63636
7145,77,458,51,1,-0.090909
7145,77,459,1,1,-0.18182
7145,77,459,2,2,-0.18182
7145,77,459,3,1,-0.45455
7145,77,459,4,1,0.27273
7145,77,459,5,1,0.72727
7145,77,459,6,2,-0.36364
7145,77,459,7,2,0.45455
7145,77,459,8,2,0.54545
7145,77,459,9,1,0.72727
7145,77,459,10,2,-0.27273
7145,77,459,11,1,-0.36364
7145,77,459,12,1,0.36364
7145,77,459,13,1,0.36364
7145,77,459,14,2,-0.45455
7145,77,459,15,2,0.27273
7145,77,459,16,1,0.27273
7145,77,459,17,2,-0.36364
7145,77,459,18,2,0.54545
7145,77,459,19,2,-0.27273
7145,77,459,20,2,-0.18182
7145,77,459,21,2,-0.45455
7145,77,459,22,1,0.72727
7145,77,459,23,2,0.36364
7145,77,459,24,2,-0.18182
7145,77,459,25,2,-0.36364
7145,77,459,26,1,0.36364
7145,77,459,27,2,0.63636
7145,77,459,28,2,-0.45455
7145,77,459,29,2,-0.18182
7145,77,459,30,1,0.45455
7145,77,459,31,1,0.27273
7145,77,459,32,2,-0.45455
7145,77,459,33,2,-0.18182
7145,77,459,34,1,0.72727
7145,77,459,35,2,-0.36364
7145,77,459,36,1,0.45455
7145,77,459,37,1,-0.63636
7145,77,459,38,1,0.27273
7145,77,459,39,1,-0.27273
7145,77,459,40,2,0.090909
7145,77,459,41,1,0.54545
7145,77,459,42,1,-0.72727
7145,77,459,43,2,0.27273
7145,77,459,44,1,0.72727
7145,77,459,45,1,0.72727
7145,77,459,46,1,0.36364
7145,77,459,47,1,-0.81818
7145,77,459,48,2,0.18182
7145,77,459,49,2,-0.45455
7145,77,459,50,1,0.36364
7145,77,459,51,2,-0.36364
7145,77,460,1,2,0.18182
7145,77,460,2,1,0.090909
7145,77,460,3,2,-0.18182
7145,77,460,4,1,0.18182
7145,77,460,5,2,-0.27273
7145,77,460,6,2,-0.36364
7145,77,460,7,1,0.45455
7145,77,460,8,2,-0.090909
7145,77,460,9,2,0.36364
7145,77,460,10,2,-0.090909
7145,77,460,11,1,0.54545
7145,77,460,12,1,0.36364
7145,77,460,13,2,-0.18182
7145,77,460,14,2,-0.18182
7145,77,460,15,1,0.45455
7145,77,460,16,1,0.090909
7145,77,460,17,1,0.45455
7145,77,460,18,1,-0.090909
7145,77,460,19,2,-0.090909
7145,77,460,20,2,0.18182
7145,77,460,21,2,-0.090909
7145,77,460,22,2,-0.36364
7145,77,460,23,2,0.18182
7145,77,460,24,1,0.54545
7145,77,460,25,2,-0.45455
7145,77,460,26,1,0.63636
7145,77,460,27,2,0.18182
7145,77,460,28,1,0.36364
7145,77,460,29,1,0.18182
7145,77,460,30,1,-0.18182
7145,77,460,31,1,0.27273
7145,77,460,32,1,0.45455
7145,77,460,33,1,0.45455
7145,77,460,34,2,-0.36364
7145,77,460,35,1,0.54545
7145,77,460,36,1,-0.090909
7145,77,460,37,2,-0.36364
7145,77,460,38,1,0.18182
7145,77,460,39,2,-0.18182
7145,77,460,40,2,-0.18182
7145,77,460,41,2,0.090909
7145,77,460,42,1,0.63636
7145,77,460,43,2,0.090909
7145,77,460,44,1,0.72727
7145,77,460,45,2,-0.090909
7145,77,460,46,1,0.54545
7145,77,460,47,2,0.18182
7145,77,460,48,2,0.090909
7145,77,460,49,2,-0.27273
7145,77,460,50,1,0.18182
7145,77,460,51,2,-0.36364
7145,77,461,1,2,-0.63636
7145,77,461,2,1,0.81818
7145,77,461,3,2,-0.81818
7145,77,461,4,2,-0.18182
7145,77,461,5,2,-0.63636
7145,77,461,6,1,0.81818
7145,77,461,7,1,-0.18182
7145,77,461,8,2,-0.36364
7145,77,461,9,1,-0.27273
7145,77,461,10,1,-0.54545
7145,77,461,11,2,-0.36364
7145,77,461,12,2,0.36364
7145,77,461,13,2,-0.45455
7145,77,461,14,2,-0.81818
7145,77,461,15,2,-0.45455
7145,77,461,16,2,0.63636
7145,77,461,17,2,0.090909
7145,77,461,18,2,-0.63636
7145,77,461,19,2,-0.63636
7145,77,461,20,2,0.27273
7145,77,461,21,2,-0.27273
7145,77,461,22,2,-0.45455
7145,77,461,23,2,0.72727
7145,77,461,24,1,-0.18182
7145,77,461,25,1,0.81818
7145,77,461,26,1,0.36364
7145,77,461,27,2,0.45455
7145,77,461,28,2,-0.81818
7145,77,461,29,1,-0.54545
7145,77,461,30,2,-0.36364
7145,77,461,31,1,0.81818
7145,77,461,32,2,-0.63636
7145,77,461,33,2,-0.45455
7145,77,461,34,2,-0.36364
7145,77,461,35,2,-0.81818
7145,77,461,36,2,-0.81818
7145,77,461,37,2,0.36364
7145,77,461,38,2,-0.45455
7145,77,461,39,2,-0.18182
7145,77,461,40,2,-0.18182
7145,77,461,41,2,-0.36364
7145,77,461,42,1,0.81818
7145,77,461,43,2,0.18182
7145,77,461,44,2,-0.18182
7145,77,461,45,1,-0.27273
7145,77,461,46,2,-0.54545
7145,77,461,47,1,0.81818
7145,77,461,48,2,-0.63636
7145,77,461,49,2,-0.45455
7145,77,461,50,2,-0.81818
7145,77,461,51,2,-0.36364
7145,77,462,1,2,0.090909
7145,77,462,2,2,0.090909
7145,77,462,3,2,0.45455
7145,77,462,4,2,-0.54545
7145,77,462,5,1,0.18182
7145,77,462,6,2,-0.45455
7145,77,462,7,1,0.090909
7145,77,462,8,2,-0.54545
7145,77,462,9,1,0.27273
7145,77,462,10,1,0.36364
7145,77,462,11,2,-0.45455
7145,77,462,12,2,0.090909
7145,77,462,13,1,0.54545
7145,77,462,14,2,-0.45455
7145,77,462,15,2,0.090909
7145,77,462,16,2,-0.18182
7145,77,462,17,1,0.36364
7145,77,462,18,2,-0.18182
7145,77,462,19,1,0.27273
7145,77,462,20,1,-0.18182
7145,77,462,21,1,0.45455
7145,77,462,22,2,-0.36364
7145,77,462,23,2,-0.54545
7145,77,462,24,1,0.45455
7145,77,462,25,1,0.54545
7145,77,462,26,2,0.090909
7145,77,462,27,1,0.18182
7145,77,462,28,2,-0.36364
7145,77,462,29,2,-0.090909
7145,77,462,30,2,-0.54545
7145,77,462,31,2,0.090909
7145,77,462,32,2,-0.18182
7145,77,462,33,2,-0.54545
7145,77,462,34,1,-0.090909
7145,77,462,35,2,-0.27273
7145,77,462,36,2,-0.45455
7145,77,462,37,1,0.72727
7145,77,462,38,2,-0.45455
7145,77,462,39,1,-0.36364
7145,77,462,40,1,0.090909
7145,77,462,41,2,0.090909
7145,77,462,42,2,-0.54545
7145,77,462,43,1,0.36364
7145,77,462,44,1,0.18182
7145,77,462,45,1,0.63636
7145,77,462,46,2,0.090909
7145,77,462,47,2,-0.54545
7145,77,462,48,1,0.27273
7145,77,462,49,2,0.090909
7145,77,462,50,2,0.090909
7145,77,462,51,2,-0.45455
7145,78,463,1,2,0.090909
7145,78,463,2,2,-0.090909
7145,78,463,3,1,-0.090909
7145,78,463,4,1,0.36364
7145,78,463,5,2,0.27273
7145,78,463,6,1,-0.72727
7145,78,463,7,2,0.18182
7145,78,463,8,2,-0.45455
7145,78,463,9,1,0.090909
7145,78,463,10,2,-0.54545
7145,78,463,11,2,-0.54545
7145,78,463,12,2,0.090909
7145,78,463,13,2,-0.27273
7145,78,463,14,2,0.090909
7145,78,463,15,2,0.27273
7145,78,463,16,1,0.090909
7145,78,463,17,1,0.45455
7145,78,463,18,1,0.090909
7145,78,463,19,1,0.18182
7145,78,463,20,2,-0.45455
7145,78,463,21,2,-0.27273
7145,78,463,22,2,-0.45455
7145,78,463,23,2,-0.27273
7145,78,463,24,2,-0.45455
7145,78,463,25,1,0.36364
7145,78,463,26,1,0.090909
7145,78,463,27,1,-0.090909
7145,78,463,28,1,0.18182
7145,78,463,29,2,-0.45455
7145,78,463,30,2,-0.090909
7145,78,463,31,1,0.18182
7145,78,463,32,2,0.090909
7145,78,463,33,1,0.090909
7145,78,463,34,1,0.090909
7145,78,463,35,2,-0.27273
7145,78,463,36,2,-0.63636
7145,78,463,37,1,0.090909
7145,78,463,38,1,-0.27273
7145,78,463,39,1,0.45455
7145,78,463,40,1,0.36364
7145,78,463,41,2,-0.36364
7145,78,463,42,2,0.36364
7145,78,463,43,1,-0.090909
7145,78,463,44,2,-0.45455
7145,78,463,45,1,0.63636
7145,78,463,46,1,0.18182
7145,78,463,47,2,-0.090909
7145,78,463,48,2,-0.18182
7145,78,463,49,1,0.45455
7145,78,463,50,2,-0.63636
7145,78,463,51,2,-0.36364
7145,78,464,1,1,-0.090909
7145,78,464,2,1,-0.63636
7145,78,464,3,1,-0.090909
7145,78,464,4,2,0.36364
7145,78,464,5,1,0.18182
7145,78,464,6,1,-0.54545
7145,78,464,7,2,0.45455
7145,78,464,8,1,-0.27273
7145,78,464,9,2,-0.36364
7145,78,464,10,2,-0.36364
7145,78,464,11,2,-0.54545
7145,78,464,12,1,0.81818
7145,78,464,13,2,0.45455
7145,78,464,14,1,0.81818
7145,78,464,15,2,0.36364
7145,78,464,16,1,-0.27273
7145,78,464,17,2,0.36364
7145,78,464,18,1,-0.090909
7145,78,464,19,2,-0.090909
7145,78,464,20,2,-0.36364
7145,78,464,21,2,-0.54545
7145,78,464,22,2,0.36364
7145,78,464,23,2,0.72727
7145,78,464,24,2,-0.45455
7145,78,464,25,1,-0.81818
7145,78,464,26,2,-0.090909
7145,78,464,27,1,0.36364
7145,78,464,28,1,0.81818
7145,78,464,29,1,0.45455
7145,78,464,30,1,0.81818
7145,78,464,31,1,0.45455
7145,78,464,32,1,-0.36364
7145,78,464,33,2,-0.36364
7145,78,464,34,1,-0.27273
7145,78,464,35,1,0.36364
7145,78,464,36,2,-0.63636
7145,78,464,37,1,0.45455
7145,78,464,38,2,0.63636
7145,78,464,39,1,0.45455
7145,78,464,40,1,0.18182
7145,78,464,41,1,0.27273
7145,78,464,42,1,-0.36364
7145,78,464,43,2,-0.54545
7145,78,464,44,1,0.18182
7145,78,464,45,1,0.81818
7145,78,464,46,2,0.090909
7145,78,464,47,2,-0.54545
7145,78,464,48,1,0.81818
7145,78,464,49,2,-0.54545
7145,78,464,50,2,-0.63636
7145,78,464,51,1,-0.090909
7145,78,465,1,2,-0.18182
7145,78,465,2,2,-0.18182
7145,78,465,3,2,-0.45455
7145,78,465,4,1,0.27273
7145,78,465,5,1,0.72727
7145,78,465,6,2,-0.36364
7145,78,465,7,2,0.45455
7145,78,465,8,2,0.54545
7145,78,465,9,1,0.72727
7145,78,465,10,1,-0.27273
7145,78,465,11,2,-0.36364
7145,78,465,12,2,0.36364
7145,78,465,13,1,0.36364
7145,78,465,14,2,-0.45455
7145,78,465,15,1,0.27273
7145,78,465,16,1,0.27273
7145,78,465,17,2,-0.36364
7145,78,465,18,1,0.54545
7145,78,465,19,1,-0.27273
7145,78,465,20,2,-0.18182
7145,78,465,21,2,-0.45455
7145,78,465,22,1,0.72727
7145,78,465,23,2,0.36364
7145,78,465,24,2,-0.18182
7145,78,465,25,2,-0.36364
7145,78,465,26,1,0.36364
7145,78,465,27,2,0.63636
7145,78,465,28,2,-0.45455
7145,78,465,29,2,-0.18182
7145,78,465,30,1,0.45455
7145,78,465,31,1,0.27273
7145,78,465,32,2,-0.45455
7145,78,465,33,2,-0.18182
7145,78,465,34,1,0.72727
7145,78,465,35,1,-0.36364
7145,78,465,36,1,0.45455
7145,78,465,37,1,-0.63636
7145,78,465,38,1,0.27273
7145,78,465,39,1,-0.27273
7145,78,465,40,1,0.090909
7145,78,465,41,2,0.54545
7145,78,465,42,1,-0.72727
7145,78,465,43,1,0.27273
7145,78,465,44,1,0.72727
7145,78,465,45,1,0.72727
7145,78,465,46,1,0.36364
7145,78,465,47,1,-0.81818
7145,78,465,48,2,0.18182
7145,78,465,49,2,-0.45455
7145,78,465,50,1,0.36364
7145,78,465,51,2,-0.36364
7145,78,466,1,2,0.18182
7145,78,466,2,1,0.090909
7145,78,466,3,2,-0.18182
7145,78,466,4,2,0.18182
7145,78,466,5,2,-0.27273
7145,78,466,6,1,-0.36364
7145,78,466,7,1,0.45455
7145,78,466,8,2,-0.090909
7145,78,466,9,1,0.36364
7145,78,466,10,2,-0.090909
7145,78,466,11,1,0.54545
7145,78,466,12,1,0.36364
7145,78,466,13,2,-0.18182
7145,78,466,14,2,-0.18182
7145,78,466,15,1,0.45455
7145,78,466,16,2,0.090909
7145,78,466,17,1,0.45455
7145,78,466,18,1,-0.090909
7145,78,466,19,2,-0.090909
7145,78,466,20,2,0.18182
7145,78,466,21,1,-0.090909
7145,78,466,22,2,-0.36364
7145,78,466,23,1,0.18182
7145,78,466,24,1,0.54545
7145,78,466,25,2,-0.45455
7145,78,466,26,1,0.63636
7145,78,466,27,2,0.18182
7145,78,466,28,1,0.36364
7145,78,466,29,1,0.18182
7145,78,466,30,1,-0.18182
7145,78,466,31,1,0.27273
7145,78,466,32,1,0.45455
7145,78,466,33,1,0.45455
7145,78,466,34,2,-0.36364
7145,78,466,35,1,0.54545
7145,78,466,36,1,-0.090909
7145,78,466,37,2,-0.36364
7145,78,466,38,1,0.18182
7145,78,466,39,2,-0.18182
7145,78,466,40,2,-0.18182
7145,78,466,41,2,0.090909
7145,78,466,42,1,0.63636
7145,78,466,43,1,0.090909
7145,78,466,44,1,0.72727
7145,78,466,45,1,-0.090909
7145,78,466,46,1,0.54545
7145,78,466,47,2,0.18182
7145,78,466,48,1,0.090909
7145,78,466,49,2,-0.27273
7145,78,466,50,1,0.18182
7145,78,466,51,2,-0.36364
7145,78,467,1,2,-0.63636
7145,78,467,2,2,0.81818
7145,78,467,3,2,-0.81818
7145,78,467,4,2,-0.18182
7145,78,467,5,1,-0.63636
7145,78,467,6,2,0.81818
7145,78,467,7,2,-0.18182
7145,78,467,8,1,-0.36364
7145,78,467,9,2,-0.27273
7145,78,467,10,2,-0.54545
7145,78,467,11,2,-0.36364
7145,78,467,12,2,0.36364
7145,78,467,13,1,-0.45455
7145,78,467,14,2,-0.81818
7145,78,467,15,1,-0.45455
7145,78,467,16,2,0.63636
7145,78,467,17,1,0.090909
7145,78,467,18,2,-0.63636
7145,78,467,19,2,-0.63636
7145,78,467,20,1,0.27273
7145,78,467,21,2,-0.27273
7145,78,467,22,2,-0.45455
7145,78,467,23,2,0.72727
7145,78,467,24,1,-0.18182
7145,78,467,25,1,0.81818
7145,78,467,26,1,0.36364
7145,78,467,27,2,0.45455
7145,78,467,28,2,-0.81818
7145,78,467,29,2,-0.54545
7145,78,467,30,2,-0.36364
7145,78,467,31,1,0.81818
7145,78,467,32,1,-0.63636
7145,78,467,33,2,-0.45455
7145,78,467,34,2,-0.36364
7145,78,467,35,2,-0.81818
7145,78,467,36,2,-0.81818
7145,78,467,37,2,0.36364
7145,78,467,38,2,-0.45455
7145,78,467,39,2,-0.18182
7145,78,467,40,2,-0.18182
7145,78,467,41,2,-0.36364
7145,78,467,42,1,0.81818
7145,78,467,43,1,0.18182
7145,78,467,44,2,-0.18182
7145,78,467,45,1,-0.27273
7145,78,467,46,2,-0.54545
7145,78,467,47,1,0.81818
7145,78,467,48,2,-0.63636
7145,78,467,49,2,-0.45455
7145,78,467,50,2,-0.81818
7145,78,467,51,2,-0.36364
7145,78,468,1,1,0.090909
7145,78,468,2,1,0.090909
7145,78,468,3,1,0.45455
7145,78,468,4,1,-0.54545
7145,78,468,5,1,0.18182
7145,78,468,6,2,-0.45455
7145,78,468,7,2,0.090909
7145,78,468,8,2,-0.54545
7145,78,468,9,1,0.27273
7145,78,468,10,1,0.36364
7145,78,468,11,2,-0.45455
7145,78,468,12,2,0.090909
7145,78,468,13,1,0.54545
7145,78,468,14,2,-0.45455
7145,78,468,15,2,0.090909
7145,78,468,16,1,-0.18182
7145,78,468,17,1,0.36364
7145,78,468,18,1,-0.18182
7145,78,468,19,1,0.27273
7145,78,468,20,1,-0.18182
7145,78,468,21,1,0.45455
7145,78,468,22,2,-0.36364
7145,78,468,23,2,-0.54545
7145,78,468,24,1,0.45455
7145,78,468,25,1,0.54545
7145,78,468,26,2,0.090909
7145,78,468,27,1,0.18182
7145,78,468,28,2,-0.36364
7145,78,468,29,1,-0.090909
7145,78,468,30,2,-0.54545
7145,78,468,31,2,0.090909
7145,78,468,32,2,-0.18182
7145,78,468,33,2,-0.54545
7145,78,468,34,2,-0.090909
7145,78,468,35,1,-0.27273
7145,78,468,36,2,-0.45455
7145,78,468,37,1,0.72727
7145,78,468,38,2,-0.45455
7145,78,468,39,2,-0.36364
7145,78,468,40,1,0.090909
7145,78,468,41,2,0.090909
7145,78,468,42,2,-0.54545
7145,78,468,43,1,0.36364
7145,78,468,44,1,0.18182
7145,78,468,45,1,0.63636
7145,78,468,46,1,0.090909
7145,78,468,47,2,-0.54545
7145,78,468,48,1,0.27273
7145,78,468,49,1,0.090909
7145,78,468,50,2,0.090909
7145,78,468,51,2,-0.45455
7145,79,469,1,1,0.090909
7145,79,469,2,2,-0.090909
7145,79,469,3,1,-0.090909
7145,79,469,4,1,0.36364
7145,79,469,5,1,0.27273
7145,79,469,6,1,-0.72727
7145,79,469,7,1,0.18182
7145,79,469,8,2,-0.45455
7145,79,469,9,1,0.090909
7145,79,469,10,2,-0.54545
7145,79,469,11,2,-0.54545
7145,79,469,12,2,0.090909
7145,79,469,13,2,-0.27273
7145,79,469,14,2,0.090909
7145,79,469,15,2,0.27273
7145,79,469,16,1,0.090909
7145,79,469,17,2,0.45455
7145,79,469,18,1,0.090909
7145,79,469,19,1,0.18182
7145,79,469,20,2,-0.45455
7145,79,469,21,2,-0.27273
7145,79,469,22,2,-0.45455
7145,79,469,23,2,-0.27273
7145,79,469,24,2,-0.45455
7145,79,469,25,1,0.36364
7145,79,469,26,2,0.090909
7145,79,469,27,2,-0.090909
7145,79,469,28,1,0.18182
7145,79,469,29,2,-0.45455
7145,79,469,30,1,-0.090909
7145,79,469,31,2,0.18182
7145,79,469,32,1,0.090909
7145,79,469,33,1,0.090909
7145,79,469,34,1,0.090909
7145,79,469,35,2,-0.27273
7145,79,469,36,2,-0.63636
7145,79,469,37,1,0.090909
7145,79,469,38,1,-0.27273
7145,79,469,39,1,0.45455
7145,79,469,40,1,0.36364
7145,79,469,41,2,-0.36364
7145,79,469,42,1,0.36364
7145,79,469,43,1,-0.090909
7145,79,469,44,2,-0.45455
7145,79,469,45,1,0.63636
7145,79,469,46,1,0.18182
7145,79,469,47,2,-0.090909
7145,79,469,48,1,-0.18182
7145,79,469,49,1,0.45455
7145,79,469,50,2,-0.63636
7145,79,469,51,2,-0.36364
7145,79,470,1,1,-0.090909
7145,79,470,2,2,-0.63636
7145,79,470,3,1,-0.090909
7145,79,470,4,2,0.36364
7145,79,470,5,1,0.18182
7145,79,470,6,2,-0.54545
7145,79,470,7,2,0.45455
7145,79,470,8,2,-0.27273
7145,79,470,9,2,-0.36364
7145,79,470,10,2,-0.36364
7145,79,470,11,2,-0.54545
7145,79,470,12,1,0.81818
7145,79,470,13,2,0.45455
7145,79,470,14,1,0.81818
7145,79,470,15,2,0.36364
7145,79,470,16,1,-0.27273
7145,79,470,17,1,0.36364
7145,79,470,18,1,-0.090909
7145,79,470,19,2,-0.090909
7145,79,470,20,2,-0.36364
7145,79,470,21,2,-0.54545
7145,79,470,22,2,0.36364
7145,79,470,23,2,0.72727
7145,79,470,24,1,-0.45455
7145,79,470,25,1,-0.81818
7145,79,470,26,1,-0.090909
7145,79,470,27,1,0.36364
7145,79,470,28,1,0.81818
7145,79,470,29,1,0.45455
7145,79,470,30,1,0.81818
7145,79,470,31,1,0.45455
7145,79,470,32,2,-0.36364
7145,79,470,33,2,-0.36364
7145,79,470,34,2,-0.27273
7145,79,470,35,1,0.36364
7145,79,470,36,2,-0.63636
7145,79,470,37,2,0.45455
7145,79,470,38,2,0.63636
7145,79,470,39,1,0.45455
7145,79,470,40,2,0.18182
7145,79,470,41,1,0.27273
7145,79,470,42,1,-0.36364
7145,79,470,43,1,-0.54545
7145,79,470,44,1,0.18182
7145,79,470,45,1,0.81818
7145,79,470,46,2,0.090909
7145,79,470,47,2,-0.54545
7145,79,470,48,1,0.81818
7145,79,470,49,2,-0.54545
7145,79,470,50,2,-0.63636
7145,79,470,51,1,-0.090909
7145,79,471,1,2,-0.18182
7145,79,471,2,2,-0.18182
7145,79,471,3,2,-0.45455
7145,79,471,4,1,0.27273
7145,79,471,5,2,0.72727
7145,79,471,6,2,-0.36364
7145,79,471,7,2,0.45455
7145,79,471,8,2,0.54545
7145,79,471,9,1,0.72727
7145,79,471,10,1,-0.27273
7145,79,471,11,2,-0.36364
7145,79,471,12,1,0.36364
7145,79,471,13,1,0.36364
7145,79,471,14,2,-0.45455
7145,79,471,15,1,0.27273
7145,79,471,16,1,0.27273
7145,79,471,17,1,-0.36364
7145,79,471,18,2,0.54545
7145,79,471,19,1,-0.27273
7145,79,471,20,2,-0.18182
7145,79,471,21,2,-0.45455
7145,79,471,22,1,0.72727
7145,79,471,23,1,0.36364
7145,79,471,24,2,-0.18182
7145,79,471,25,2,-0.36364
7145,79,471,26,1,0.36364
7145,79,471,27,1,0.63636
7145,79,471,28,1,-0.45455
7145,79,471,29,1,-0.18182
7145,79,471,30,1,0.45455
7145,79,471,31,1,0.27273
7145,79,471,32,2,-0.45455
7145,79,471,33,2,-0.18182
7145,79,471,34,1,0.72727
7145,79,471,35,2,-0.36364
7145,79,471,36,2,0.45455
7145,79,471,37,1,-0.63636
7145,79,471,38,1,0.27273
7145,79,471,39,2,-0.27273
7145,79,471,40,2,0.090909
7145,79,471,41,2,0.54545
7145,79,471,42,2,-0.72727
7145,79,471,43,1,0.27273
7145,79,471,44,1,0.72727
7145,79,471,45,1,0.72727
7145,79,471,46,1,0.36364
7145,79,471,47,1,-0.81818
7145,79,471,48,2,0.18182
7145,79,471,49,2,-0.45455
7145,79,471,50,1,0.36364
7145,79,471,51,2,-0.36364
7145,79,472,1,1,0.18182
7145,79,472,2,2,0.090909
7145,79,472,3,1,-0.18182
7145,79,472,4,2,0.18182
7145,79,472,5,2,-0.27273
7145,79,472,6,1,-0.36364
7145,79,472,7,2,0.45455
7145,79,472,8,1,-0.090909
7145,79,472,9,2,0.36364
7145,79,472,10,2,-0.090909
7145,79,472,11,1,0.54545
7145,79,472,12,1,0.36364
7145,79,472,13,2,-0.18182
7145,79,472,14,2,-0.18182
7145,79,472,15,1,0.45455
7145,79,472,16,2,0.090909
7145,79,472,17,1,0.45455
7145,79,472,18,2,-0.090909
7145,79,472,19,2,-0.090909
7145,79,472,20,2,0.18182
7145,79,472,21,2,-0.090909
7145,79,472,22,2,-0.36364
7145,79,472,23,2,0.18182
7145,79,472,24,1,0.54545
7145,79,472,25,2,-0.45455
7145,79,472,26,1,0.63636
7145,79,472,27,2,0.18182
7145,79,472,28,1,0.36364
7145,79,472,29,1,0.18182
7145,79,472,30,1,-0.18182
7145,79,472,31,1,0.27273
7145,79,472,32,1,0.45455
7145,79,472,33,1,0.45455
7145,79,472,34,2,-0.36364
7145,79,472,35,1,0.54545
7145,79,472,36,2,-0.090909
7145,79,472,37,2,-0.36364
7145,79,472,38,1,0.18182
7145,79,472,39,2,-0.18182
7145,79,472,40,2,-0.18182
7145,79,472,41,2,0.090909
7145,79,472,42,1,0.63636
7145,79,472,43,2,0.090909
7145,79,472,44,1,0.72727
7145,79,472,45,1,-0.090909
7145,79,472,46,1,0.54545
7145,79,472,47,1,0.18182
7145,79,472,48,2,0.090909
7145,79,472,49,2,-0.27273
7145,79,472,50,1,0.18182
7145,79,472,51,2,-0.36364
7145,79,473,1,2,-0.63636
7145,79,473,2,2,0.81818
7145,79,473,3,2,-0.81818
7145,79,473,4,2,-0.18182
7145,79,473,5,2,-0.63636
7145,79,473,6,1,0.81818
7145,79,473,7,1,-0.18182
7145,79,473,8,1,-0.36364
7145,79,473,9,2,-0.27273
7145,79,473,10,2,-0.54545
7145,79,473,11,2,-0.36364
7145,79,473,12,2,0.36364
7145,79,473,13,2,-0.45455
7145,79,473,14,2,-0.81818
7145,79,473,15,2,-0.45455
7145,79,473,16,2,0.63636
7145,79,473,17,2,0.090909
7145,79,473,18,2,-0.63636
7145,79,473,19,2,-0.63636
7145,79,473,20,2,0.27273
7145,79,473,21,2,-0.27273
7145,79,473,22,2,-0.45455
7145,79,473,23,2,0.72727
7145,79,473,24,2,-0.18182
7145,79,473,25,1,0.81818
7145,79,473,26,2,0.36364
7145,79,473,27,2,0.45455
7145,79,473,28,2,-0.81818
7145,79,473,29,2,-0.54545
7145,79,473,30,2,-0.36364
7145,79,473,31,1,0.81818
7145,79,473,32,2,-0.63636
7145,79,473,33,2,-0.45455
7145,79,473,34,2,-0.36364
7145,79,473,35,2,-0.81818
7145,79,473,36,2,-0.81818
7145,79,473,37,2,0.36364
7145,79,473,38,2,-0.45455
7145,79,473,39,2,-0.18182
7145,79,473,40,2,-0.18182
7145,79,473,41,2,-0.36364
7145,79,473,42,1,0.81818
7145,79,473,43,2,0.18182
7145,79,473,44,1,-0.18182
7145,79,473,45,1,-0.27273
7145,79,473,46,2,-0.54545
7145,79,473,47,1,0.81818
7145,79,473,48,1,-0.63636
7145,79,473,49,2,-0.45455
7145,79,473,50,2,-0.81818
7145,79,473,51,2,-0.36364
7145,79,474,1,1,0.090909
7145,79,474,2,1,0.090909
7145,79,474,3,2,0.45455
7145,79,474,4,2,-0.54545
7145,79,474,5,1,0.18182
7145,79,474,6,2,-0.45455
7145,79,474,7,1,0.090909
7145,79,474,8,2,-0.54545
7145,79,474,9,2,0.27273
7145,79,474,10,1,0.36364
7145,79,474,11,2,-0.45455
7145,79,474,12,2,0.090909
7145,79,474,13,1,0.54545
7145,79,474,14,2,-0.45455
7145,79,474,15,1,0.090909
7145,79,474,16,1,-0.18182
7145,79,474,17,1,0.36364
7145,79,474,18,1,-0.18182
7145,79,474,19,1,0.27273
7145,79,474,20,2,-0.18182
7145,79,474,21,1,0.45455
7145,79,474,22,2,-0.36364
7145,79,474,23,2,-0.54545
7145,79,474,24,1,0.45455
7145,79,474,25,1,0.54545
7145,79,474,26,2,0.090909
7145,79,474,27,1,0.18182
7145,79,474,28,2,-0.36364
7145,79,474,29,2,-0.090909
7145,79,474,30,2,-0.54545
7145,79,474,31,1,0.090909
7145,79,474,32,2,-0.18182
7145,79,474,33,2,-0.54545
7145,79,474,34,2,-0.090909
7145,79,474,35,1,-0.27273
7145,79,474,36,2,-0.45455
7145,79,474,37,1,0.72727
7145,79,474,38,2,-0.45455
7145,79,474,39,2,-0.36364
7145,79,474,40,1,0.090909
7145,79,474,41,2,0.090909
7145,79,474,42,2,-0.54545
7145,79,474,43,1,0.36364
7145,79,474,44,1,0.18182
7145,79,474,45,1,0.63636
7145,79,474,46,2,0.090909
7145,79,474,47,2,-0.54545
7145,79,474,48,1,0.27273
7145,79,474,49,1,0.090909
7145,79,474,50,2,0.090909
7145,79,474,51,2,-0.45455
7145,80,475,1,1,0.090909
7145,80,475,2,1,-0.090909
7145,80,475,3,1,-0.090909
7145,80,475,4,1,0.36364
7145,80,475,5,1,0.27273
7145,80,475,6,2,-0.72727
7145,80,475,7,2,0.18182
7145,80,475,8,2,-0.45455
7145,80,475,9,1,0.090909
7145,80,475,10,2,-0.54545
7145,80,475,11,2,-0.54545
7145,80,475,12,2,0.090909
7145,80,475,13,2,-0.27273
7145,80,475,14,2,0.090909
7145,80,475,15,1,0.27273
7145,80,475,16,1,0.090909
7145,80,475,17,2,0.45455
7145,80,475,18,1,0.090909
7145,80,475,19,1,0.18182
7145,80,475,20,2,-0.45455
7145,80,475,21,2,-0.27273
7145,80,475,22,2,-0.45455
7145,80,475,23,2,-0.27273
7145,80,475,24,2,-0.45455
7145,80,475,25,1,0.36364
7145,80,475,26,2,0.090909
7145,80,475,27,1,-0.090909
7145,80,475,28,1,0.18182
7145,80,475,29,2,-0.45455
7145,80,475,30,1,-0.090909
7145,80,475,31,1,0.18182
7145,80,475,32,2,0.090909
7145,80,475,33,1,0.090909
7145,80,475,34,1,0.090909
7145,80,475,35,2,-0.27273
7145,80,475,36,2,-0.63636
7145,80,475,37,2,0.090909
7145,80,475,38,1,-0.27273
7145,80,475,39,1,0.45455
7145,80,475,40,1,0.36364
7145,80,475,41,2,-0.36364
7145,80,475,42,1,0.36364
7145,80,475,43,1,-0.090909
7145,80,475,44,2,-0.45455
7145,80,475,45,1,0.63636
7145,80,475,46,1,0.18182
7145,80,475,47,2,-0.090909
7145,80,475,48,2,-0.18182
7145,80,475,49,1,0.45455
7145,80,475,50,2,-0.63636
7145,80,475,51,2,-0.36364
7145,80,476,1,2,-0.090909
7145,80,476,2,2,-0.63636
7145,80,476,3,1,-0.090909
7145,80,476,4,1,0.36364
7145,80,476,5,1,0.18182
7145,80,476,6,1,-0.54545
7145,80,476,7,2,0.45455
7145,80,476,8,2,-0.27273
7145,80,476,9,2,-0.36364
7145,80,476,10,2,-0.36364
7145,80,476,11,2,-0.54545
7145,80,476,12,2,0.81818
7145,80,476,13,1,0.45455
7145,80,476,14,1,0.81818
7145,80,476,15,2,0.36364
7145,80,476,16,1,-0.27273
7145,80,476,17,1,0.36364
7145,80,476,18,1,-0.090909
7145,80,476,19,2,-0.090909
7145,80,476,20,2,-0.36364
7145,80,476,21,2,-0.54545
7145,80,476,22,1,0.36364
7145,80,476,23,1,0.72727
7145,80,476,24,1,-0.45455
7145,80,476,25,2,-0.81818
7145,80,476,26,2,-0.090909
7145,80,476,27,1,0.36364
7145,80,476,28,1,0.81818
7145,80,476,29,1,0.45455
7145,80,476,30,1,0.81818
7145,80,476,31,1,0.45455
7145,80,476,32,1,-0.36364
7145,80,476,33,2,-0.36364
7145,80,476,34,1,-0.27273
7145,80,476,35,1,0.36364
7145,80,476,36,2,-0.63636
7145,80,476,37,2,0.45455
7145,80,476,38,1,0.63636
7145,80,476,39,1,0.45455
7145,80,476,40,2,0.18182
7145,80,476,41,1,0.27273
7145,80,476,42,2,-0.36364
7145,80,476,43,2,-0.54545
7145,80,476,44,2,0.18182
7145,80,476,45,1,0.81818
7145,80,476,46,2,0.090909
7145,80,476,47,1,-0.54545
7145,80,476,48,1,0.81818
7145,80,476,49,2,-0.54545
7145,80,476,50,2,-0.63636
7145,80,476,51,1,-0.090909
7145,80,477,1,2,-0.18182
7145,80,477,2,2,-0.18182
7145,80,477,3,1,-0.45455
7145,80,477,4,1,0.27273
7145,80,477,5,2,0.72727
7145,80,477,6,1,-0.36364
7145,80,477,7,2,0.45455
7145,80,477,8,1,0.54545
7145,80,477,9,1,0.72727
7145,80,477,10,1,-0.27273
7145,80,477,11,2,-0.36364
7145,80,477,12,2,0.36364
7145,80,477,13,2,0.36364
7145,80,477,14,2,-0.45455
7145,80,477,15,1,0.27273
7145,80,477,16,1,0.27273
7145,80,477,17,2,-0.36364
7145,80,477,18,1,0.54545
7145,80,477,19,1,-0.27273
7145,80,477,20,2,-0.18182
7145,80,477,21,1,-0.45455
7145,80,477,22,1,0.72727
7145,80,477,23,1,0.36364
7145,80,477,24,2,-0.18182
7145,80,477,25,2,-0.36364
7145,80,477,26,1,0.36364
7145,80,477,27,2,0.63636
7145,80,477,28,2,-0.45455
7145,80,477,29,2,-0.18182
7145,80,477,30,1,0.45455
7145,80,477,31,1,0.27273
7145,80,477,32,2,-0.45455
7145,80,477,33,2,-0.18182
7145,80,477,34,1,0.72727
7145,80,477,35,2,-0.36364
7145,80,477,36,2,0.45455
7145,80,477,37,1,-0.63636
7145,80,477,38,1,0.27273
7145,80,477,39,2,-0.27273
7145,80,477,40,1,0.090909
7145,80,477,41,1,0.54545
7145,80,477,42,1,-0.72727
7145,80,477,43,1,0.27273
7145,80,477,44,1,0.72727
7145,80,477,45,1,0.72727
7145,80,477,46,1,0.36364
7145,80,477,47,1,-0.81818
7145,80,477,48,1,0.18182
7145,80,477,49,2,-0.45455
7145,80,477,50,1,0.36364
7145,80,477,51,2,-0.36364
7145,80,478,1,2,0.18182
7145,80,478,2,2,0.090909
7145,80,478,3,2,-0.18182
7145,80,478,4,2,0.18182
7145,80,478,5,2,-0.27273
7145,80,478,6,2,-0.36364
7145,80,478,7,2,0.45455
7145,80,478,8,1,-0.090909
7145,80,478,9,1,0.36364
7145,80,478,10,1,-0.090909
7145,80,478,11,1,0.54545
7145,80,478,12,1,0.36364
7145,80,478,13,2,-0.18182
7145,80,478,14,2,-0.18182
7145,80,478,15,2,0.45455
7145,80,478,16,1,0.090909
7145,80,478,17,1,0.45455
7145,80,478,18,1,-0.090909
7145,80,478,19,2,-0.090909
7145,80,478,20,1,0.18182
7145,80,478,21,1,-0.090909
7145,80,478,22,1,-0.36364
7145,80,478,23,1,0.18182
7145,80,478,24,1,0.54545
7145,80,478,25,2,-0.45455
7145,80,478,26,1,0.63636
7145,80,478,27,1,0.18182
7145,80,478,28,1,0.36364
7145,80,478,29,2,0.18182
7145,80,478,30,1,-0.18182
7145,80,478,31,1,0.27273
7145,80,478,32,1,0.45455
7145,80,478,33,1,0.45455
7145,80,478,34,2,-0.36364
7145,80,478,35,1,0.54545
7145,80,478,36,2,-0.090909
7145,80,478,37,1,-0.36364
7145,80,478,38,1,0.18182
7145,80,478,39,2,-0.18182
7145,80,478,40,2,-0.18182
7145,80,478,41,1,0.090909
7145,80,478,42,1,0.63636
7145,80,478,43,2,0.090909
7145,80,478,44,1,0.72727
7145,80,478,45,1,-0.090909
7145,80,478,46,1,0.54545
7145,80,478,47,2,0.18182
7145,80,478,48,1,0.090909
7145,80,478,49,2,-0.27273
7145,80,478,50,1,0.18182
7145,80,478,51,2,-0.36364
7145,80,479,1,1,-0.63636
7145,80,479,2,2,0.81818
7145,80,479,3,2,-0.81818
7145,80,479,4,2,-0.18182
7145,80,479,5,1,-0.63636
7145,80,479,6,1,0.81818
7145,80,479,7,2,-0.18182
7145,80,479,8,2,-0.36364
7145,80,479,9,2,-0.27273
7145,80,479,10,2,-0.54545
7145,80,479,11,2,-0.36364
7145,80,479,12,2,0.36364
7145,80,479,13,1,-0.45455
7145,80,479,14,2,-0.81818
7145,80,479,15,2,-0.45455
7145,80,479,16,2,0.63636
7145,80,479,17,1,0.090909
7145,80,479,18,2,-0.63636
7145,80,479,19,2,-0.63636
7145,80,479,20,1,0.27273
7145,80,479,21,2,-0.27273
7145,80,479,22,2,-0.45455
7145,80,479,23,2,0.72727
7145,80,479,24,2,-0.18182
7145,80,479,25,1,0.81818
7145,80,479,26,1,0.36364
7145,80,479,27,1,0.45455
7145,80,479,28,2,-0.81818
7145,80,479,29,2,-0.54545
7145,80,479,30,2,-0.36364
7145,80,479,31,1,0.81818
7145,80,479,32,2,-0.63636
7145,80,479,33,2,-0.45455
7145,80,479,34,2,-0.36364
7145,80,479,35,2,-0.81818
7145,80,479,36,2,-0.81818
7145,80,479,37,2,0.36364
7145,80,479,38,2,-0.45455
7145,80,479,39,2,-0.18182
7145,80,479,40,2,-0.18182
7145,80,479,41,2,-0.36364
7145,80,479,42,1,0.81818
7145,80,479,43,2,0.18182
7145,80,479,44,2,-0.18182
7145,80,479,45,1,-0.27273
7145,80,479,46,2,-0.54545
7145,80,479,47,1,0.81818
7145,80,479,48,2,-0.63636
7145,80,479,49,2,-0.45455
7145,80,479,50,2,-0.81818
7145,80,479,51,2,-0.36364
7145,80,480,1,2,0.090909
7145,80,480,2,2,0.090909
7145,80,480,3,2,0.45455
7145,80,480,4,2,-0.54545
7145,80,480,5,1,0.18182
7145,80,480,6,2,-0.45455
7145,80,480,7,1,0.090909
7145,80,480,8,2,-0.54545
7145,80,480,9,1,0.27273
7145,80,480,10,1,0.36364
7145,80,480,11,2,-0.45455
7145,80,480,12,1,0.090909
7145,80,480,13,1,0.54545
7145,80,480,14,2,-0.45455
7145,80,480,15,1,0.090909
7145,80,480,16,2,-0.18182
7145,80,480,17,1,0.36364
7145,80,480,18,2,-0.18182
7145,80,480,19,1,0.27273
7145,80,480,20,2,-0.18182
7145,80,480,21,1,0.45455
7145,80,480,22,2,-0.36364
7145,80,480,23,2,-0.54545
7145,80,480,24,1,0.45455
7145,80,480,25,1,0.54545
7145,80,480,26,2,0.090909
7145,80,480,27,1,0.18182
7145,80,480,28,2,-0.36364
7145,80,480,29,2,-0.090909
7145,80,480,30,2,-0.54545
7145,80,480,31,2,0.090909
7145,80,480,32,2,-0.18182
7145,80,480,33,2,-0.54545
7145,80,480,34,2,-0.090909
7145,80,480,35,2,-0.27273
7145,80,480,36,2,-0.45455
7145,80,480,37,1,0.72727
7145,80,480,38,2,-0.45455
7145,80,480,39,2,-0.36364
7145,80,480,40,1,0.090909
7145,80,480,41,2,0.090909
7145,80,480,42,2,-0.54545
7145,80,480,43,1,0.36364
7145,80,480,44,1,0.18182
7145,80,480,45,1,0.63636
7145,80,480,46,1,0.090909
7145,80,480,47,2,-0.54545
7145,80,480,48,1,0.27273
7145,80,480,49,1,0.090909
7145,80,480,50,2,0.090909
7145,80,480,51,2,-0.45455
7145,81,481,1,2,0.090909
7145,81,481,2,2,-0.090909
7145,81,481,3,2,-0.090909
7145,81,481,4,2,0.36364
7145,81,481,5,1,0.27273
7145,81,481,6,2,-0.72727
7145,81,481,7,2,0.18182
7145,81,481,8,1,-0.45455
7145,81,481,9,1,0.090909
7145,81,481,10,2,-0.54545
7145,81,481,11,2,-0.54545
7145,81,481,12,2,0.090909
7145,81,481,13,2,-0.27273
7145,81,481,14,2,0.090909
7145,81,481,15,2,0.27273
7145,81,481,16,1,0.090909
7145,81,481,17,1,0.45455
7145,81,481,18,1,0.090909
7145,81,481,19,2,0.18182
7145,81,481,20,2,-0.45455
7145,81,481,21,2,-0.27273
7145,81,481,22,2,-0.45455
7145,81,481,23,2,-0.27273
7145,81,481,24,2,-0.45455
7145,81,481,25,1,0.36364
7145,81,481,26,1,0.090909
7145,81,481,27,2,-0.090909
7145,81,481,28,1,0.18182
7145,81,481,29,2,-0.45455
7145,81,481,30,1,-0.090909
7145,81,481,31,1,0.18182
7145,81,481,32,1,0.090909
7145,81,481,33,1,0.090909
7145,81,481,34,1,0.090909
7145,81,481,35,2,-0.27273
7145,81,481,36,2,-0.63636
7145,81,481,37,2,0.090909
7145,81,481,38,1,-0.27273
7145,81,481,39,2,0.45455
7145,81,481,40,1,0.36364
7145,81,481,41,2,-0.36364
7145,81,481,42,1,0.36364
7145,81,481,43,1,-0.090909
7145,81,481,44,2,-0.45455
7145,81,481,45,1,0.63636
7145,81,481,46,1,0.18182
7145,81,481,47,2,-0.090909
7145,81,481,48,2,-0.18182
7145,81,481,49,1,0.45455
7145,81,481,50,2,-0.63636
7145,81,481,51,2,-0.36364
7145,81,482,1,2,-0.090909
7145,81,482,2,1,-0.63636
7145,81,482,3,1,-0.090909
7145,81,482,4,1,0.36364
7145,81,482,5,2,0.18182
7145,81,482,6,1,-0.54545
7145,81,482,7,2,0.45455
7145,81,482,8,1,-0.27273
7145,81,482,9,1,-0.36364
7145,81,482,10,2,-0.36364
7145,81,482,11,2,-0.54545
7145,81,482,12,2,0.81818
7145,81,482,13,2,0.45455
7145,81,482,14,1,0.81818
7145,81,482,15,2,0.36364
7145,81,482,16,2,-0.27273
7145,81,482,17,1,0.36364
7145,81,482,18,1,-0.090909
7145,81,482,19,1,-0.090909
7145,81,482,20,2,-0.36364
7145,81,482,21,2,-0.54545
7145,81,482,22,2,0.36364
7145,81,482,23,1,0.72727
7145,81,482,24,2,-0.45455
7145,81,482,25,2,-0.81818
7145,81,482,26,2,-0.090909
7145,81,482,27,2,0.36364
7145,81,482,28,1,0.81818
7145,81,482,29,1,0.45455
7145,81,482,30,1,0.81818
7145,81,482,31,1,0.45455
7145,81,482,32,2,-0.36364
7145,81,482,33,2,-0.36364
7145,81,482,34,1,-0.27273
7145,81,482,35,1,0.36364
7145,81,482,36,2,-0.63636
7145,81,482,37,2,0.45455
7145,81,482,38,2,0.63636
7145,81,482,39,1,0.45455
7145,81,482,40,2,0.18182
7145,81,482,41,1,0.27273
7145,81,482,42,2,-0.36364
7145,81,482,43,2,-0.54545
7145,81,482,44,1,0.18182
7145,81,482,45,1,0.81818
7145,81,482,46,1,0.090909
7145,81,482,47,2,-0.54545
7145,81,482,48,1,0.81818
7145,81,482,49,2,-0.54545
7145,81,482,50,2,-0.63636
7145,81,482,51,1,-0.090909
7145,81,483,1,2,-0.18182
7145,81,483,2,2,-0.18182
7145,81,483,3,2,-0.45455
7145,81,483,4,2,0.27273
7145,81,483,5,1,0.72727
7145,81,483,6,2,-0.36364
7145,81,483,7,1,0.45455
7145,81,483,8,2,0.54545
7145,81,483,9,1,0.72727
7145,81,483,10,1,-0.27273
7145,81,483,11,1,-0.36364
7145,81,483,12,2,0.36364
7145,81,483,13,1,0.36364
7145,81,483,14,2,-0.45455
7145,81,483,15,1,0.27273
7145,81,483,16,1,0.27273
7145,81,483,17,2,-0.36364
7145,81,483,18,1,0.54545
7145,81,483,19,1,-0.27273
7145,81,483,20,2,-0.18182
7145,81,483,21,1,-0.45455
7145,81,483,22,1,0.72727
7145,81,483,23,1,0.36364
7145,81,483,24,2,-0.18182
7145,81,483,25,2,-0.36364
7145,81,483,26,2,0.36364
7145,81,483,27,2,0.63636
7145,81,483,28,1,-0.45455
7145,81,483,29,2,-0.18182
7145,81,483,30,2,0.45455
7145,81,483,31,1,0.27273
7145,81,483,32,2,-0.45455
7145,81,483,33,2,-0.18182
7145,81,483,34,1,0.72727
7145,81,483,35,1,-0.36364
7145,81,483,36,1,0.45455
7145,81,483,37,1,-0.63636
7145,81,483,38,1,0.27273
7145,81,483,39,1,-0.27273
7145,81,483,40,1,0.090909
7145,81,483,41,2,0.54545
7145,81,483,42,1,-0.72727
7145,81,483,43,1,0.27273
7145,81,483,44,1,0.72727
7145,81,483,45,1,0.72727
7145,81,483,46,1,0.36364
7145,81,483,47,1,-0.81818
7145,81,483,48,2,0.18182
7145,81,483,49,2,-0.45455
7145,81,483,50,1,0.36364
7145,81,483,51,2,-0.36364
7145,81,484,1,2,0.18182
7145,81,484,2,1,0.090909
7145,81,484,3,2,-0.18182
7145,81,484,4,2,0.18182
7145,81,484,5,1,-0.27273
7145,81,484,6,2,-0.36364
7145,81,484,7,1,0.45455
7145,81,484,8,1,-0.090909
7145,81,484,9,2,0.36364
7145,81,484,10,1,-0.090909
7145,81,484,11,1,0.54545
7145,81,484,12,1,0.36364
7145,81,484,13,1,-0.18182
7145,81,484,14,2,-0.18182
7145,81,484,15,1,0.45455
7145,81,484,16,2,0.090909
7145,81,484,17,1,0.45455
7145,81,484,18,1,-0.090909
7145,81,484,19,2,-0.090909
7145,81,484,20,2,0.18182
7145,81,484,21,2,-0.090909
7145,81,484,22,1,-0.36364
7145,81,484,23,1,0.18182
7145,81,484,24,1,0.54545
7145,81,484,25,2,-0.45455
7145,81,484,26,1,0.63636
7145,81,484,27,2,0.18182
7145,81,484,28,1,0.36364
7145,81,484,29,1,0.18182
7145,81,484,30,2,-0.18182
7145,81,484,31,1,0.27273
7145,81,484,32,1,0.45455
7145,81,484,33,1,0.45455
7145,81,484,34,2,-0.36364
7145,81,484,35,1,0.54545
7145,81,484,36,2,-0.090909
7145,81,484,37,1,-0.36364
7145,81,484,38,1,0.18182
7145,81,484,39,2,-0.18182
7145,81,484,40,2,-0.18182
7145,81,484,41,1,0.090909
7145,81,484,42,1,0.63636
7145,81,484,43,2,0.090909
7145,81,484,44,1,0.72727
7145,81,484,45,1,-0.090909
7145,81,484,46,1,0.54545
7145,81,484,47,1,0.18182
7145,81,484,48,1,0.090909
7145,81,484,49,2,-0.27273
7145,81,484,50,1,0.18182
7145,81,484,51,1,-0.36364
7145,81,485,1,2,-0.63636
7145,81,485,2,2,0.81818
7145,81,485,3,2,-0.81818
7145,81,485,4,1,-0.18182
7145,81,485,5,2,-0.63636
7145,81,485,6,1,0.81818
7145,81,485,7,2,-0.18182
7145,81,485,8,2,-0.36364
7145,81,485,9,1,-0.27273
7145,81,485,10,2,-0.54545
7145,81,485,11,2,-0.36364
7145,81,485,12,2,0.36364
7145,81,485,13,2,-0.45455
7145,81,485,14,2,-0.81818
7145,81,485,15,2,-0.45455
7145,81,485,16,1,0.63636
7145,81,485,17,1,0.090909
7145,81,485,18,2,-0.63636
7145,81,485,19,2,-0.63636
7145,81,485,20,2,0.27273
7145,81,485,21,2,-0.27273
7145,81,485,22,2,-0.45455
7145,81,485,23,2,0.72727
7145,81,485,24,1,-0.18182
7145,81,485,25,2,0.81818
7145,81,485,26,2,0.36364
7145,81,485,27,1,0.45455
7145,81,485,28,2,-0.81818
7145,81,485,29,2,-0.54545
7145,81,485,30,2,-0.36364
7145,81,485,31,1,0.81818
7145,81,485,32,1,-0.63636
7145,81,485,33,2,-0.45455
7145,81,485,34,2,-0.36364
7145,81,485,35,2,-0.81818
7145,81,485,36,2,-0.81818
7145,81,485,37,2,0.36364
7145,81,485,38,2,-0.45455
7145,81,485,39,2,-0.18182
7145,81,485,40,2,-0.18182
7145,81,485,41,2,-0.36364
7145,81,485,42,1,0.81818
7145,81,485,43,2,0.18182
7145,81,485,44,2,-0.18182
7145,81,485,45,1,-0.27273
7145,81,485,46,2,-0.54545
7145,81,485,47,1,0.81818
7145,81,485,48,2,-0.63636
7145,81,485,49,2,-0.45455
7145,81,485,50,2,-0.81818
7145,81,485,51,2,-0.36364
7145,81,486,1,2,0.090909
7145,81,486,2,1,0.090909
7145,81,486,3,2,0.45455
7145,81,486,4,2,-0.54545
7145,81,486,5,1,0.18182
7145,81,486,6,2,-0.45455
7145,81,486,7,2,0.090909
7145,81,486,8,2,-0.54545
7145,81,486,9,1,0.27273
7145,81,486,10,1,0.36364
7145,81,486,11,2,-0.45455
7145,81,486,12,1,0.090909
7145,81,486,13,1,0.54545
7145,81,486,14,2,-0.45455
7145,81,486,15,1,0.090909
7145,81,486,16,1,-0.18182
7145,81,486,17,1,0.36364
7145,81,486,18,1,-0.18182
7145,81,486,19,1,0.27273
7145,81,486,20,2,-0.18182
7145,81,486,21,1,0.45455
7145,81,486,22,2,-0.36364
7145,81,486,23,2,-0.54545
7145,81,486,24,1,0.45455
7145,81,486,25,1,0.54545
7145,81,486,26,2,0.090909
7145,81,486,27,1,0.18182
7145,81,486,28,2,-0.36364
7145,81,486,29,2,-0.090909
7145,81,486,30,2,-0.54545
7145,81,486,31,1,0.090909
7145,81,486,32,2,-0.18182
7145,81,486,33,2,-0.54545
7145,81,486,34,1,-0.090909
7145,81,486,35,1,-0.27273
7145,81,486,36,2,-0.45455
7145,81,486,37,1,0.72727
7145,81,486,38,2,-0.45455
7145,81,486,39,2,-0.36364
7145,81,486,40,1,0.090909
7145,81,486,41,2,0.090909
7145,81,486,42,2,-0.54545
7145,81,486,43,1,0.36364
7145,81,486,44,1,0.18182
7145,81,486,45,1,0.63636
7145,81,486,46,2,0.090909
7145,81,486,47,2,-0.54545
7145,81,486,48,1,0.27273
7145,81,486,49,2,0.090909
7145,81,486,50,2,0.090909
7145,81,486,51,2,-0.45455
7145,82,487,1,2,0.090909
7145,82,487,2,2,-0.090909
7145,82,487,3,1,-0.090909
7145,82,487,4,2,0.36364
7145,82,487,5,1,0.27273
7145,82,487,6,1,-0.72727
7145,82,487,7,1,0.18182
7145,82,487,8,2,-0.45455
7145,82,487,9,1,0.090909
7145,82,487,10,2,-0.54545
7145,82,487,11,2,-0.54545
7145,82,487,12,2,0.090909
7145,82,487,13,2,-0.27273
7145,82,487,14,2,0.090909
7145,82,487,15,1,0.27273
7145,82,487,16,2,0.090909
7145,82,487,17,1,0.45455
7145,82,487,18,1,0.090909
7145,82,487,19,1,0.18182
7145,82,487,20,2,-0.45455
7145,82,487,21,2,-0.27273
7145,82,487,22,2,-0.45455
7145,82,487,23,2,-0.27273
7145,82,487,24,2,-0.45455
7145,82,487,25,1,0.36364
7145,82,487,26,2,0.090909
7145,82,487,27,1,-0.090909
7145,82,487,28,1,0.18182
7145,82,487,29,2,-0.45455
7145,82,487,30,1,-0.090909
7145,82,487,31,1,0.18182
7145,82,487,32,1,0.090909
7145,82,487,33,1,0.090909
7145,82,487,34,1,0.090909
7145,82,487,35,2,-0.27273
7145,82,487,36,2,-0.63636
7145,82,487,37,1,0.090909
7145,82,487,38,2,-0.27273
7145,82,487,39,1,0.45455
7145,82,487,40,1,0.36364
7145,82,487,41,2,-0.36364
7145,82,487,42,1,0.36364
7145,82,487,43,1,-0.090909
7145,82,487,44,2,-0.45455
7145,82,487,45,1,0.63636
7145,82,487,46,1,0.18182
7145,82,487,47,2,-0.090909
7145,82,487,48,2,-0.18182
7145,82,487,49,1,0.45455
7145,82,487,50,2,-0.63636
7145,82,487,51,2,-0.36364
7145,82,488,1,1,-0.090909
7145,82,488,2,2,-0.63636
7145,82,488,3,2,-0.090909
7145,82,488,4,2,0.36364
7145,82,488,5,1,0.18182
7145,82,488,6,2,-0.54545
7145,82,488,7,2,0.45455
7145,82,488,8,1,-0.27273
7145,82,488,9,1,-0.36364
7145,82,488,10,2,-0.36364
7145,82,488,11,1,-0.54545
7145,82,488,12,2,0.81818
7145,82,488,13,1,0.45455
7145,82,488,14,1,0.81818
7145,82,488,15,1,0.36364
7145,82,488,16,1,-0.27273
7145,82,488,17,1,0.36364
7145,82,488,18,1,-0.090909
7145,82,488,19,1,-0.090909
7145,82,488,20,2,-0.36364
7145,82,488,21,2,-0.54545
7145,82,488,22,2,0.36364
7145,82,488,23,2,0.72727
7145,82,488,24,2,-0.45455
7145,82,488,25,1,-0.81818
7145,82,488,26,2,-0.090909
7145,82,488,27,2,0.36364
7145,82,488,28,1,0.81818
7145,82,488,29,1,0.45455
7145,82,488,30,1,0.81818
7145,82,488,31,1,0.45455
7145,82,488,32,2,-0.36364
7145,82,488,33,1,-0.36364
7145,82,488,34,1,-0.27273
7145,82,488,35,1,0.36364
7145,82,488,36,2,-0.63636
7145,82,488,37,1,0.45455
7145,82,488,38,2,0.63636
7145,82,488,39,1,0.45455
7145,82,488,40,1,0.18182
7145,82,488,41,1,0.27273
7145,82,488,42,2,-0.36364
7145,82,488,43,2,-0.54545
7145,82,488,44,1,0.18182
7145,82,488,45,1,0.81818
7145,82,488,46,2,0.090909
7145,82,488,47,2,-0.54545
7145,82,488,48,1,0.81818
7145,82,488,49,2,-0.54545
7145,82,488,50,2,-0.63636
7145,82,488,51,1,-0.090909
7145,82,489,1,1,-0.18182
7145,82,489,2,2,-0.18182
7145,82,489,3,2,-0.45455
7145,82,489,4,1,0.27273
7145,82,489,5,1,0.72727
7145,82,489,6,2,-0.36364
7145,82,489,7,2,0.45455
7145,82,489,8,2,0.54545
7145,82,489,9,1,0.72727
7145,82,489,10,1,-0.27273
7145,82,489,11,1,-0.36364
7145,82,489,12,1,0.36364
7145,82,489,13,2,0.36364
7145,82,489,14,2,-0.45455
7145,82,489,15,2,0.27273
7145,82,489,16,1,0.27273
7145,82,489,17,2,-0.36364
7145,82,489,18,1,0.54545
7145,82,489,19,1,-0.27273
7145,82,489,20,2,-0.18182
7145,82,489,21,1,-0.45455
7145,82,489,22,1,0.72727
7145,82,489,23,1,0.36364
7145,82,489,24,2,-0.18182
7145,82,489,25,2,-0.36364
7145,82,489,26,1,0.36364
7145,82,489,27,2,0.63636
7145,82,489,28,2,-0.45455
7145,82,489,29,2,-0.18182
7145,82,489,30,1,0.45455
7145,82,489,31,1,0.27273
7145,82,489,32,2,-0.45455
7145,82,489,33,1,-0.18182
7145,82,489,34,1,0.72727
7145,82,489,35,1,-0.36364
7145,82,489,36,2,0.45455
7145,82,489,37,1,-0.63636
7145,82,489,38,2,0.27273
7145,82,489,39,1,-0.27273
7145,82,489,40,2,0.090909
7145,82,489,41,1,0.54545
7145,82,489,42,1,-0.72727
7145,82,489,43,1,0.27273
7145,82,489,44,1,0.72727
7145,82,489,45,1,0.72727
7145,82,489,46,1,0.36364
7145,82,489,47,2,-0.81818
7145,82,489,48,2,0.18182
7145,82,489,49,2,-0.45455
7145,82,489,50,2,0.36364
7145,82,489,51,2,-0.36364
7145,82,490,1,2,0.18182
7145,82,490,2,1,0.090909
7145,82,490,3,1,-0.18182
7145,82,490,4,1,0.18182
7145,82,490,5,2,-0.27273
7145,82,490,6,2,-0.36364
7145,82,490,7,2,0.45455
7145,82,490,8,1,-0.090909
7145,82,490,9,2,0.36364
7145,82,490,10,2,-0.090909
7145,82,490,11,1,0.54545
7145,82,490,12,1,0.36364
7145,82,490,13,2,-0.18182
7145,82,490,14,2,-0.18182
7145,82,490,15,1,0.45455
7145,82,490,16,2,0.090909
7145,82,490,17,1,0.45455
7145,82,490,18,1,-0.090909
7145,82,490,19,2,-0.090909
7145,82,490,20,2,0.18182
7145,82,490,21,2,-0.090909
7145,82,490,22,2,-0.36364
7145,82,490,23,1,0.18182
7145,82,490,24,1,0.54545
7145,82,490,25,2,-0.45455
7145,82,490,26,1,0.63636
7145,82,490,27,2,0.18182
7145,82,490,28,1,0.36364
7145,82,490,29,1,0.18182
7145,82,490,30,1,-0.18182
7145,82,490,31,1,0.27273
7145,82,490,32,1,0.45455
7145,82,490,33,1,0.45455
7145,82,490,34,2,-0.36364
7145,82,490,35,1,0.54545
7145,82,490,36,2,-0.090909
7145,82,490,37,2,-0.36364
7145,82,490,38,1,0.18182
7145,82,490,39,2,-0.18182
7145,82,490,40,2,-0.18182
7145,82,490,41,1,0.090909
7145,82,490,42,1,0.63636
7145,82,490,43,2,0.090909
7145,82,490,44,1,0.72727
7145,82,490,45,2,-0.090909
7145,82,490,46,1,0.54545
7145,82,490,47,2,0.18182
7145,82,490,48,2,0.090909
7145,82,490,49,2,-0.27273
7145,82,490,50,2,0.18182
7145,82,490,51,2,-0.36364
7145,82,491,1,1,-0.63636
7145,82,491,2,1,0.81818
7145,82,491,3,2,-0.81818
7145,82,491,4,2,-0.18182
7145,82,491,5,2,-0.63636
7145,82,491,6,2,0.81818
7145,82,491,7,2,-0.18182
7145,82,491,8,1,-0.36364
7145,82,491,9,1,-0.27273
7145,82,491,10,2,-0.54545
7145,82,491,11,2,-0.36364
7145,82,491,12,2,0.36364
7145,82,491,13,2,-0.45455
7145,82,491,14,2,-0.81818
7145,82,491,15,2,-0.45455
7145,82,491,16,1,0.63636
7145,82,491,17,1,0.090909
7145,82,491,18,2,-0.63636
7145,82,491,19,2,-0.63636
7145,82,491,20,1,0.27273
7145,82,491,21,2,-0.27273
7145,82,491,22,2,-0.45455
7145,82,491,23,2,0.72727
7145,82,491,24,1,-0.18182
7145,82,491,25,2,0.81818
7145,82,491,26,2,0.36364
7145,82,491,27,2,0.45455
7145,82,491,28,2,-0.81818
7145,82,491,29,2,-0.54545
7145,82,491,30,2,-0.36364
7145,82,491,31,1,0.81818
7145,82,491,32,2,-0.63636
7145,82,491,33,2,-0.45455
7145,82,491,34,2,-0.36364
7145,82,491,35,2,-0.81818
7145,82,491,36,2,-0.81818
7145,82,491,37,2,0.36364
7145,82,491,38,2,-0.45455
7145,82,491,39,2,-0.18182
7145,82,491,40,2,-0.18182
7145,82,491,41,2,-0.36364
7145,82,491,42,1,0.81818
7145,82,491,43,2,0.18182
7145,82,491,44,2,-0.18182
7145,82,491,45,1,-0.27273
7145,82,491,46,2,-0.54545
7145,82,491,47,1,0.81818
7145,82,491,48,2,-0.63636
7145,82,491,49,2,-0.45455
7145,82,491,50,2,-0.81818
7145,82,491,51,2,-0.36364
7145,82,492,1,1,0.090909
7145,82,492,2,1,0.090909
7145,82,492,3,1,0.45455
7145,82,492,4,2,-0.54545
7145,82,492,5,2,0.18182
7145,82,492,6,2,-0.45455
7145,82,492,7,1,0.090909
7145,82,492,8,2,-0.54545
7145,82,492,9,2,0.27273
7145,82,492,10,1,0.36364
7145,82,492,11,2,-0.45455
7145,82,492,12,2,0.090909
7145,82,492,13,1,0.54545
7145,82,492,14,2,-0.45455
7145,82,492,15,1,0.090909
7145,82,492,16,1,-0.18182
7145,82,492,17,1,0.36364
7145,82,492,18,2,-0.18182
7145,82,492,19,1,0.27273
7145,82,492,20,1,-0.18182
7145,82,492,21,1,0.45455
7145,82,492,22,2,-0.36364
7145,82,492,23,2,-0.54545
7145,82,492,24,1,0.45455
7145,82,492,25,1,0.54545
7145,82,492,26,2,0.090909
7145,82,492,27,1,0.18182
7145,82,492,28,2,-0.36364
7145,82,492,29,1,-0.090909
7145,82,492,30,2,-0.54545
7145,82,492,31,1,0.090909
7145,82,492,32,2,-0.18182
7145,82,492,33,2,-0.54545
7145,82,492,34,1,-0.090909
7145,82,492,35,1,-0.27273
7145,82,492,36,2,-0.45455
7145,82,492,37,1,0.72727
7145,82,492,38,2,-0.45455
7145,82,492,39,2,-0.36364
7145,82,492,40,1,0.090909
7145,82,492,41,2,0.090909
7145,82,492,42,2,-0.54545
7145,82,492,43,1,0.36364
7145,82,492,44,1,0.18182
7145,82,492,45,1,0.63636
7145,82,492,46,2,0.090909
7145,82,492,47,2,-0.54545
7145,82,492,48,1,0.27273
7145,82,492,49,1,0.090909
7145,82,492,50,2,0.090909
7145,82,492,51,2,-0.45455
7145,83,493,1,2,0.090909
7145,83,493,2,1,-0.090909
7145,83,493,3,1,-0.090909
7145,83,493,4,1,0.36364
7145,83,493,5,1,0.27273
7145,83,493,6,2,-0.72727
7145,83,493,7,1,0.18182
7145,83,493,8,2,-0.45455
7145,83,493,9,1,0.090909
7145,83,493,10,2,-0.54545
7145,83,493,11,2,-0.54545
7145,83,493,12,2,0.090909
7145,83,493,13,2,-0.27273
7145,83,493,14,2,0.090909
7145,83,493,15,1,0.27273
7145,83,493,16,1,0.090909
7145,83,493,17,1,0.45455
7145,83,493,18,1,0.090909
7145,83,493,19,1,0.18182
7145,83,493,20,2,-0.45455
7145,83,493,21,2,-0.27273
7145,83,493,22,2,-0.45455
7145,83,493,23,2,-0.27273
7145,83,493,24,2,-0.45455
7145,83,493,25,1,0.36364
7145,83,493,26,1,0.090909
7145,83,493,27,2,-0.090909
7145,83,493,28,1,0.18182
7145,83,493,29,2,-0.45455
7145,83,493,30,1,-0.090909
7145,83,493,31,1,0.18182
7145,83,493,32,1,0.090909
7145,83,493,33,1,0.090909
7145,83,493,34,2,0.090909
7145,83,493,35,2,-0.27273
7145,83,493,36,2,-0.63636
7145,83,493,37,1,0.090909
7145,83,493,38,1,-0.27273
7145,83,493,39,1,0.45455
7145,83,493,40,1,0.36364
7145,83,493,41,2,-0.36364
7145,83,493,42,1,0.36364
7145,83,493,43,1,-0.090909
7145,83,493,44,2,-0.45455
7145,83,493,45,1,0.63636
7145,83,493,46,1,0.18182
7145,83,493,47,1,-0.090909
7145,83,493,48,2,-0.18182
7145,83,493,49,1,0.45455
7145,83,493,50,2,-0.63636
7145,83,493,51,2,-0.36364
7145,83,494,1,2,-0.090909
7145,83,494,2,1,-0.63636
7145,83,494,3,2,-0.090909
7145,83,494,4,2,0.36364
7145,83,494,5,1,0.18182
7145,83,494,6,1,-0.54545
7145,83,494,7,1,0.45455
7145,83,494,8,2,-0.27273
7145,83,494,9,1,-0.36364
7145,83,494,10,2,-0.36364
7145,83,494,11,2,-0.54545
7145,83,494,12,1,0.81818
7145,83,494,13,2,0.45455
7145,83,494,14,1,0.81818
7145,83,494,15,1,0.36364
7145,83,494,16,1,-0.27273
7145,83,494,17,1,0.36364
7145,83,494,18,1,-0.090909
7145,83,494,19,1,-0.090909
7145,83,494,20,2,-0.36364
7145,83,494,21,2,-0.54545
7145,83,494,22,2,0.36364
7145,83,494,23,2,0.72727
7145,83,494,24,2,-0.45455
7145,83,494,25,2,-0.81818
7145,83,494,26,2,-0.090909
7145,83,494,27,1,0.36364
7145,83,494,28,1,0.81818
7145,83,494,29,1,0.45455
7145,83,494,30,1,0.81818
7145,83,494,31,1,0.45455
7145,83,494,32,1,-0.36364
7145,83,494,33,2,-0.36364
7145,83,494,34,2,-0.27273
7145,83,494,35,1,0.36364
7145,83,494,36,2,-0.63636
7145,83,494,37,1,0.45455
7145,83,494,38,1,0.63636
7145,83,494,39,1,0.45455
7145,83,494,40,2,0.18182
7145,83,494,41,1,0.27273
7145,83,494,42,2,-0.36364
7145,83,494,43,2,-0.54545
7145,83,494,44,2,0.18182
7145,83,494,45,1,0.81818
7145,83,494,46,2,0.090909
7145,83,494,47,2,-0.54545
7145,83,494,48,1,0.81818
7145,83,494,49,2,-0.54545
7145,83,494,50,2,-0.63636
7145,83,494,51,1,-0.090909
7145,83,495,1,1,-0.18182
7145,83,495,2,1,-0.18182
7145,83,495,3,2,-0.45455
7145,83,495,4,1,0.27273
7145,83,495,5,2,0.72727
7145,83,495,6,2,-0.36364
7145,83,495,7,2,0.45455
7145,83,495,8,2,0.54545
7145,83,495,9,1,0.72727
7145,83,495,10,1,-0.27273
7145,83,495,11,1,-0.36364
7145,83,495,12,2,0.36364
7145,83,495,13,1,0.36364
7145,83,495,14,1,-0.45455
7145,83,495,15,1,0.27273
7145,83,495,16,1,0.27273
7145,83,495,17,2,-0.36364
7145,83,495,18,1,0.54545
7145,83,495,19,1,-0.27273
7145,83,495,20,1,-0.18182
7145,83,495,21,2,-0.45455
7145,83,495,22,1,0.72727
7145,83,495,23,1,0.36364
7145,83,495,24,2,-0.18182
7145,83,495,25,2,-0.36364
7145,83,495,26,1,0.36364
7145,83,495,27,2,0.63636
7145,83,495,28,2,-0.45455
7145,83,495,29,2,-0.18182
7145,83,495,30,2,0.45455
7145,83,495,31,1,0.27273
7145,83,495,32,2,-0.45455
7145,83,495,33,2,-0.18182
7145,83,495,34,1,0.72727
7145,83,495,35,2,-0.36364
7145,83,495,36,2,0.45455
7145,83,495,37,1,-0.63636
7145,83,495,38,1,0.27273
7145,83,495,39,1,-0.27273
7145,83,495,40,1,0.090909
7145,83,495,41,1,0.54545
7145,83,495,42,2,-0.72727
7145,83,495,43,1,0.27273
7145,83,495,44,1,0.72727
7145,83,495,45,1,0.72727
7145,83,495,46,1,0.36364
7145,83,495,47,1,-0.81818
7145,83,495,48,2,0.18182
7145,83,495,49,2,-0.45455
7145,83,495,50,1,0.36364
7145,83,495,51,2,-0.36364
7145,83,496,1,2,0.18182
7145,83,496,2,1,0.090909
7145,83,496,3,2,-0.18182
7145,83,496,4,2,0.18182
7145,83,496,5,2,-0.27273
7145,83,496,6,2,-0.36364
7145,83,496,7,1,0.45455
7145,83,496,8,1,-0.090909
7145,83,496,9,1,0.36364
7145,83,496,10,1,-0.090909
7145,83,496,11,1,0.54545
7145,83,496,12,1,0.36364
7145,83,496,13,1,-0.18182
7145,83,496,14,2,-0.18182
7145,83,496,15,1,0.45455
7145,83,496,16,2,0.090909
7145,83,496,17,1,0.45455
7145,83,496,18,2,-0.090909
7145,83,496,19,2,-0.090909
7145,83,496,20,2,0.18182
7145,83,496,21,1,-0.090909
7145,83,496,22,2,-0.36364
7145,83,496,23,2,0.18182
7145,83,496,24,1,0.54545
7145,83,496,25,2,-0.45455
7145,83,496,26,1,0.63636
7145,83,496,27,1,0.18182
7145,83,496,28,1,0.36364
7145,83,496,29,2,0.18182
7145,83,496,30,1,-0.18182
7145,83,496,31,1,0.27273
7145,83,496,32,1,0.45455
7145,83,496,33,1,0.45455
7145,83,496,34,2,-0.36364
7145,83,496,35,1,0.54545
7145,83,496,36,2,-0.090909
7145,83,496,37,2,-0.36364
7145,83,496,38,1,0.18182
7145,83,496,39,2,-0.18182
7145,83,496,40,2,-0.18182
7145,83,496,41,1,0.090909
7145,83,496,42,1,0.63636
7145,83,496,43,2,0.090909
7145,83,496,44,1,0.72727
7145,83,496,45,1,-0.090909
7145,83,496,46,1,0.54545
7145,83,496,47,1,0.18182
7145,83,496,48,2,0.090909
7145,83,496,49,2,-0.27273
7145,83,496,50,1,0.18182
7145,83,496,51,2,-0.36364
7145,83,497,1,2,-0.63636
7145,83,497,2,2,0.81818
7145,83,497,3,2,-0.81818
7145,83,497,4,2,-0.18182
7145,83,497,5,1,-0.63636
7145,83,497,6,1,0.81818
7145,83,497,7,2,-0.18182
7145,83,497,8,1,-0.36364
7145,83,497,9,1,-0.27273
7145,83,497,10,2,-0.54545
7145,83,497,11,2,-0.36364
7145,83,497,12,2,0.36364
7145,83,497,13,1,-0.45455
7145,83,497,14,2,-0.81818
7145,83,497,15,2,-0.45455
7145,83,497,16,1,0.63636
7145,83,497,17,1,0.090909
7145,83,497,18,2,-0.63636
7145,83,497,19,2,-0.63636
7145,83,497,20,2,0.27273
7145,83,497,21,2,-0.27273
7145,83,497,22,2,-0.45455
7145,83,497,23,2,0.72727
7145,83,497,24,2,-0.18182
7145,83,497,25,2,0.81818
7145,83,497,26,2,0.36364
7145,83,497,27,2,0.45455
7145,83,497,28,2,-0.81818
7145,83,497,29,1,-0.54545
7145,83,497,30,2,-0.36364
7145,83,497,31,1,0.81818
7145,83,497,32,1,-0.63636
7145,83,497,33,2,-0.45455
7145,83,497,34,2,-0.36364
7145,83,497,35,2,-0.81818
7145,83,497,36,2,-0.81818
7145,83,497,37,2,0.36364
7145,83,497,38,2,-0.45455
7145,83,497,39,2,-0.18182
7145,83,497,40,2,-0.18182
7145,83,497,41,2,-0.36364
7145,83,497,42,1,0.81818
7145,83,497,43,2,0.18182
7145,83,497,44,2,-0.18182
7145,83,497,45,1,-0.27273
7145,83,497,46,2,-0.54545
7145,83,497,47,1,0.81818
7145,83,497,48,2,-0.63636
7145,83,497,49,2,-0.45455
7145,83,497,50,2,-0.81818
7145,83,497,51,2,-0.36364
7145,83,498,1,2,0.090909
7145,83,498,2,1,0.090909
7145,83,498,3,2,0.45455
7145,83,498,4,1,-0.54545
7145,83,498,5,2,0.18182
7145,83,498,6,2,-0.45455
7145,83,498,7,1,0.090909
7145,83,498,8,2,-0.54545
7145,83,498,9,1,0.27273
7145,83,498,10,1,0.36364
7145,83,498,11,2,-0.45455
7145,83,498,12,1,0.090909
7145,83,498,13,1,0.54545
7145,83,498,14,1,-0.45455
7145,83,498,15,1,0.090909
7145,83,498,16,2,-0.18182
7145,83,498,17,1,0.36364
7145,83,498,18,1,-0.18182
7145,83,498,19,1,0.27273
7145,83,498,20,2,-0.18182
7145,83,498,21,1,0.45455
7145,83,498,22,2,-0.36364
7145,83,498,23,2,-0.54545
7145,83,498,24,1,0.45455
7145,83,498,25,1,0.54545
7145,83,498,26,1,0.090909
7145,83,498,27,1,0.18182
7145,83,498,28,2,-0.36364
7145,83,498,29,1,-0.090909
7145,83,498,30,2,-0.54545
7145,83,498,31,1,0.090909
7145,83,498,32,2,-0.18182
7145,83,498,33,2,-0.54545
7145,83,498,34,1,-0.090909
7145,83,498,35,2,-0.27273
7145,83,498,36,2,-0.45455
7145,83,498,37,1,0.72727
7145,83,498,38,2,-0.45455
7145,83,498,39,2,-0.36364
7145,83,498,40,1,0.090909
7145,83,498,41,1,0.090909
7145,83,498,42,2,-0.54545
7145,83,498,43,1,0.36364
7145,83,498,44,1,0.18182
7145,83,498,45,1,0.63636
7145,83,498,46,2,0.090909
7145,83,498,47,2,-0.54545
7145,83,498,48,1,0.27273
7145,83,498,49,2,0.090909
7145,83,498,50,1,0.090909
7145,83,498,51,2,-0.45455
7145,84,499,1,1,0.090909
7145,84,499,2,2,-0.090909
7145,84,499,3,2,-0.090909
7145,84,499,4,2,0.36364
7145,84,499,5,1,0.27273
7145,84,499,6,1,-0.72727
7145,84,499,7,2,0.18182
7145,84,499,8,2,-0.45455
7145,84,499,9,1,0.090909
7145,84,499,10,2,-0.54545
7145,84,499,11,2,-0.54545
7145,84,499,12,1,0.090909
7145,84,499,13,2,-0.27273
7145,84,499,14,1,0.090909
7145,84,499,15,1,0.27273
7145,84,499,16,2,0.090909
7145,84,499,17,2,0.45455
7145,84,499,18,1,0.090909
7145,84,499,19,1,0.18182
7145,84,499,20,2,-0.45455
7145,84,499,21,2,-0.27273
7145,84,499,22,2,-0.45455
7145,84,499,23,2,-0.27273
7145,84,499,24,2,-0.45455
7145,84,499,25,1,0.36364
7145,84,499,26,1,0.090909
7145,84,499,27,1,-0.090909
7145,84,499,28,1,0.18182
7145,84,499,29,2,-0.45455
7145,84,499,30,1,-0.090909
7145,84,499,31,2,0.18182
7145,84,499,32,2,0.090909
7145,84,499,33,1,0.090909
7145,84,499,34,1,0.090909
7145,84,499,35,2,-0.27273
7145,84,499,36,2,-0.63636
7145,84,499,37,2,0.090909
7145,84,499,38,1,-0.27273
7145,84,499,39,1,0.45455
7145,84,499,40,1,0.36364
7145,84,499,41,2,-0.36364
7145,84,499,42,1,0.36364
7145,84,499,43,1,-0.090909
7145,84,499,44,2,-0.45455
7145,84,499,45,1,0.63636
7145,84,499,46,1,0.18182
7145,84,499,47,2,-0.090909
7145,84,499,48,1,-0.18182
7145,84,499,49,1,0.45455
7145,84,499,50,2,-0.63636
7145,84,499,51,2,-0.36364
7145,84,500,1,2,-0.090909
7145,84,500,2,2,-0.63636
7145,84,500,3,2,-0.090909
7145,84,500,4,1,0.36364
7145,84,500,5,1,0.18182
7145,84,500,6,1,-0.54545
7145,84,500,7,2,0.45455
7145,84,500,8,1,-0.27273
7145,84,500,9,1,-0.36364
7145,84,500,10,2,-0.36364
7145,84,500,11,2,-0.54545
7145,84,500,12,2,0.81818
7145,84,500,13,2,0.45455
7145,84,500,14,1,0.81818
7145,84,500,15,1,0.36364
7145,84,500,16,2,-0.27273
7145,84,500,17,1,0.36364
7145,84,500,18,1,-0.090909
7145,84,500,19,2,-0.090909
7145,84,500,20,2,-0.36364
7145,84,500,21,2,-0.54545
7145,84,500,22,1,0.36364
7145,84,500,23,2,0.72727
7145,84,500,24,2,-0.45455
7145,84,500,25,2,-0.81818
7145,84,500,26,2,-0.090909
7145,84,500,27,1,0.36364
7145,84,500,28,1,0.81818
7145,84,500,29,1,0.45455
7145,84,500,30,1,0.81818
7145,84,500,31,1,0.45455
7145,84,500,32,1,-0.36364
7145,84,500,33,2,-0.36364
7145,84,500,34,1,-0.27273
7145,84,500,35,1,0.36364
7145,84,500,36,1,-0.63636
7145,84,500,37,2,0.45455
7145,84,500,38,2,0.63636
7145,84,500,39,1,0.45455
7145,84,500,40,1,0.18182
7145,84,500,41,2,0.27273
7145,84,500,42,2,-0.36364
7145,84,500,43,2,-0.54545
7145,84,500,44,1,0.18182
7145,84,500,45,1,0.81818
7145,84,500,46,2,0.090909
7145,84,500,47,2,-0.54545
7145,84,500,48,1,0.81818
7145,84,500,49,2,-0.54545
7145,84,500,50,1,-0.63636
7145,84,500,51,1,-0.090909
7145,84,501,1,1,-0.18182
7145,84,501,2,2,-0.18182
7145,84,501,3,1,-0.45455
7145,84,501,4,1,0.27273
7145,84,501,5,2,0.72727
7145,84,501,6,1,-0.36364
7145,84,501,7,2,0.45455
7145,84,501,8,1,0.54545
7145,84,501,9,1,0.72727
7145,84,501,10,1,-0.27273
7145,84,501,11,2,-0.36364
7145,84,501,12,1,0.36364
7145,84,501,13,1,0.36364
7145,84,501,14,1,-0.45455
7145,84,501,15,1,0.27273
7145,84,501,16,1,0.27273
7145,84,501,17,2,-0.36364
7145,84,501,18,2,0.54545
7145,84,501,19,1,-0.27273
7145,84,501,20,2,-0.18182
7145,84,501,21,2,-0.45455
7145,84,501,22,1,0.72727
7145,84,501,23,1,0.36364
7145,84,501,24,2,-0.18182
7145,84,501,25,2,-0.36364
7145,84,501,26,1,0.36364
7145,84,501,27,2,0.63636
7145,84,501,28,2,-0.45455
7145,84,501,29,2,-0.18182
7145,84,501,30,2,0.45455
7145,84,501,31,1,0.27273
7145,84,501,32,2,-0.45455
7145,84,501,33,1,-0.18182
7145,84,501,34,1,0.72727
7145,84,501,35,2,-0.36364
7145,84,501,36,1,0.45455
7145,84,501,37,1,-0.63636
7145,84,501,38,1,0.27273
7145,84,501,39,1,-0.27273
7145,84,501,40,1,0.090909
7145,84,501,41,2,0.54545
7145,84,501,42,1,-0.72727
7145,84,501,43,1,0.27273
7145,84,501,44,1,0.72727
7145,84,501,45,1,0.72727
7145,84,501,46,1,0.36364
7145,84,501,47,2,-0.81818
7145,84,501,48,2,0.18182
7145,84,501,49,2,-0.45455
7145,84,501,50,2,0.36364
7145,84,501,51,2,-0.36364
7145,84,502,1,1,0.18182
7145,84,502,2,1,0.090909
7145,84,502,3,1,-0.18182
7145,84,502,4,2,0.18182
7145,84,502,5,2,-0.27273
7145,84,502,6,2,-0.36364
7145,84,502,7,1,0.45455
7145,84,502,8,2,-0.090909
7145,84,502,9,1,0.36364
7145,84,502,10,2,-0.090909
7145,84,502,11,1,0.54545
7145,84,502,12,2,0.36364
7145,84,502,13,2,-0.18182
7145,84,502,14,2,-0.18182
7145,84,502,15,1,0.45455
7145,84,502,16,2,0.090909
7145,84,502,17,1,0.45455
7145,84,502,18,2,-0.090909
7145,84,502,19,2,-0.090909
7145,84,502,20,2,0.18182
7145,84,502,21,2,-0.090909
7145,84,502,22,2,-0.36364
7145,84,502,23,2,0.18182
7145,84,502,24,1,0.54545
7145,84,502,25,1,-0.45455
7145,84,502,26,1,0.63636
7145,84,502,27,2,0.18182
7145,84,502,28,1,0.36364
7145,84,502,29,2,0.18182
7145,84,502,30,2,-0.18182
7145,84,502,31,1,0.27273
7145,84,502,32,1,0.45455
7145,84,502,33,1,0.45455
7145,84,502,34,2,-0.36364
7145,84,502,35,1,0.54545
7145,84,502,36,1,-0.090909
7145,84,502,37,2,-0.36364
7145,84,502,38,1,0.18182
7145,84,502,39,2,-0.18182
7145,84,502,40,2,-0.18182
7145,84,502,41,2,0.090909
7145,84,502,42,1,0.63636
7145,84,502,43,2,0.090909
7145,84,502,44,1,0.72727
7145,84,502,45,1,-0.090909
7145,84,502,46,1,0.54545
7145,84,502,47,2,0.18182
7145,84,502,48,1,0.090909
7145,84,502,49,2,-0.27273
7145,84,502,50,2,0.18182
7145,84,502,51,1,-0.36364
7145,84,503,1,1,-0.63636
7145,84,503,2,2,0.81818
7145,84,503,3,1,-0.81818
7145,84,503,4,2,-0.18182
7145,84,503,5,1,-0.63636
7145,84,503,6,1,0.81818
7145,84,503,7,2,-0.18182
7145,84,503,8,2,-0.36364
7145,84,503,9,1,-0.27273
7145,84,503,10,2,-0.54545
7145,84,503,11,2,-0.36364
7145,84,503,12,2,0.36364
7145,84,503,13,2,-0.45455
7145,84,503,14,2,-0.81818
7145,84,503,15,2,-0.45455
7145,84,503,16,2,0.63636
7145,84,503,17,2,0.090909
7145,84,503,18,2,-0.63636
7145,84,503,19,2,-0.63636
7145,84,503,20,2,0.27273
7145,84,503,21,2,-0.27273
7145,84,503,22,2,-0.45455
7145,84,503,23,2,0.72727
7145,84,503,24,2,-0.18182
7145,84,503,25,1,0.81818
7145,84,503,26,2,0.36364
7145,84,503,27,2,0.45455
7145,84,503,28,2,-0.81818
7145,84,503,29,2,-0.54545
7145,84,503,30,2,-0.36364
7145,84,503,31,1,0.81818
7145,84,503,32,2,-0.63636
7145,84,503,33,2,-0.45455
7145,84,503,34,2,-0.36364
7145,84,503,35,2,-0.81818
7145,84,503,36,2,-0.81818
7145,84,503,37,2,0.36364
7145,84,503,38,2,-0.45455
7145,84,503,39,2,-0.18182
7145,84,503,40,2,-0.18182
7145,84,503,41,2,-0.36364
7145,84,503,42,1,0.81818
7145,84,503,43,2,0.18182
7145,84,503,44,2,-0.18182
7145,84,503,45,1,-0.27273
7145,84,503,46,2,-0.54545
7145,84,503,47,1,0.81818
7145,84,503,48,2,-0.63636
7145,84,503,49,2,-0.45455
7145,84,503,50,2,-0.81818
7145,84,503,51,2,-0.36364
7145,84,504,1,1,0.090909
7145,84,504,2,2,0.090909
7145,84,504,3,2,0.45455
7145,84,504,4,2,-0.54545
7145,84,504,5,2,0.18182
7145,84,504,6,1,-0.45455
7145,84,504,7,2,0.090909
7145,84,504,8,2,-0.54545
7145,84,504,9,1,0.27273
7145,84,504,10,1,0.36364
7145,84,504,11,2,-0.45455
7145,84,504,12,1,0.090909
7145,84,504,13,2,0.54545
7145,84,504,14,2,-0.45455
7145,84,504,15,1,0.090909
7145,84,504,16,2,-0.18182
7145,84,504,17,1,0.36364
7145,84,504,18,2,-0.18182
7145,84,504,19,1,0.27273
7145,84,504,20,2,-0.18182
7145,84,504,21,1,0.45455
7145,84,504,22,2,-0.36364
7145,84,504,23,2,-0.54545
7145,84,504,24,1,0.45455
7145,84,504,25,1,0.54545
7145,84,504,26,1,0.090909
7145,84,504,27,1,0.18182
7145,84,504,28,2,-0.36364
7145,84,504,29,1,-0.090909
7145,84,504,30,2,-0.54545
7145,84,504,31,1,0.090909
7145,84,504,32,2,-0.18182
7145,84,504,33,2,-0.54545
7145,84,504,34,1,-0.090909
7145,84,504,35,1,-0.27273
7145,84,504,36,2,-0.45455
7145,84,504,37,1,0.72727
7145,84,504,38,2,-0.45455
7145,84,504,39,2,-0.36364
7145,84,504,40,1,0.090909
7145,84,504,41,1,0.090909
7145,84,504,42,2,-0.54545
7145,84,504,43,1,0.36364
7145,84,504,44,1,0.18182
7145,84,504,45,1,0.63636
7145,84,504,46,1,0.090909
7145,84,504,47,2,-0.54545
7145,84,504,48,1,0.27273
7145,84,504,49,2,0.090909
7145,84,504,50,1,0.090909
7145,84,504,51,2,-0.45455
7145,85,505,1,2,0.090909
7145,85,505,2,1,-0.090909
7145,85,505,3,1,-0.090909
7145,85,505,4,1,0.36364
7145,85,505,5,2,0.27273
7145,85,505,6,1,-0.72727
7145,85,505,7,1,0.18182
7145,85,505,8,2,-0.45455
7145,85,505,9,1,0.090909
7145,85,505,10,2,-0.54545
7145,85,505,11,2,-0.54545
7145,85,505,12,2,0.090909
7145,85,505,13,2,-0.27273
7145,85,505,14,2,0.090909
7145,85,505,15,1,0.27273
7145,85,505,16,1,0.090909
7145,85,505,17,2,0.45455
7145,85,505,18,1,0.090909
7145,85,505,19,1,0.18182
7145,85,505,20,2,-0.45455
7145,85,505,21,2,-0.27273
7145,85,505,22,1,-0.45455
7145,85,505,23,2,-0.27273
7145,85,505,24,2,-0.45455
7145,85,505,25,2,0.36364
7145,85,505,26,2,0.090909
7145,85,505,27,1,-0.090909
7145,85,505,28,1,0.18182
7145,85,505,29,2,-0.45455
7145,85,505,30,2,-0.090909
7145,85,505,31,1,0.18182
7145,85,505,32,1,0.090909
7145,85,505,33,2,0.090909
7145,85,505,34,2,0.090909
7145,85,505,35,2,-0.27273
7145,85,505,36,2,-0.63636
7145,85,505,37,2,0.090909
7145,85,505,38,1,-0.27273
7145,85,505,39,1,0.45455
7145,85,505,40,1,0.36364
7145,85,505,41,2,-0.36364
7145,85,505,42,1,0.36364
7145,85,505,43,2,-0.090909
7145,85,505,44,2,-0.45455
7145,85,505,45,1,0.63636
7145,85,505,46,1,0.18182
7145,85,505,47,2,-0.090909
7145,85,505,48,2,-0.18182
7145,85,505,49,1,0.45455
7145,85,505,50,2,-0.63636
7145,85,505,51,2,-0.36364
7145,85,506,1,2,-0.090909
7145,85,506,2,2,-0.63636
7145,85,506,3,2,-0.090909
7145,85,506,4,2,0.36364
7145,85,506,5,1,0.18182
7145,85,506,6,1,-0.54545
7145,85,506,7,2,0.45455
7145,85,506,8,1,-0.27273
7145,85,506,9,2,-0.36364
7145,85,506,10,2,-0.36364
7145,85,506,11,2,-0.54545
7145,85,506,12,2,0.81818
7145,85,506,13,1,0.45455
7145,85,506,14,1,0.81818
7145,85,506,15,2,0.36364
7145,85,506,16,1,-0.27273
7145,85,506,17,2,0.36364
7145,85,506,18,1,-0.090909
7145,85,506,19,1,-0.090909
7145,85,506,20,2,-0.36364
7145,85,506,21,2,-0.54545
7145,85,506,22,1,0.36364
7145,85,506,23,1,0.72727
7145,85,506,24,1,-0.45455
7145,85,506,25,2,-0.81818
7145,85,506,26,2,-0.090909
7145,85,506,27,1,0.36364
7145,85,506,28,1,0.81818
7145,85,506,29,1,0.45455
7145,85,506,30,1,0.81818
7145,85,506,31,1,0.45455
7145,85,506,32,1,-0.36364
7145,85,506,33,1,-0.36364
7145,85,506,34,1,-0.27273
7145,85,506,35,1,0.36364
7145,85,506,36,1,-0.63636
7145,85,506,37,2,0.45455
7145,85,506,38,1,0.63636
7145,85,506,39,1,0.45455
7145,85,506,40,1,0.18182
7145,85,506,41,1,0.27273
7145,85,506,42,2,-0.36364
7145,85,506,43,2,-0.54545
7145,85,506,44,2,0.18182
7145,85,506,45,1,0.81818
7145,85,506,46,2,0.090909
7145,85,506,47,2,-0.54545
7145,85,506,48,1,0.81818
7145,85,506,49,2,-0.54545
7145,85,506,50,2,-0.63636
7145,85,506,51,1,-0.090909
7145,85,507,1,2,-0.18182
7145,85,507,2,2,-0.18182
7145,85,507,3,2,-0.45455
7145,85,507,4,1,0.27273
7145,85,507,5,2,0.72727
7145,85,507,6,1,-0.36364
7145,85,507,7,2,0.45455
7145,85,507,8,2,0.54545
7145,85,507,9,1,0.72727
7145,85,507,10,1,-0.27273
7145,85,507,11,1,-0.36364
7145,85,507,12,2,0.36364
7145,85,507,13,1,0.36364
7145,85,507,14,1,-0.45455
7145,85,507,15,1,0.27273
7145,85,507,16,1,0.27273
7145,85,507,17,2,-0.36364
7145,85,507,18,1,0.54545
7145,85,507,19,1,-0.27273
7145,85,507,20,1,-0.18182
7145,85,507,21,2,-0.45455
7145,85,507,22,1,0.72727
7145,85,507,23,1,0.36364
7145,85,507,24,2,-0.18182
7145,85,507,25,2,-0.36364
7145,85,507,26,1,0.36364
7145,85,507,27,2,0.63636
7145,85,507,28,2,-0.45455
7145,85,507,29,2,-0.18182
7145,85,507,30,1,0.45455
7145,85,507,31,1,0.27273
7145,85,507,32,2,-0.45455
7145,85,507,33,1,-0.18182
7145,85,507,34,1,0.72727
7145,85,507,35,2,-0.36364
7145,85,507,36,1,0.45455
7145,85,507,37,2,-0.63636
7145,85,507,38,1,0.27273
7145,85,507,39,2,-0.27273
7145,85,507,40,1,0.090909
7145,85,507,41,2,0.54545
7145,85,507,42,1,-0.72727
7145,85,507,43,1,0.27273
7145,85,507,44,1,0.72727
7145,85,507,45,1,0.72727
7145,85,507,46,1,0.36364
7145,85,507,47,1,-0.81818
7145,85,507,48,2,0.18182
7145,85,507,49,2,-0.45455
7145,85,507,50,2,0.36364
7145,85,507,51,1,-0.36364
7145,85,508,1,2,0.18182
7145,85,508,2,1,0.090909
7145,85,508,3,1,-0.18182
7145,85,508,4,1,0.18182
7145,85,508,5,2,-0.27273
7145,85,508,6,2,-0.36364
7145,85,508,7,2,0.45455
7145,85,508,8,1,-0.090909
7145,85,508,9,1,0.36364
7145,85,508,10,2,-0.090909
7145,85,508,11,1,0.54545
7145,85,508,12,1,0.36364
7145,85,508,13,2,-0.18182
7145,85,508,14,2,-0.18182
7145,85,508,15,1,0.45455
7145,85,508,16,2,0.090909
7145,85,508,17,1,0.45455
7145,85,508,18,2,-0.090909
7145,85,508,19,2,-0.090909
7145,85,508,20,2,0.18182
7145,85,508,21,1,-0.090909
7145,85,508,22,2,-0.36364
7145,85,508,23,1,0.18182
7145,85,508,24,1,0.54545
7145,85,508,25,2,-0.45455
7145,85,508,26,1,0.63636
7145,85,508,27,2,0.18182
7145,85,508,28,1,0.36364
7145,85,508,29,1,0.18182
7145,85,508,30,2,-0.18182
7145,85,508,31,1,0.27273
7145,85,508,32,1,0.45455
7145,85,508,33,1,0.45455
7145,85,508,34,2,-0.36364
7145,85,508,35,2,0.54545
7145,85,508,36,2,-0.090909
7145,85,508,37,2,-0.36364
7145,85,508,38,1,0.18182
7145,85,508,39,2,-0.18182
7145,85,508,40,2,-0.18182
7145,85,508,41,1,0.090909
7145,85,508,42,1,0.63636
7145,85,508,43,1,0.090909
7145,85,508,44,1,0.72727
7145,85,508,45,1,-0.090909
7145,85,508,46,1,0.54545
7145,85,508,47,2,0.18182
7145,85,508,48,2,0.090909
7145,85,508,49,2,-0.27273
7145,85,508,50,1,0.18182
7145,85,508,51,2,-0.36364
7145,85,509,1,2,-0.63636
7145,85,509,2,2,0.81818
7145,85,509,3,1,-0.81818
7145,85,509,4,2,-0.18182
7145,85,509,5,1,-0.63636
7145,85,509,6,1,0.81818
7145,85,509,7,2,-0.18182
7145,85,509,8,2,-0.36364
7145,85,509,9,1,-0.27273
7145,85,509,10,1,-0.54545
7145,85,509,11,2,-0.36364
7145,85,509,12,2,0.36364
7145,85,509,13,2,-0.45455
7145,85,509,14,1,-0.81818
7145,85,509,15,2,-0.45455
7145,85,509,16,2,0.63636
7145,85,509,17,2,0.090909
7145,85,509,18,2,-0.63636
7145,85,509,19,1,-0.63636
7145,85,509,20,2,0.27273
7145,85,509,21,2,-0.27273
7145,85,509,22,2,-0.45455
7145,85,509,23,2,0.72727
7145,85,509,24,1,-0.18182
7145,85,509,25,1,0.81818
7145,85,509,26,2,0.36364
7145,85,509,27,1,0.45455
7145,85,509,28,2,-0.81818
7145,85,509,29,2,-0.54545
7145,85,509,30,2,-0.36364
7145,85,509,31,1,0.81818
7145,85,509,32,2,-0.63636
7145,85,509,33,1,-0.45455
7145,85,509,34,2,-0.36364
7145,85,509,35,2,-0.81818
7145,85,509,36,2,-0.81818
7145,85,509,37,2,0.36364
7145,85,509,38,2,-0.45455
7145,85,509,39,2,-0.18182
7145,85,509,40,2,-0.18182
7145,85,509,41,2,-0.36364
7145,85,509,42,1,0.81818
7145,85,509,43,2,0.18182
7145,85,509,44,2,-0.18182
7145,85,509,45,2,-0.27273
7145,85,509,46,2,-0.54545
7145,85,509,47,1,0.81818
7145,85,509,48,2,-0.63636
7145,85,509,49,2,-0.45455
7145,85,509,50,2,-0.81818
7145,85,509,51,2,-0.36364
7145,85,510,1,1,0.090909
7145,85,510,2,1,0.090909
7145,85,510,3,1,0.45455
7145,85,510,4,2,-0.54545
7145,85,510,5,1,0.18182
7145,85,510,6,2,-0.45455
7145,85,510,7,1,0.090909
7145,85,510,8,2,-0.54545
7145,85,510,9,1,0.27273
7145,85,510,10,1,0.36364
7145,85,510,11,2,-0.45455
7145,85,510,12,1,0.090909
7145,85,510,13,2,0.54545
7145,85,510,14,2,-0.45455
7145,85,510,15,2,0.090909
7145,85,510,16,2,-0.18182
7145,85,510,17,1,0.36364
7145,85,510,18,2,-0.18182
7145,85,510,19,1,0.27273
7145,85,510,20,1,-0.18182
7145,85,510,21,1,0.45455
7145,85,510,22,2,-0.36364
7145,85,510,23,2,-0.54545
7145,85,510,24,2,0.45455
7145,85,510,25,1,0.54545
7145,85,510,26,2,0.090909
7145,85,510,27,1,0.18182
7145,85,510,28,2,-0.36364
7145,85,510,29,2,-0.090909
7145,85,510,30,2,-0.54545
7145,85,510,31,1,0.090909
7145,85,510,32,2,-0.18182
7145,85,510,33,2,-0.54545
7145,85,510,34,2,-0.090909
7145,85,510,35,1,-0.27273
7145,85,510,36,2,-0.45455
7145,85,510,37,1,0.72727
7145,85,510,38,2,-0.45455
7145,85,510,39,2,-0.36364
7145,85,510,40,1,0.090909
7145,85,510,41,2,0.090909
7145,85,510,42,2,-0.54545
7145,85,510,43,1,0.36364
7145,85,510,44,1,0.18182
7145,85,510,45,1,0.63636
7145,85,510,46,1,0.090909
7145,85,510,47,2,-0.54545
7145,85,510,48,1,0.27273
7145,85,510,49,1,0.090909
7145,85,510,50,1,0.090909
7145,85,510,51,2,-0.45455
7145,86,511,1,1,0.090909
7145,86,511,2,2,-0.090909
7145,86,511,3,1,-0.090909
7145,86,511,4,1,0.36364
7145,86,511,5,1,0.27273
7145,86,511,6,1,-0.72727
7145,86,511,7,1,0.18182
7145,86,511,8,2,-0.45455
7145,86,511,9,2,0.090909
7145,86,511,10,2,-0.54545
7145,86,511,11,2,-0.54545
7145,86,511,12,1,0.090909
7145,86,511,13,2,-0.27273
7145,86,511,14,1,0.090909
7145,86,511,15,2,0.27273
7145,86,511,16,1,0.090909
7145,86,511,17,1,0.45455
7145,86,511,18,1,0.090909
7145,86,511,19,1,0.18182
7145,86,511,20,2,-0.45455
7145,86,511,21,2,-0.27273
7145,86,511,22,2,-0.45455
7145,86,511,23,2,-0.27273
7145,86,511,24,2,-0.45455
7145,86,511,25,1,0.36364
7145,86,511,26,1,0.090909
7145,86,511,27,2,-0.090909
7145,86,511,28,1,0.18182
7145,86,511,29,2,-0.45455
7145,86,511,30,1,-0.090909
7145,86,511,31,2,0.18182
7145,86,511,32,1,0.090909
7145,86,511,33,1,0.090909
7145,86,511,34,1,0.090909
7145,86,511,35,2,-0.27273
7145,86,511,36,2,-0.63636
7145,86,511,37,1,0.090909
7145,86,511,38,1,-0.27273
7145,86,511,39,1,0.45455
7145,86,511,40,1,0.36364
7145,86,511,41,2,-0.36364
7145,86,511,42,1,0.36364
7145,86,511,43,2,-0.090909
7145,86,511,44,2,-0.45455
7145,86,511,45,1,0.63636
7145,86,511,46,1,0.18182
7145,86,511,47,1,-0.090909
7145,86,511,48,1,-0.18182
7145,86,511,49,1,0.45455
7145,86,511,50,2,-0.63636
7145,86,511,51,2,-0.36364
7145,86,512,1,2,-0.090909
7145,86,512,2,2,-0.63636
7145,86,512,3,2,-0.090909
7145,86,512,4,2,0.36364
7145,86,512,5,1,0.18182
7145,86,512,6,2,-0.54545
7145,86,512,7,2,0.45455
7145,86,512,8,2,-0.27273
7145,86,512,9,2,-0.36364
7145,86,512,10,2,-0.36364
7145,86,512,11,2,-0.54545
7145,86,512,12,1,0.81818
7145,86,512,13,2,0.45455
7145,86,512,14,1,0.81818
7145,86,512,15,2,0.36364
7145,86,512,16,1,-0.27273
7145,86,512,17,2,0.36364
7145,86,512,18,1,-0.090909
7145,86,512,19,1,-0.090909
7145,86,512,20,2,-0.36364
7145,86,512,21,2,-0.54545
7145,86,512,22,2,0.36364
7145,86,512,23,2,0.72727
7145,86,512,24,1,-0.45455
7145,86,512,25,2,-0.81818
7145,86,512,26,2,-0.090909
7145,86,512,27,1,0.36364
7145,86,512,28,1,0.81818
7145,86,512,29,1,0.45455
7145,86,512,30,1,0.81818
7145,86,512,31,1,0.45455
7145,86,512,32,1,-0.36364
7145,86,512,33,2,-0.36364
7145,86,512,34,1,-0.27273
7145,86,512,35,1,0.36364
7145,86,512,36,1,-0.63636
7145,86,512,37,2,0.45455
7145,86,512,38,1,0.63636
7145,86,512,39,1,0.45455
7145,86,512,40,1,0.18182
7145,86,512,41,1,0.27273
7145,86,512,42,2,-0.36364
7145,86,512,43,1,-0.54545
7145,86,512,44,2,0.18182
7145,86,512,45,1,0.81818
7145,86,512,46,1,0.090909
7145,86,512,47,2,-0.54545
7145,86,512,48,1,0.81818
7145,86,512,49,2,-0.54545
7145,86,512,50,2,-0.63636
7145,86,512,51,1,-0.090909
7145,86,513,1,1,-0.18182
7145,86,513,2,2,-0.18182
7145,86,513,3,2,-0.45455
7145,86,513,4,1,0.27273
7145,86,513,5,2,0.72727
7145,86,513,6,2,-0.36364
7145,86,513,7,2,0.45455
7145,86,513,8,1,0.54545
7145,86,513,9,1,0.72727
7145,86,513,10,1,-0.27273
7145,86,513,11,2,-0.36364
7145,86,513,12,1,0.36364
7145,86,513,13,1,0.36364
7145,86,513,14,1,-0.45455
7145,86,513,15,1,0.27273
7145,86,513,16,1,0.27273
7145,86,513,17,2,-0.36364
7145,86,513,18,1,0.54545
7145,86,513,19,1,-0.27273
7145,86,513,20,2,-0.18182
7145,86,513,21,2,-0.45455
7145,86,513,22,1,0.72727
7145,86,513,23,1,0.36364
7145,86,513,24,2,-0.18182
7145,86,513,25,2,-0.36364
7145,86,513,26,2,0.36364
7145,86,513,27,2,0.63636
7145,86,513,28,2,-0.45455
7145,86,513,29,1,-0.18182
7145,86,513,30,1,0.45455
7145,86,513,31,1,0.27273
7145,86,513,32,2,-0.45455
7145,86,513,33,2,-0.18182
7145,86,513,34,1,0.72727
7145,86,513,35,2,-0.36364
7145,86,513,36,1,0.45455
7145,86,513,37,1,-0.63636
7145,86,513,38,1,0.27273
7145,86,513,39,2,-0.27273
7145,86,513,40,2,0.090909
7145,86,513,41,1,0.54545
7145,86,513,42,2,-0.72727
7145,86,513,43,1,0.27273
7145,86,513,44,1,0.72727
7145,86,513,45,1,0.72727
7145,86,513,46,1,0.36364
7145,86,513,47,2,-0.81818
7145,86,513,48,2,0.18182
7145,86,513,49,2,-0.45455
7145,86,513,50,2,0.36364
7145,86,513,51,2,-0.36364
7145,86,514,1,2,0.18182
7145,86,514,2,1,0.090909
7145,86,514,3,2,-0.18182
7145,86,514,4,2,0.18182
7145,86,514,5,2,-0.27273
7145,86,514,6,2,-0.36364
7145,86,514,7,2,0.45455
7145,86,514,8,2,-0.090909
7145,86,514,9,1,0.36364
7145,86,514,10,2,-0.090909
7145,86,514,11,2,0.54545
7145,86,514,12,1,0.36364
7145,86,514,13,2,-0.18182
7145,86,514,14,2,-0.18182
7145,86,514,15,1,0.45455
7145,86,514,16,2,0.090909
7145,86,514,17,1,0.45455
7145,86,514,18,2,-0.090909
7145,86,514,19,2,-0.090909
7145,86,514,20,2,0.18182
7145,86,514,21,2,-0.090909
7145,86,514,22,2,-0.36364
7145,86,514,23,2,0.18182
7145,86,514,24,1,0.54545
7145,86,514,25,2,-0.45455
7145,86,514,26,1,0.63636
7145,86,514,27,1,0.18182
7145,86,514,28,1,0.36364
7145,86,514,29,2,0.18182
7145,86,514,30,2,-0.18182
7145,86,514,31,1,0.27273
7145,86,514,32,1,0.45455
7145,86,514,33,1,0.45455
7145,86,514,34,2,-0.36364
7145,86,514,35,1,0.54545
7145,86,514,36,2,-0.090909
7145,86,514,37,2,-0.36364
7145,86,514,38,1,0.18182
7145,86,514,39,2,-0.18182
7145,86,514,40,2,-0.18182
7145,86,514,41,1,0.090909
7145,86,514,42,1,0.63636
7145,86,514,43,1,0.090909
7145,86,514,44,1,0.72727
7145,86,514,45,2,-0.090909
7145,86,514,46,1,0.54545
7145,86,514,47,1,0.18182
7145,86,514,48,1,0.090909
7145,86,514,49,2,-0.27273
7145,86,514,50,1,0.18182
7145,86,514,51,2,-0.36364
7145,86,515,1,1,-0.63636
7145,86,515,2,2,0.81818
7145,86,515,3,1,-0.81818
7145,86,515,4,1,-0.18182
7145,86,515,5,2,-0.63636
7145,86,515,6,2,0.81818
7145,86,515,7,1,-0.18182
7145,86,515,8,2,-0.36364
7145,86,515,9,1,-0.27273
7145,86,515,10,2,-0.54545
7145,86,515,11,2,-0.36364
7145,86,515,12,2,0.36364
7145,86,515,13,1,-0.45455
7145,86,515,14,2,-0.81818
7145,86,515,15,2,-0.45455
7145,86,515,16,2,0.63636
7145,86,515,17,2,0.090909
7145,86,515,18,2,-0.63636
7145,86,515,19,2,-0.63636
7145,86,515,20,1,0.27273
7145,86,515,21,2,-0.27273
7145,86,515,22,2,-0.45455
7145,86,515,23,2,0.72727
7145,86,515,24,2,-0.18182
7145,86,515,25,1,0.81818
7145,86,515,26,2,0.36364
7145,86,515,27,2,0.45455
7145,86,515,28,2,-0.81818
7145,86,515,29,1,-0.54545
7145,86,515,30,2,-0.36364
7145,86,515,31,1,0.81818
7145,86,515,32,2,-0.63636
7145,86,515,33,2,-0.45455
7145,86,515,34,2,-0.36364
7145,86,515,35,2,-0.81818
7145,86,515,36,2,-0.81818
7145,86,515,37,2,0.36364
7145,86,515,38,2,-0.45455
7145,86,515,39,2,-0.18182
7145,86,515,40,2,-0.18182
7145,86,515,41,2,-0.36364
7145,86,515,42,1,0.81818
7145,86,515,43,2,0.18182
7145,86,515,44,2,-0.18182
7145,86,515,45,1,-0.27273
7145,86,515,46,2,-0.54545
7145,86,515,47,1,0.81818
7145,86,515,48,2,-0.63636
7145,86,515,49,2,-0.45455
7145,86,515,50,2,-0.81818
7145,86,515,51,2,-0.36364
7145,86,516,1,2,0.090909
7145,86,516,2,1,0.090909
7145,86,516,3,2,0.45455
7145,86,516,4,2,-0.54545
7145,86,516,5,1,0.18182
7145,86,516,6,2,-0.45455
7145,86,516,7,2,0.090909
7145,86,516,8,2,-0.54545
7145,86,516,9,1,0.27273
7145,86,516,10,1,0.36364
7145,86,516,11,2,-0.45455
7145,86,516,12,1,0.090909
7145,86,516,13,1,0.54545
7145,86,516,14,2,-0.45455
7145,86,516,15,2,0.090909
7145,86,516,16,1,-0.18182
7145,86,516,17,1,0.36364
7145,86,516,18,1,-0.18182
7145,86,516,19,1,0.27273
7145,86,516,20,1,-0.18182
7145,86,516,21,1,0.45455
7145,86,516,22,2,-0.36364
7145,86,516,23,2,-0.54545
7145,86,516,24,1,0.45455
7145,86,516,25,1,0.54545
7145,86,516,26,1,0.090909
7145,86,516,27,1,0.18182
7145,86,516,28,2,-0.36364
7145,86,516,29,2,-0.090909
7145,86,516,30,2,-0.54545
7145,86,516,31,2,0.090909
7145,86,516,32,2,-0.18182
7145,86,516,33,2,-0.54545
7145,86,516,34,2,-0.090909
7145,86,516,35,1,-0.27273
7145,86,516,36,2,-0.45455
7145,86,516,37,1,0.72727
7145,86,516,38,2,-0.45455
7145,86,516,39,2,-0.36364
7145,86,516,40,1,0.090909
7145,86,516,41,1,0.090909
7145,86,516,42,2,-0.54545
7145,86,516,43,1,0.36364
7145,86,516,44,1,0.18182
7145,86,516,45,1,0.63636
7145,86,516,46,1,0.090909
7145,86,516,47,2,-0.54545
7145,86,516,48,1,0.27273
7145,86,516,49,2,0.090909
7145,86,516,50,1,0.090909
7145,86,516,51,2,-0.45455
7145,87,517,1,1,0.090909
7145,87,517,2,1,-0.090909
7145,87,517,3,2,-0.090909
7145,87,517,4,1,0.36364
7145,87,517,5,1,0.27273
7145,87,517,6,2,-0.72727
7145,87,517,7,1,0.18182
7145,87,517,8,2,-0.45455
7145,87,517,9,1,0.090909
7145,87,517,10,2,-0.54545
7145,87,517,11,2,-0.54545
7145,87,517,12,1,0.090909
7145,87,517,13,2,-0.27273
7145,87,517,14,2,0.090909
7145,87,517,15,2,0.27273
7145,87,517,16,2,0.090909
7145,87,517,17,2,0.45455
7145,87,517,18,1,0.090909
7145,87,517,19,1,0.18182
7145,87,517,20,2,-0.45455
7145,87,517,21,2,-0.27273
7145,87,517,22,2,-0.45455
7145,87,517,23,2,-0.27273
7145,87,517,24,2,-0.45455
7145,87,517,25,1,0.36364
7145,87,517,26,1,0.090909
7145,87,517,27,1,-0.090909
7145,87,517,28,1,0.18182
7145,87,517,29,2,-0.45455
7145,87,517,30,2,-0.090909
7145,87,517,31,2,0.18182
7145,87,517,32,1,0.090909
7145,87,517,33,1,0.090909
7145,87,517,34,2,0.090909
7145,87,517,35,2,-0.27273
7145,87,517,36,2,-0.63636
7145,87,517,37,1,0.090909
7145,87,517,38,1,-0.27273
7145,87,517,39,2,0.45455
7145,87,517,40,2,0.36364
7145,87,517,41,2,-0.36364
7145,87,517,42,1,0.36364
7145,87,517,43,1,-0.090909
7145,87,517,44,2,-0.45455
7145,87,517,45,1,0.63636
7145,87,517,46,1,0.18182
7145,87,517,47,2,-0.090909
7145,87,517,48,1,-0.18182
7145,87,517,49,1,0.45455
7145,87,517,50,2,-0.63636
7145,87,517,51,2,-0.36364
7145,87,518,1,1,-0.090909
7145,87,518,2,1,-0.63636
7145,87,518,3,2,-0.090909
7145,87,518,4,2,0.36364
7145,87,518,5,1,0.18182
7145,87,518,6,1,-0.54545
7145,87,518,7,2,0.45455
7145,87,518,8,1,-0.27273
7145,87,518,9,1,-0.36364
7145,87,518,10,2,-0.36364
7145,87,518,11,2,-0.54545
7145,87,518,12,2,0.81818
7145,87,518,13,2,0.45455
7145,87,518,14,2,0.81818
7145,87,518,15,2,0.36364
7145,87,518,16,1,-0.27273
7145,87,518,17,2,0.36364
7145,87,518,18,1,-0.090909
7145,87,518,19,2,-0.090909
7145,87,518,20,2,-0.36364
7145,87,518,21,1,-0.54545
7145,87,518,22,2,0.36364
7145,87,518,23,2,0.72727
7145,87,518,24,1,-0.45455
7145,87,518,25,1,-0.81818
7145,87,518,26,2,-0.090909
7145,87,518,27,1,0.36364
7145,87,518,28,1,0.81818
7145,87,518,29,1,0.45455
7145,87,518,30,1,0.81818
7145,87,518,31,1,0.45455
7145,87,518,32,2,-0.36364
7145,87,518,33,2,-0.36364
7145,87,518,34,1,-0.27273
7145,87,518,35,1,0.36364
7145,87,518,36,2,-0.63636
7145,87,518,37,1,0.45455
7145,87,518,38,2,0.63636
7145,87,518,39,1,0.45455
7145,87,518,40,2,0.18182
7145,87,518,41,1,0.27273
7145,87,518,42,1,-0.36364
7145,87,518,43,2,-0.54545
7145,87,518,44,1,0.18182
7145,87,518,45,1,0.81818
7145,87,518,46,2,0.090909
7145,87,518,47,2,-0.54545
7145,87,518,48,1,0.81818
7145,87,518,49,2,-0.54545
7145,87,518,50,1,-0.63636
7145,87,518,51,1,-0.090909
7145,87,519,1,1,-0.18182
7145,87,519,2,2,-0.18182
7145,87,519,3,1,-0.45455
7145,87,519,4,1,0.27273
7145,87,519,5,2,0.72727
7145,87,519,6,1,-0.36364
7145,87,519,7,2,0.45455
7145,87,519,8,1,0.54545
7145,87,519,9,1,0.72727
7145,87,519,10,2,-0.27273
7145,87,519,11,2,-0.36364
7145,87,519,12,2,0.36364
7145,87,519,13,2,0.36364
7145,87,519,14,1,-0.45455
7145,87,519,15,1,0.27273
7145,87,519,16,1,0.27273
7145,87,519,17,2,-0.36364
7145,87,519,18,1,0.54545
7145,87,519,19,2,-0.27273
7145,87,519,20,2,-0.18182
7145,87,519,21,2,-0.45455
7145,87,519,22,1,0.72727
7145,87,519,23,1,0.36364
7145,87,519,24,2,-0.18182
7145,87,519,25,2,-0.36364
7145,87,519,26,1,0.36364
7145,87,519,27,2,0.63636
7145,87,519,28,1,-0.45455
7145,87,519,29,1,-0.18182
7145,87,519,30,1,0.45455
7145,87,519,31,2,0.27273
7145,87,519,32,2,-0.45455
7145,87,519,33,2,-0.18182
7145,87,519,34,1,0.72727
7145,87,519,35,2,-0.36364
7145,87,519,36,1,0.45455
7145,87,519,37,1,-0.63636
7145,87,519,38,1,0.27273
7145,87,519,39,2,-0.27273
7145,87,519,40,2,0.090909
7145,87,519,41,1,0.54545
7145,87,519,42,2,-0.72727
7145,87,519,43,1,0.27273
7145,87,519,44,1,0.72727
7145,87,519,45,1,0.72727
7145,87,519,46,1,0.36364
7145,87,519,47,1,-0.81818
7145,87,519,48,2,0.18182
7145,87,519,49,2,-0.45455
7145,87,519,50,2,0.36364
7145,87,519,51,2,-0.36364
7145,87,520,1,1,0.18182
7145,87,520,2,2,0.090909
7145,87,520,3,2,-0.18182
7145,87,520,4,1,0.18182
7145,87,520,5,1,-0.27273
7145,87,520,6,2,-0.36364
7145,87,520,7,2,0.45455
7145,87,520,8,2,-0.090909
7145,87,520,9,2,0.36364
7145,87,520,10,2,-0.090909
7145,87,520,11,2,0.54545
7145,87,520,12,1,0.36364
7145,87,520,13,2,-0.18182
7145,87,520,14,2,-0.18182
7145,87,520,15,1,0.45455
7145,87,520,16,2,0.090909
7145,87,520,17,1,0.45455
7145,87,520,18,2,-0.090909
7145,87,520,19,1,-0.090909
7145,87,520,20,2,0.18182
7145,87,520,21,2,-0.090909
7145,87,520,22,2,-0.36364
7145,87,520,23,2,0.18182
7145,87,520,24,1,0.54545
7145,87,520,25,2,-0.45455
7145,87,520,26,1,0.63636
7145,87,520,27,2,0.18182
7145,87,520,28,1,0.36364
7145,87,520,29,2,0.18182
7145,87,520,30,2,-0.18182
7145,87,520,31,1,0.27273
7145,87,520,32,1,0.45455
7145,87,520,33,1,0.45455
7145,87,520,34,2,-0.36364
7145,87,520,35,1,0.54545
7145,87,520,36,2,-0.090909
7145,87,520,37,2,-0.36364
7145,87,520,38,1,0.18182
7145,87,520,39,2,-0.18182
7145,87,520,40,2,-0.18182
7145,87,520,41,1,0.090909
7145,87,520,42,1,0.63636
7145,87,520,43,2,0.090909
7145,87,520,44,1,0.72727
7145,87,520,45,1,-0.090909
7145,87,520,46,1,0.54545
7145,87,520,47,2,0.18182
7145,87,520,48,1,0.090909
7145,87,520,49,2,-0.27273
7145,87,520,50,2,0.18182
7145,87,520,51,2,-0.36364
7145,87,521,1,2,-0.63636
7145,87,521,2,2,0.81818
7145,87,521,3,2,-0.81818
7145,87,521,4,2,-0.18182
7145,87,521,5,1,-0.63636
7145,87,521,6,1,0.81818
7145,87,521,7,2,-0.18182
7145,87,521,8,2,-0.36364
7145,87,521,9,1,-0.27273
7145,87,521,10,2,-0.54545
7145,87,521,11,1,-0.36364
7145,87,521,12,2,0.36364
7145,87,521,13,2,-0.45455
7145,87,521,14,2,-0.81818
7145,87,521,15,2,-0.45455
7145,87,521,16,2,0.63636
7145,87,521,17,2,0.090909
7145,87,521,18,2,-0.63636
7145,87,521,19,2,-0.63636
7145,87,521,20,2,0.27273
7145,87,521,21,2,-0.27273
7145,87,521,22,2,-0.45455
7145,87,521,23,2,0.72727
7145,87,521,24,1,-0.18182
7145,87,521,25,1,0.81818
7145,87,521,26,2,0.36364
7145,87,521,27,2,0.45455
7145,87,521,28,2,-0.81818
7145,87,521,29,2,-0.54545
7145,87,521,30,2,-0.36364
7145,87,521,31,1,0.81818
7145,87,521,32,2,-0.63636
7145,87,521,33,2,-0.45455
7145,87,521,34,2,-0.36364
7145,87,521,35,2,-0.81818
7145,87,521,36,2,-0.81818
7145,87,521,37,2,0.36364
7145,87,521,38,2,-0.45455
7145,87,521,39,2,-0.18182
7145,87,521,40,2,-0.18182
7145,87,521,41,2,-0.36364
7145,87,521,42,1,0.81818
7145,87,521,43,2,0.18182
7145,87,521,44,2,-0.18182
7145,87,521,45,2,-0.27273
7145,87,521,46,2,-0.54545
7145,87,521,47,1,0.81818
7145,87,521,48,1,-0.63636
7145,87,521,49,2,-0.45455
7145,87,521,50,2,-0.81818
7145,87,521,51,2,-0.36364
7145,87,522,1,2,0.090909
7145,87,522,2,1,0.090909
7145,87,522,3,2,0.45455
7145,87,522,4,2,-0.54545
7145,87,522,5,1,0.18182
7145,87,522,6,2,-0.45455
7145,87,522,7,1,0.090909
7145,87,522,8,2,-0.54545
7145,87,522,9,2,0.27273
7145,87,522,10,1,0.36364
7145,87,522,11,2,-0.45455
7145,87,522,12,2,0.090909
7145,87,522,13,1,0.54545
7145,87,522,14,2,-0.45455
7145,87,522,15,2,0.090909
7145,87,522,16,1,-0.18182
7145,87,522,17,1,0.36364
7145,87,522,18,1,-0.18182
7145,87,522,19,1,0.27273
7145,87,522,20,2,-0.18182
7145,87,522,21,1,0.45455
7145,87,522,22,2,-0.36364
7145,87,522,23,2,-0.54545
7145,87,522,24,1,0.45455
7145,87,522,25,1,0.54545
7145,87,522,26,2,0.090909
7145,87,522,27,1,0.18182
7145,87,522,28,2,-0.36364
7145,87,522,29,1,-0.090909
7145,87,522,30,2,-0.54545
7145,87,522,31,2,0.090909
7145,87,522,32,2,-0.18182
7145,87,522,33,2,-0.54545
7145,87,522,34,2,-0.090909
7145,87,522,35,2,-0.27273
7145,87,522,36,2,-0.45455
7145,87,522,37,1,0.72727
7145,87,522,38,2,-0.45455
7145,87,522,39,2,-0.36364
7145,87,522,40,1,0.090909
7145,87,522,41,2,0.090909
7145,87,522,42,2,-0.54545
7145,87,522,43,1,0.36364
7145,87,522,44,1,0.18182
7145,87,522,45,1,0.63636
7145,87,522,46,1,0.090909
7145,87,522,47,2,-0.54545
7145,87,522,48,1,0.27273
7145,87,522,49,2,0.090909
7145,87,522,50,2,0.090909
7145,87,522,51,2,-0.45455
7145,88,523,1,1,0.090909
7145,88,523,2,1,-0.090909
7145,88,523,3,1,-0.090909
7145,88,523,4,2,0.36364
7145,88,523,5,1,0.27273
7145,88,523,6,2,-0.72727
7145,88,523,7,1,0.18182
7145,88,523,8,2,-0.45455
7145,88,523,9,1,0.090909
7145,88,523,10,2,-0.54545
7145,88,523,11,2,-0.54545
7145,88,523,12,1,0.090909
7145,88,523,13,2,-0.27273
7145,88,523,14,1,0.090909
7145,88,523,15,2,0.27273
7145,88,523,16,1,0.090909
7145,88,523,17,1,0.45455
7145,88,523,18,1,0.090909
7145,88,523,19,1,0.18182
7145,88,523,20,2,-0.45455
7145,88,523,21,2,-0.27273
7145,88,523,22,2,-0.45455
7145,88,523,23,2,-0.27273
7145,88,523,24,2,-0.45455
7145,88,523,25,1,0.36364
7145,88,523,26,1,0.090909
7145,88,523,27,2,-0.090909
7145,88,523,28,1,0.18182
7145,88,523,29,2,-0.45455
7145,88,523,30,1,-0.090909
7145,88,523,31,1,0.18182
7145,88,523,32,2,0.090909
7145,88,523,33,1,0.090909
7145,88,523,34,1,0.090909
7145,88,523,35,2,-0.27273
7145,88,523,36,1,-0.63636
7145,88,523,37,2,0.090909
7145,88,523,38,2,-0.27273
7145,88,523,39,1,0.45455
7145,88,523,40,1,0.36364
7145,88,523,41,2,-0.36364
7145,88,523,42,1,0.36364
7145,88,523,43,1,-0.090909
7145,88,523,44,2,-0.45455
7145,88,523,45,1,0.63636
7145,88,523,46,1,0.18182
7145,88,523,47,1,-0.090909
7145,88,523,48,2,-0.18182
7145,88,523,49,1,0.45455
7145,88,523,50,2,-0.63636
7145,88,523,51,2,-0.36364
7145,88,524,1,1,-0.090909
7145,88,524,2,2,-0.63636
7145,88,524,3,2,-0.090909
7145,88,524,4,2,0.36364
7145,88,524,5,1,0.18182
7145,88,524,6,2,-0.54545
7145,88,524,7,2,0.45455
7145,88,524,8,2,-0.27273
7145,88,524,9,2,-0.36364
7145,88,524,10,2,-0.36364
7145,88,524,11,1,-0.54545
7145,88,524,12,2,0.81818
7145,88,524,13,2,0.45455
7145,88,524,14,1,0.81818
7145,88,524,15,2,0.36364
7145,88,524,16,1,-0.27273
7145,88,524,17,2,0.36364
7145,88,524,18,1,-0.090909
7145,88,524,19,1,-0.090909
7145,88,524,20,2,-0.36364
7145,88,524,21,2,-0.54545
7145,88,524,22,1,0.36364
7145,88,524,23,2,0.72727
7145,88,524,24,2,-0.45455
7145,88,524,25,1,-0.81818
7145,88,524,26,2,-0.090909
7145,88,524,27,1,0.36364
7145,88,524,28,1,0.81818
7145,88,524,29,1,0.45455
7145,88,524,30,1,0.81818
7145,88,524,31,1,0.45455
7145,88,524,32,1,-0.36364
7145,88,524,33,1,-0.36364
7145,88,524,34,1,-0.27273
7145,88,524,35,1,0.36364
7145,88,524,36,2,-0.63636
7145,88,524,37,1,0.45455
7145,88,524,38,1,0.63636
7145,88,524,39,1,0.45455
7145,88,524,40,1,0.18182
7145,88,524,41,1,0.27273
7145,88,524,42,1,-0.36364
7145,88,524,43,2,-0.54545
7145,88,524,44,1,0.18182
7145,88,524,45,1,0.81818
7145,88,524,46,2,0.090909
7145,88,524,47,2,-0.54545
7145,88,524,48,1,0.81818
7145,88,524,49,2,-0.54545
7145,88,524,50,2,-0.63636
7145,88,524,51,1,-0.090909
7145,88,525,1,1,-0.18182
7145,88,525,2,2,-0.18182
7145,88,525,3,2,-0.45455
7145,88,525,4,2,0.27273
7145,88,525,5,1,0.72727
7145,88,525,6,2,-0.36364
7145,88,525,7,2,0.45455
7145,88,525,8,2,0.54545
7145,88,525,9,1,0.72727
7145,88,525,10,1,-0.27273
7145,88,525,11,2,-0.36364
7145,88,525,12,2,0.36364
7145,88,525,13,1,0.36364
7145,88,525,14,1,-0.45455
7145,88,525,15,1,0.27273
7145,88,525,16,1,0.27273
7145,88,525,17,2,-0.36364
7145,88,525,18,1,0.54545
7145,88,525,19,1,-0.27273
7145,88,525,20,2,-0.18182
7145,88,525,21,2,-0.45455
7145,88,525,22,1,0.72727
7145,88,525,23,1,0.36364
7145,88,525,24,2,-0.18182
7145,88,525,25,2,-0.36364
7145,88,525,26,1,0.36364
7145,88,525,27,2,0.63636
7145,88,525,28,2,-0.45455
7145,88,525,29,2,-0.18182
7145,88,525,30,2,0.45455
7145,88,525,31,1,0.27273
7145,88,525,32,2,-0.45455
7145,88,525,33,1,-0.18182
7145,88,525,34,1,0.72727
7145,88,525,35,2,-0.36364
7145,88,525,36,1,0.45455
7145,88,525,37,1,-0.63636
7145,88,525,38,1,0.27273
7145,88,525,39,2,-0.27273
7145,88,525,40,1,0.090909
7145,88,525,41,1,0.54545
7145,88,525,42,1,-0.72727
7145,88,525,43,1,0.27273
7145,88,525,44,1,0.72727
7145,88,525,45,1,0.72727
7145,88,525,46,1,0.36364
7145,88,525,47,1,-0.81818
7145,88,525,48,1,0.18182
7145,88,525,49,2,-0.45455
7145,88,525,50,1,0.36364
7145,88,525,51,2,-0.36364
7145,88,526,1,1,0.18182
7145,88,526,2,1,0.090909
7145,88,526,3,2,-0.18182
7145,88,526,4,2,0.18182
7145,88,526,5,2,-0.27273
7145,88,526,6,1,-0.36364
7145,88,526,7,2,0.45455
7145,88,526,8,1,-0.090909
7145,88,526,9,1,0.36364
7145,88,526,10,1,-0.090909
7145,88,526,11,1,0.54545
7145,88,526,12,1,0.36364
7145,88,526,13,2,-0.18182
7145,88,526,14,2,-0.18182
7145,88,526,15,1,0.45455
7145,88,526,16,2,0.090909
7145,88,526,17,1,0.45455
7145,88,526,18,2,-0.090909
7145,88,526,19,2,-0.090909
7145,88,526,20,2,0.18182
7145,88,526,21,1,-0.090909
7145,88,526,22,2,-0.36364
7145,88,526,23,1,0.18182
7145,88,526,24,1,0.54545
7145,88,526,25,1,-0.45455
7145,88,526,26,1,0.63636
7145,88,526,27,2,0.18182
7145,88,526,28,1,0.36364
7145,88,526,29,1,0.18182
7145,88,526,30,1,-0.18182
7145,88,526,31,1,0.27273
7145,88,526,32,1,0.45455
7145,88,526,33,1,0.45455
7145,88,526,34,2,-0.36364
7145,88,526,35,1,0.54545
7145,88,526,36,2,-0.090909
7145,88,526,37,1,-0.36364
7145,88,526,38,1,0.18182
7145,88,526,39,2,-0.18182
7145,88,526,40,2,-0.18182
7145,88,526,41,1,0.090909
7145,88,526,42,1,0.63636
7145,88,526,43,1,0.090909
7145,88,526,44,1,0.72727
7145,88,526,45,1,-0.090909
7145,88,526,46,1,0.54545
7145,88,526,47,2,0.18182
7145,88,526,48,1,0.090909
7145,88,526,49,2,-0.27273
7145,88,526,50,1,0.18182
7145,88,526,51,2,-0.36364
7145,88,527,1,2,-0.63636
7145,88,527,2,2,0.81818
7145,88,527,3,2,-0.81818
7145,88,527,4,2,-0.18182
7145,88,527,5,1,-0.63636
7145,88,527,6,1,0.81818
7145,88,527,7,2,-0.18182
7145,88,527,8,2,-0.36364
7145,88,527,9,1,-0.27273
7145,88,527,10,2,-0.54545
7145,88,527,11,2,-0.36364
7145,88,527,12,2,0.36364
7145,88,527,13,2,-0.45455
7145,88,527,14,2,-0.81818
7145,88,527,15,2,-0.45455
7145,88,527,16,2,0.63636
7145,88,527,17,1,0.090909
7145,88,527,18,2,-0.63636
7145,88,527,19,2,-0.63636
7145,88,527,20,1,0.27273
7145,88,527,21,2,-0.27273
7145,88,527,22,2,-0.45455
7145,88,527,23,2,0.72727
7145,88,527,24,2,-0.18182
7145,88,527,25,2,0.81818
7145,88,527,26,1,0.36364
7145,88,527,27,1,0.45455
7145,88,527,28,2,-0.81818
7145,88,527,29,2,-0.54545
7145,88,527,30,2,-0.36364
7145,88,527,31,1,0.81818
7145,88,527,32,2,-0.63636
7145,88,527,33,2,-0.45455
7145,88,527,34,2,-0.36364
7145,88,527,35,2,-0.81818
7145,88,527,36,2,-0.81818
7145,88,527,37,2,0.36364
7145,88,527,38,2,-0.45455
7145,88,527,39,2,-0.18182
7145,88,527,40,1,-0.18182
7145,88,527,41,2,-0.36364
7145,88,527,42,1,0.81818
7145,88,527,43,2,0.18182
7145,88,527,44,2,-0.18182
7145,88,527,45,1,-0.27273
7145,88,527,46,2,-0.54545
7145,88,527,47,1,0.81818
7145,88,527,48,2,-0.63636
7145,88,527,49,2,-0.45455
7145,88,527,50,2,-0.81818
7145,88,527,51,2,-0.36364
7145,88,528,1,2,0.090909
7145,88,528,2,1,0.090909
7145,88,528,3,1,0.45455
7145,88,528,4,2,-0.54545
7145,88,528,5,1,0.18182
7145,88,528,6,1,-0.45455
7145,88,528,7,1,0.090909
7145,88,528,8,2,-0.54545
7145,88,528,9,1,0.27273
7145,88,528,10,2,0.36364
7145,88,528,11,2,-0.45455
7145,88,528,12,1,0.090909
7145,88,528,13,2,0.54545
7145,88,528,14,2,-0.45455
7145,88,528,15,1,0.090909
7145,88,528,16,1,-0.18182
7145,88,528,17,1,0.36364
7145,88,528,18,1,-0.18182
7145,88,528,19,1,0.27273
7145,88,528,20,1,-0.18182
7145,88,528,21,1,0.45455
7145,88,528,22,2,-0.36364
7145,88,528,23,2,-0.54545
7145,88,528,24,1,0.45455
7145,88,528,25,1,0.54545
7145,88,528,26,2,0.090909
7145,88,528,27,1,0.18182
7145,88,528,28,2,-0.36364
7145,88,528,29,1,-0.090909
7145,88,528,30,2,-0.54545
7145,88,528,31,1,0.090909
7145,88,528,32,2,-0.18182
7145,88,528,33,2,-0.54545
7145,88,528,34,2,-0.090909
7145,88,528,35,1,-0.27273
7145,88,528,36,2,-0.45455
7145,88,528,37,1,0.72727
7145,88,528,38,2,-0.45455
7145,88,528,39,2,-0.36364
7145,88,528,40,1,0.090909
7145,88,528,41,1,0.090909
7145,88,528,42,2,-0.54545
7145,88,528,43,1,0.36364
7145,88,528,44,1,0.18182
7145,88,528,45,1,0.63636
7145,88,528,46,2,0.090909
7145,88,528,47,2,-0.54545
7145,88,528,48,1,0.27273
7145,88,528,49,2,0.090909
7145,88,528,50,1,0.090909
7145,88,528,51,2,-0.45455
7145,89,529,1,2,0.090909
7145,89,529,2,2,-0.090909
7145,89,529,3,1,-0.090909
7145,89,529,4,2,0.36364
7145,89,529,5,1,0.27273
7145,89,529,6,2,-0.72727
7145,89,529,7,1,0.18182
7145,89,529,8,2,-0.45455
7145,89,529,9,1,0.090909
7145,89,529,10,2,-0.54545
7145,89,529,11,2,-0.54545
7145,89,529,12,2,0.090909
7145,89,529,13,2,-0.27273
7145,89,529,14,1,0.090909
7145,89,529,15,1,0.27273
7145,89,529,16,1,0.090909
7145,89,529,17,1,0.45455
7145,89,529,18,1,0.090909
7145,89,529,19,1,0.18182
7145,89,529,20,2,-0.45455
7145,89,529,21,2,-0.27273
7145,89,529,22,2,-0.45455
7145,89,529,23,2,-0.27273
7145,89,529,24,2,-0.45455
7145,89,529,25,1,0.36364
7145,89,529,26,2,0.090909
7145,89,529,27,2,-0.090909
7145,89,529,28,1,0.18182
7145,89,529,29,2,-0.45455
7145,89,529,30,2,-0.090909
7145,89,529,31,1,0.18182
7145,89,529,32,2,0.090909
7145,89,529,33,1,0.090909
7145,89,529,34,1,0.090909
7145,89,529,35,2,-0.27273
7145,89,529,36,2,-0.63636
7145,89,529,37,2,0.090909
7145,89,529,38,2,-0.27273
7145,89,529,39,1,0.45455
7145,89,529,40,1,0.36364
7145,89,529,41,2,-0.36364
7145,89,529,42,1,0.36364
7145,89,529,43,2,-0.090909
7145,89,529,44,2,-0.45455
7145,89,529,45,1,0.63636
7145,89,529,46,1,0.18182
7145,89,529,47,2,-0.090909
7145,89,529,48,2,-0.18182
7145,89,529,49,1,0.45455
7145,89,529,50,2,-0.63636
7145,89,529,51,2,-0.36364
7145,89,530,1,2,-0.090909
7145,89,530,2,1,-0.63636
7145,89,530,3,1,-0.090909
7145,89,530,4,1,0.36364
7145,89,530,5,2,0.18182
7145,89,530,6,2,-0.54545
7145,89,530,7,2,0.45455
7145,89,530,8,1,-0.27273
7145,89,530,9,2,-0.36364
7145,89,530,10,2,-0.36364
7145,89,530,11,2,-0.54545
7145,89,530,12,2,0.81818
7145,89,530,13,2,0.45455
7145,89,530,14,1,0.81818
7145,89,530,15,2,0.36364
7145,89,530,16,2,-0.27273
7145,89,530,17,1,0.36364
7145,89,530,18,1,-0.090909
7145,89,530,19,2,-0.090909
7145,89,530,20,2,-0.36364
7145,89,530,21,2,-0.54545
7145,89,530,22,1,0.36364
7145,89,530,23,2,0.72727
7145,89,530,24,2,-0.45455
7145,89,530,25,2,-0.81818
7145,89,530,26,2,-0.090909
7145,89,530,27,2,0.36364
7145,89,530,28,2,0.81818
7145,89,530,29,1,0.45455
7145,89,530,30,1,0.81818
7145,89,530,31,1,0.45455
7145,89,530,32,1,-0.36364
7145,89,530,33,2,-0.36364
7145,89,530,34,1,-0.27273
7145,89,530,35,2,0.36364
7145,89,530,36,2,-0.63636
7145,89,530,37,1,0.45455
7145,89,530,38,1,0.63636
7145,89,530,39,1,0.45455
7145,89,530,40,1,0.18182
7145,89,530,41,1,0.27273
7145,89,530,42,2,-0.36364
7145,89,530,43,2,-0.54545
7145,89,530,44,2,0.18182
7145,89,530,45,1,0.81818
7145,89,530,46,2,0.090909
7145,89,530,47,2,-0.54545
7145,89,530,48,1,0.81818
7145,89,530,49,2,-0.54545
7145,89,530,50,2,-0.63636
7145,89,530,51,1,-0.090909
7145,89,531,1,2,-0.18182
7145,89,531,2,2,-0.18182
7145,89,531,3,1,-0.45455
7145,89,531,4,2,0.27273
7145,89,531,5,1,0.72727
7145,89,531,6,2,-0.36364
7145,89,531,7,2,0.45455
7145,89,531,8,2,0.54545
7145,89,531,9,1,0.72727
7145,89,531,10,1,-0.27273
7145,89,531,11,2,-0.36364
7145,89,531,12,1,0.36364
7145,89,531,13,1,0.36364
7145,89,531,14,2,-0.45455
7145,89,531,15,2,0.27273
7145,89,531,16,1,0.27273
7145,89,531,17,2,-0.36364
7145,89,531,18,2,0.54545
7145,89,531,19,1,-0.27273
7145,89,531,20,2,-0.18182
7145,89,531,21,2,-0.45455
7145,89,531,22,1,0.72727
7145,89,531,23,2,0.36364
7145,89,531,24,2,-0.18182
7145,89,531,25,2,-0.36364
7145,89,531,26,1,0.36364
7145,89,531,27,1,0.63636
7145,89,531,28,2,-0.45455
7145,89,531,29,2,-0.18182
7145,89,531,30,2,0.45455
7145,89,531,31,1,0.27273
7145,89,531,32,2,-0.45455
7145,89,531,33,2,-0.18182
7145,89,531,34,1,0.72727
7145,89,531,35,2,-0.36364
7145,89,531,36,1,0.45455
7145,89,531,37,1,-0.63636
7145,89,531,38,1,0.27273
7145,89,531,39,1,-0.27273
7145,89,531,40,2,0.090909
7145,89,531,41,1,0.54545
7145,89,531,42,2,-0.72727
7145,89,531,43,1,0.27273
7145,89,531,44,1,0.72727
7145,89,531,45,1,0.72727
7145,89,531,46,1,0.36364
7145,89,531,47,2,-0.81818
7145,89,531,48,2,0.18182
7145,89,531,49,2,-0.45455
7145,89,531,50,1,0.36364
7145,89,531,51,2,-0.36364
7145,89,532,1,2,0.18182
7145,89,532,2,1,0.090909
7145,89,532,3,2,-0.18182
7145,89,532,4,2,0.18182
7145,89,532,5,1,-0.27273
7145,89,532,6,2,-0.36364
7145,89,532,7,1,0.45455
7145,89,532,8,2,-0.090909
7145,89,532,9,2,0.36364
7145,89,532,10,1,-0.090909
7145,89,532,11,1,0.54545
7145,89,532,12,1,0.36364
7145,89,532,13,2,-0.18182
7145,89,532,14,2,-0.18182
7145,89,532,15,1,0.45455
7145,89,532,16,1,0.090909
7145,89,532,17,1,0.45455
7145,89,532,18,1,-0.090909
7145,89,532,19,2,-0.090909
7145,89,532,20,2,0.18182
7145,89,532,21,2,-0.090909
7145,89,532,22,2,-0.36364
7145,89,532,23,2,0.18182
7145,89,532,24,1,0.54545
7145,89,532,25,2,-0.45455
7145,89,532,26,1,0.63636
7145,89,532,27,2,0.18182
7145,89,532,28,1,0.36364
7145,89,532,29,2,0.18182
7145,89,532,30,1,-0.18182
7145,89,532,31,1,0.27273
7145,89,532,32,1,0.45455
7145,89,532,33,1,0.45455
7145,89,532,34,2,-0.36364
7145,89,532,35,1,0.54545
7145,89,532,36,2,-0.090909
7145,89,532,37,2,-0.36364
7145,89,532,38,1,0.18182
7145,89,532,39,2,-0.18182
7145,89,532,40,2,-0.18182
7145,89,532,41,2,0.090909
7145,89,532,42,1,0.63636
7145,89,532,43,2,0.090909
7145,89,532,44,1,0.72727
7145,89,532,45,1,-0.090909
7145,89,532,46,1,0.54545
7145,89,532,47,1,0.18182
7145,89,532,48,1,0.090909
7145,89,532,49,2,-0.27273
7145,89,532,50,1,0.18182
7145,89,532,51,2,-0.36364
7145,89,533,1,2,-0.63636
7145,89,533,2,2,0.81818
7145,89,533,3,2,-0.81818
7145,89,533,4,1,-0.18182
7145,89,533,5,1,-0.63636
7145,89,533,6,1,0.81818
7145,89,533,7,2,-0.18182
7145,89,533,8,2,-0.36364
7145,89,533,9,2,-0.27273
7145,89,533,10,1,-0.54545
7145,89,533,11,2,-0.36364
7145,89,533,12,2,0.36364
7145,89,533,13,2,-0.45455
7145,89,533,14,2,-0.81818
7145,89,533,15,2,-0.45455
7145,89,533,16,2,0.63636
7145,89,533,17,2,0.090909
7145,89,533,18,2,-0.63636
7145,89,533,19,2,-0.63636
7145,89,533,20,1,0.27273
7145,89,533,21,1,-0.27273
7145,89,533,22,2,-0.45455
7145,89,533,23,2,0.72727
7145,89,533,24,2,-0.18182
7145,89,533,25,1,0.81818
7145,89,533,26,1,0.36364
7145,89,533,27,2,0.45455
7145,89,533,28,2,-0.81818
7145,89,533,29,2,-0.54545
7145,89,533,30,2,-0.36364
7145,89,533,31,1,0.81818
7145,89,533,32,2,-0.63636
7145,89,533,33,2,-0.45455
7145,89,533,34,2,-0.36364
7145,89,533,35,2,-0.81818
7145,89,533,36,2,-0.81818
7145,89,533,37,2,0.36364
7145,89,533,38,2,-0.45455
7145,89,533,39,2,-0.18182
7145,89,533,40,2,-0.18182
7145,89,533,41,2,-0.36364
7145,89,533,42,1,0.81818
7145,89,533,43,2,0.18182
7145,89,533,44,2,-0.18182
7145,89,533,45,1,-0.27273
7145,89,533,46,2,-0.54545
7145,89,533,47,1,0.81818
7145,89,533,48,2,-0.63636
7145,89,533,49,2,-0.45455
7145,89,533,50,2,-0.81818
7145,89,533,51,2,-0.36364
7145,89,534,1,2,0.090909
7145,89,534,2,2,0.090909
7145,89,534,3,2,0.45455
7145,89,534,4,2,-0.54545
7145,89,534,5,2,0.18182
7145,89,534,6,2,-0.45455
7145,89,534,7,1,0.090909
7145,89,534,8,2,-0.54545
7145,89,534,9,1,0.27273
7145,89,534,10,1,0.36364
7145,89,534,11,2,-0.45455
7145,89,534,12,1,0.090909
7145,89,534,13,1,0.54545
7145,89,534,14,2,-0.45455
7145,89,534,15,2,0.090909
7145,89,534,16,1,-0.18182
7145,89,534,17,1,0.36364
7145,89,534,18,2,-0.18182
7145,89,534,19,1,0.27273
7145,89,534,20,2,-0.18182
7145,89,534,21,1,0.45455
7145,89,534,22,2,-0.36364
7145,89,534,23,2,-0.54545
7145,89,534,24,1,0.45455
7145,89,534,25,1,0.54545
7145,89,534,26,2,0.090909
7145,89,534,27,1,0.18182
7145,89,534,28,2,-0.36364
7145,89,534,29,1,-0.090909
7145,89,534,30,2,-0.54545
7145,89,534,31,2,0.090909
7145,89,534,32,2,-0.18182
7145,89,534,33,2,-0.54545
7145,89,534,34,1,-0.090909
7145,89,534,35,1,-0.27273
7145,89,534,36,2,-0.45455
7145,89,534,37,1,0.72727
7145,89,534,38,2,-0.45455
7145,89,534,39,2,-0.36364
7145,89,534,40,1,0.090909
7145,89,534,41,1,0.090909
7145,89,534,42,2,-0.54545
7145,89,534,43,1,0.36364
7145,89,534,44,1,0.18182
7145,89,534,45,1,0.63636
7145,89,534,46,2,0.090909
7145,89,534,47,2,-0.54545
7145,89,534,48,1,0.27273
7145,89,534,49,2,0.090909
7145,89,534,50,1,0.090909
7145,89,534,51,2,-0.45455
7145,90,535,1,2,0.090909
7145,90,535,2,1,-0.090909
7145,90,535,3,2,-0.090909
7145,90,535,4,1,0.36364
7145,90,535,5,2,0.27273
7145,90,535,6,2,-0.72727
7145,90,535,7,1,0.18182
7145,90,535,8,2,-0.45455
7145,90,535,9,2,0.090909
7145,90,535,10,2,-0.54545
7145,90,535,11,2,-0.54545
7145,90,535,12,2,0.090909
7145,90,535,13,2,-0.27273
7145,90,535,14,2,0.090909
7145,90,535,15,2,0.27273
7145,90,535,16,2,0.090909
7145,90,535,17,2,0.45455
7145,90,535,18,1,0.090909
7145,90,535,19,1,0.18182
7145,90,535,20,2,-0.45455
7145,90,535,21,2,-0.27273
7145,90,535,22,2,-0.45455
7145,90,535,23,2,-0.27273
7145,90,535,24,2,-0.45455
7145,90,535,25,2,0.36364
7145,90,535,26,1,0.090909
7145,90,535,27,1,-0.090909
7145,90,535,28,1,0.18182
7145,90,535,29,2,-0.45455
7145,90,535,30,1,-0.090909
7145,90,535,31,1,0.18182
7145,90,535,32,2,0.090909
7145,90,535,33,1,0.090909
7145,90,535,34,1,0.090909
7145,90,535,35,2,-0.27273
7145,90,535,36,2,-0.63636
7145,90,535,37,2,0.090909
7145,90,535,38,2,-0.27273
7145,90,535,39,1,0.45455
7145,90,535,40,1,0.36364
7145,90,535,41,2,-0.36364
7145,90,535,42,1,0.36364
7145,90,535,43,1,-0.090909
7145,90,535,44,2,-0.45455
7145,90,535,45,1,0.63636
7145,90,535,46,1,0.18182
7145,90,535,47,2,-0.090909
7145,90,535,48,2,-0.18182
7145,90,535,49,1,0.45455
7145,90,535,50,2,-0.63636
7145,90,535,51,2,-0.36364
7145,90,536,1,2,-0.090909
7145,90,536,2,2,-0.63636
7145,90,536,3,1,-0.090909
7145,90,536,4,1,0.36364
7145,90,536,5,1,0.18182
7145,90,536,6,1,-0.54545
7145,90,536,7,1,0.45455
7145,90,536,8,2,-0.27273
7145,90,536,9,2,-0.36364
7145,90,536,10,2,-0.36364
7145,90,536,11,2,-0.54545
7145,90,536,12,2,0.81818
7145,90,536,13,2,0.45455
7145,90,536,14,2,0.81818
7145,90,536,15,2,0.36364
7145,90,536,16,1,-0.27273
7145,90,536,17,2,0.36364
7145,90,536,18,1,-0.090909
7145,90,536,19,1,-0.090909
7145,90,536,20,1,-0.36364
7145,90,536,21,1,-0.54545
7145,90,536,22,1,0.36364
7145,90,536,23,2,0.72727
7145,90,536,24,2,-0.45455
7145,90,536,25,2,-0.81818
7145,90,536,26,2,-0.090909
7145,90,536,27,1,0.36364
7145,90,536,28,1,0.81818
7145,90,536,29,1,0.45455
7145,90,536,30,1,0.81818
7145,90,536,31,1,0.45455
7145,90,536,32,2,-0.36364
7145,90,536,33,2,-0.36364
7145,90,536,34,1,-0.27273
7145,90,536,35,1,0.36364
7145,90,536,36,1,-0.63636
7145,90,536,37,1,0.45455
7145,90,536,38,1,0.63636
7145,90,536,39,1,0.45455
7145,90,536,40,1,0.18182
7145,90,536,41,2,0.27273
7145,90,536,42,2,-0.36364
7145,90,536,43,1,-0.54545
7145,90,536,44,1,0.18182
7145,90,536,45,1,0.81818
7145,90,536,46,2,0.090909
7145,90,536,47,2,-0.54545
7145,90,536,48,1,0.81818
7145,90,536,49,2,-0.54545
7145,90,536,50,2,-0.63636
7145,90,536,51,1,-0.090909
7145,90,537,1,2,-0.18182
7145,90,537,2,2,-0.18182
7145,90,537,3,1,-0.45455
7145,90,537,4,1,0.27273
7145,90,537,5,1,0.72727
7145,90,537,6,2,-0.36364
7145,90,537,7,2,0.45455
7145,90,537,8,2,0.54545
7145,90,537,9,1,0.72727
7145,90,537,10,1,-0.27273
7145,90,537,11,2,-0.36364
7145,90,537,12,1,0.36364
7145,90,537,13,1,0.36364
7145,90,537,14,2,-0.45455
7145,90,537,15,2,0.27273
7145,90,537,16,1,0.27273
7145,90,537,17,2,-0.36364
7145,90,537,18,1,0.54545
7145,90,537,19,1,-0.27273
7145,90,537,20,2,-0.18182
7145,90,537,21,2,-0.45455
7145,90,537,22,1,0.72727
7145,90,537,23,1,0.36364
7145,90,537,24,1,-0.18182
7145,90,537,25,2,-0.36364
7145,90,537,26,2,0.36364
7145,90,537,27,2,0.63636
7145,90,537,28,1,-0.45455
7145,90,537,29,2,-0.18182
7145,90,537,30,2,0.45455
7145,90,537,31,1,0.27273
7145,90,537,32,2,-0.45455
7145,90,537,33,1,-0.18182
7145,90,537,34,1,0.72727
7145,90,537,35,2,-0.36364
7145,90,537,36,1,0.45455
7145,90,537,37,2,-0.63636
7145,90,537,38,1,0.27273
7145,90,537,39,2,-0.27273
7145,90,537,40,2,0.090909
7145,90,537,41,1,0.54545
7145,90,537,42,2,-0.72727
7145,90,537,43,2,0.27273
7145,90,537,44,1,0.72727
7145,90,537,45,1,0.72727
7145,90,537,46,1,0.36364
7145,90,537,47,1,-0.81818
7145,90,537,48,2,0.18182
7145,90,537,49,2,-0.45455
7145,90,537,50,2,0.36364
7145,90,537,51,2,-0.36364
7145,90,538,1,1,0.18182
7145,90,538,2,2,0.090909
7145,90,538,3,2,-0.18182
7145,90,538,4,1,0.18182
7145,90,538,5,2,-0.27273
7145,90,538,6,2,-0.36364
7145,90,538,7,1,0.45455
7145,90,538,8,2,-0.090909
7145,90,538,9,2,0.36364
7145,90,538,10,1,-0.090909
7145,90,538,11,2,0.54545
7145,90,538,12,1,0.36364
7145,90,538,13,2,-0.18182
7145,90,538,14,2,-0.18182
7145,90,538,15,1,0.45455
7145,90,538,16,1,0.090909
7145,90,538,17,1,0.45455
7145,90,538,18,1,-0.090909
7145,90,538,19,2,-0.090909
7145,90,538,20,1,0.18182
7145,90,538,21,1,-0.090909
7145,90,538,22,2,-0.36364
7145,90,538,23,2,0.18182
7145,90,538,24,1,0.54545
7145,90,538,25,2,-0.45455
7145,90,538,26,1,0.63636
7145,90,538,27,2,0.18182
7145,90,538,28,1,0.36364
7145,90,538,29,1,0.18182
7145,90,538,30,1,-0.18182
7145,90,538,31,1,0.27273
7145,90,538,32,1,0.45455
7145,90,538,33,1,0.45455
7145,90,538,34,2,-0.36364
7145,90,538,35,1,0.54545
7145,90,538,36,2,-0.090909
7145,90,538,37,2,-0.36364
7145,90,538,38,1,0.18182
7145,90,538,39,2,-0.18182
7145,90,538,40,2,-0.18182
7145,90,538,41,2,0.090909
7145,90,538,42,1,0.63636
7145,90,538,43,1,0.090909
7145,90,538,44,1,0.72727
7145,90,538,45,2,-0.090909
7145,90,538,46,1,0.54545
7145,90,538,47,2,0.18182
7145,90,538,48,2,0.090909
7145,90,538,49,2,-0.27273
7145,90,538,50,2,0.18182
7145,90,538,51,2,-0.36364
7145,90,539,1,2,-0.63636
7145,90,539,2,2,0.81818
7145,90,539,3,1,-0.81818
7145,90,539,4,2,-0.18182
7145,90,539,5,1,-0.63636
7145,90,539,6,2,0.81818
7145,90,539,7,1,-0.18182
7145,90,539,8,1,-0.36364
7145,90,539,9,2,-0.27273
7145,90,539,10,2,-0.54545
7145,90,539,11,2,-0.36364
7145,90,539,12,2,0.36364
7145,90,539,13,2,-0.45455
7145,90,539,14,2,-0.81818
7145,90,539,15,2,-0.45455
7145,90,539,16,2,0.63636
7145,90,539,17,2,0.090909
7145,90,539,18,1,-0.63636
7145,90,539,19,2,-0.63636
7145,90,539,20,1,0.27273
7145,90,539,21,2,-0.27273
7145,90,539,22,2,-0.45455
7145,90,539,23,2,0.72727
7145,90,539,24,2,-0.18182
7145,90,539,25,1,0.81818
7145,90,539,26,2,0.36364
7145,90,539,27,1,0.45455
7145,90,539,28,2,-0.81818
7145,90,539,29,2,-0.54545
7145,90,539,30,2,-0.36364
7145,90,539,31,1,0.81818
7145,90,539,32,2,-0.63636
7145,90,539,33,2,-0.45455
7145,90,539,34,2,-0.36364
7145,90,539,35,2,-0.81818
7145,90,539,36,2,-0.81818
7145,90,539,37,2,0.36364
7145,90,539,38,2,-0.45455
7145,90,539,39,2,-0.18182
7145,90,539,40,2,-0.18182
7145,90,539,41,2,-0.36364
7145,90,539,42,1,0.81818
7145,90,539,43,1,0.18182
7145,90,539,44,2,-0.18182
7145,90,539,45,1,-0.27273
7145,90,539,46,2,-0.54545
7145,90,539,47,1,0.81818
7145,90,539,48,2,-0.63636
7145,90,539,49,2,-0.45455
7145,90,539,50,2,-0.81818
7145,90,539,51,2,-0.36364
7145,90,540,1,2,0.090909
7145,90,540,2,2,0.090909
7145,90,540,3,2,0.45455
7145,90,540,4,1,-0.54545
7145,90,540,5,1,0.18182
7145,90,540,6,2,-0.45455
7145,90,540,7,1,0.090909
7145,90,540,8,2,-0.54545
7145,90,540,9,1,0.27273
7145,90,540,10,1,0.36364
7145,90,540,11,2,-0.45455
7145,90,540,12,1,0.090909
7145,90,540,13,1,0.54545
7145,90,540,14,2,-0.45455
7145,90,540,15,1,0.090909
7145,90,540,16,1,-0.18182
7145,90,540,17,1,0.36364
7145,90,540,18,2,-0.18182
7145,90,540,19,1,0.27273
7145,90,540,20,1,-0.18182
7145,90,540,21,1,0.45455
7145,90,540,22,2,-0.36364
7145,90,540,23,2,-0.54545
7145,90,540,24,1,0.45455
7145,90,540,25,1,0.54545
7145,90,540,26,2,0.090909
7145,90,540,27,1,0.18182
7145,90,540,28,2,-0.36364
7145,90,540,29,1,-0.090909
7145,90,540,30,2,-0.54545
7145,90,540,31,1,0.090909
7145,90,540,32,2,-0.18182
7145,90,540,33,2,-0.54545
7145,90,540,34,1,-0.090909
7145,90,540,35,2,-0.27273
7145,90,540,36,2,-0.45455
7145,90,540,37,1,0.72727
7145,90,540,38,2,-0.45455
7145,90,540,39,1,-0.36364
7145,90,540,40,1,0.090909
7145,90,540,41,2,0.090909
7145,90,540,42,2,-0.54545
7145,90,540,43,1,0.36364
7145,90,540,44,1,0.18182
7145,90,540,45,1,0.63636
7145,90,540,46,2,0.090909
7145,90,540,47,2,-0.54545
7145,90,540,48,1,0.27273
7145,90,540,49,2,0.090909
7145,90,540,50,1,0.090909
7145,90,540,51,2,-0.45455
7145,91,541,1,1,0.090909
7145,91,541,2,1,-0.090909
7145,91,541,3,1,-0.090909
7145,91,541,4,1,0.36364
7145,91,541,5,2,0.27273
7145,91,541,6,2,-0.72727
7145,91,541,7,1,0.18182
7145,91,541,8,1,-0.45455
7145,91,541,9,1,0.090909
7145,91,541,10,2,-0.54545
7145,91,541,11,2,-0.54545
7145,91,541,12,1,0.090909
7145,91,541,13,2,-0.27273
7145,91,541,14,2,0.090909
7145,91,541,15,2,0.27273
7145,91,541,16,2,0.090909
7145,91,541,17,1,0.45455
7145,91,541,18,2,0.090909
7145,91,541,19,2,0.18182
7145,91,541,20,2,-0.45455
7145,91,541,21,2,-0.27273
7145,91,541,22,2,-0.45455
7145,91,541,23,2,-0.27273
7145,91,541,24,2,-0.45455
7145,91,541,25,1,0.36364
7145,91,541,26,1,0.090909
7145,91,541,27,1,-0.090909
7145,91,541,28,1,0.18182
7145,91,541,29,2,-0.45455
7145,91,541,30,1,-0.090909
7145,91,541,31,1,0.18182
7145,91,541,32,1,0.090909
7145,91,541,33,1,0.090909
7145,91,541,34,1,0.090909
7145,91,541,35,2,-0.27273
7145,91,541,36,2,-0.63636
7145,91,541,37,1,0.090909
7145,91,541,38,2,-0.27273
7145,91,541,39,1,0.45455
7145,91,541,40,1,0.36364
7145,91,541,41,2,-0.36364
7145,91,541,42,1,0.36364
7145,91,541,43,2,-0.090909
7145,91,541,44,2,-0.45455
7145,91,541,45,1,0.63636
7145,91,541,46,1,0.18182
7145,91,541,47,2,-0.090909
7145,91,541,48,2,-0.18182
7145,91,541,49,1,0.45455
7145,91,541,50,2,-0.63636
7145,91,541,51,2,-0.36364
7145,91,542,1,2,-0.090909
7145,91,542,2,1,-0.63636
7145,91,542,3,1,-0.090909
7145,91,542,4,1,0.36364
7145,91,542,5,2,0.18182
7145,91,542,6,1,-0.54545
7145,91,542,7,1,0.45455
7145,91,542,8,2,-0.27273
7145,91,542,9,1,-0.36364
7145,91,542,10,2,-0.36364
7145,91,542,11,1,-0.54545
7145,91,542,12,2,0.81818
7145,91,542,13,1,0.45455
7145,91,542,14,1,0.81818
7145,91,542,15,2,0.36364
7145,91,542,16,1,-0.27273
7145,91,542,17,1,0.36364
7145,91,542,18,1,-0.090909
7145,91,542,19,1,-0.090909
7145,91,542,20,1,-0.36364
7145,91,542,21,1,-0.54545
7145,91,542,22,1,0.36364
7145,91,542,23,2,0.72727
7145,91,542,24,2,-0.45455
7145,91,542,25,1,-0.81818
7145,91,542,26,2,-0.090909
7145,91,542,27,1,0.36364
7145,91,542,28,1,0.81818
7145,91,542,29,1,0.45455
7145,91,542,30,1,0.81818
7145,91,542,31,1,0.45455
7145,91,542,32,1,-0.36364
7145,91,542,33,2,-0.36364
7145,91,542,34,1,-0.27273
7145,91,542,35,1,0.36364
7145,91,542,36,1,-0.63636
7145,91,542,37,1,0.45455
7145,91,542,38,1,0.63636
7145,91,542,39,1,0.45455
7145,91,542,40,1,0.18182
7145,91,542,41,1,0.27273
7145,91,542,42,2,-0.36364
7145,91,542,43,1,-0.54545
7145,91,542,44,1,0.18182
7145,91,542,45,1,0.81818
7145,91,542,46,2,0.090909
7145,91,542,47,2,-0.54545
7145,91,542,48,1,0.81818
7145,91,542,49,2,-0.54545
7145,91,542,50,2,-0.63636
7145,91,542,51,1,-0.090909
7145,91,543,1,2,-0.18182
7145,91,543,2,1,-0.18182
7145,91,543,3,1,-0.45455
7145,91,543,4,1,0.27273
7145,91,543,5,1,0.72727
7145,91,543,6,2,-0.36364
7145,91,543,7,1,0.45455
7145,91,543,8,2,0.54545
7145,91,543,9,1,0.72727
7145,91,543,10,1,-0.27273
7145,91,543,11,2,-0.36364
7145,91,543,12,1,0.36364
7145,91,543,13,2,0.36364
7145,91,543,14,1,-0.45455
7145,91,543,15,1,0.27273
7145,91,543,16,1,0.27273
7145,91,543,17,2,-0.36364
7145,91,543,18,1,0.54545
7145,91,543,19,2,-0.27273
7145,91,543,20,2,-0.18182
7145,91,543,21,1,-0.45455
7145,91,543,22,1,0.72727
7145,91,543,23,1,0.36364
7145,91,543,24,2,-0.18182
7145,91,543,25,2,-0.36364
7145,91,543,26,1,0.36364
7145,91,543,27,2,0.63636
7145,91,543,28,2,-0.45455
7145,91,543,29,2,-0.18182
7145,91,543,30,1,0.45455
7145,91,543,31,1,0.27273
7145,91,543,32,2,-0.45455
7145,91,543,33,2,-0.18182
7145,91,543,34,1,0.72727
7145,91,543,35,2,-0.36364
7145,91,543,36,2,0.45455
7145,91,543,37,1,-0.63636
7145,91,543,38,1,0.27273
7145,91,543,39,2,-0.27273
7145,91,543,40,2,0.090909
7145,91,543,41,1,0.54545
7145,91,543,42,2,-0.72727
7145,91,543,43,1,0.27273
7145,91,543,44,1,0.72727
7145,91,543,45,1,0.72727
7145,91,543,46,1,0.36364
7145,91,543,47,2,-0.81818
7145,91,543,48,2,0.18182
7145,91,543,49,2,-0.45455
7145,91,543,50,1,0.36364
7145,91,543,51,2,-0.36364
7145,91,544,1,1,0.18182
7145,91,544,2,2,0.090909
7145,91,544,3,2,-0.18182
7145,91,544,4,1,0.18182
7145,91,544,5,2,-0.27273
7145,91,544,6,2,-0.36364
7145,91,544,7,2,0.45455
7145,91,544,8,2,-0.090909
7145,91,544,9,2,0.36364
7145,91,544,10,1,-0.090909
7145,91,544,11,1,0.54545
7145,91,544,12,1,0.36364
7145,91,544,13,2,-0.18182
7145,91,544,14,2,-0.18182
7145,91,544,15,1,0.45455
7145,91,544,16,2,0.090909
7145,91,544,17,1,0.45455
7145,91,544,18,1,-0.090909
7145,91,544,19,2,-0.090909
7145,91,544,20,2,0.18182
7145,91,544,21,1,-0.090909
7145,91,544,22,2,-0.36364
7145,91,544,23,1,0.18182
7145,91,544,24,1,0.54545
7145,91,544,25,2,-0.45455
7145,91,544,26,1,0.63636
7145,91,544,27,2,0.18182
7145,91,544,28,1,0.36364
7145,91,544,29,2,0.18182
7145,91,544,30,1,-0.18182
7145,91,544,31,1,0.27273
7145,91,544,32,1,0.45455
7145,91,544,33,1,0.45455
7145,91,544,34,2,-0.36364
7145,91,544,35,1,0.54545
7145,91,544,36,2,-0.090909
7145,91,544,37,2,-0.36364
7145,91,544,38,1,0.18182
7145,91,544,39,2,-0.18182
7145,91,544,40,2,-0.18182
7145,91,544,41,1,0.090909
7145,91,544,42,1,0.63636
7145,91,544,43,2,0.090909
7145,91,544,44,1,0.72727
7145,91,544,45,1,-0.090909
7145,91,544,46,1,0.54545
7145,91,544,47,1,0.18182
7145,91,544,48,2,0.090909
7145,91,544,49,2,-0.27273
7145,91,544,50,1,0.18182
7145,91,544,51,2,-0.36364
7145,91,545,1,1,-0.63636
7145,91,545,2,2,0.81818
7145,91,545,3,1,-0.81818
7145,91,545,4,2,-0.18182
7145,91,545,5,2,-0.63636
7145,91,545,6,1,0.81818
7145,91,545,7,1,-0.18182
7145,91,545,8,1,-0.36364
7145,91,545,9,1,-0.27273
7145,91,545,10,2,-0.54545
7145,91,545,11,2,-0.36364
7145,91,545,12,2,0.36364
7145,91,545,13,2,-0.45455
7145,91,545,14,2,-0.81818
7145,91,545,15,2,-0.45455
7145,91,545,16,2,0.63636
7145,91,545,17,1,0.090909
7145,91,545,18,1,-0.63636
7145,91,545,19,2,-0.63636
7145,91,545,20,2,0.27273
7145,91,545,21,2,-0.27273
7145,91,545,22,2,-0.45455
7145,91,545,23,2,0.72727
7145,91,545,24,2,-0.18182
7145,91,545,25,2,0.81818
7145,91,545,26,1,0.36364
7145,91,545,27,2,0.45455
7145,91,545,28,2,-0.81818
7145,91,545,29,2,-0.54545
7145,91,545,30,2,-0.36364
7145,91,545,31,1,0.81818
7145,91,545,32,2,-0.63636
7145,91,545,33,2,-0.45455
7145,91,545,34,2,-0.36364
7145,91,545,35,2,-0.81818
7145,91,545,36,2,-0.81818
7145,91,545,37,2,0.36364
7145,91,545,38,2,-0.45455
7145,91,545,39,2,-0.18182
7145,91,545,40,2,-0.18182
7145,91,545,41,2,-0.36364
7145,91,545,42,1,0.81818
7145,91,545,43,2,0.18182
7145,91,545,44,2,-0.18182
7145,91,545,45,2,-0.27273
7145,91,545,46,1,-0.54545
7145,91,545,47,1,0.81818
7145,91,545,48,2,-0.63636
7145,91,545,49,2,-0.45455
7145,91,545,50,2,-0.81818
7145,91,545,51,2,-0.36364
7145,91,546,1,1,0.090909
7145,91,546,2,2,0.090909
7145,91,546,3,2,0.45455
7145,91,546,4,1,-0.54545
7145,91,546,5,1,0.18182
7145,91,546,6,2,-0.45455
7145,91,546,7,1,0.090909
7145,91,546,8,2,-0.54545
7145,91,546,9,1,0.27273
7145,91,546,10,1,0.36364
7145,91,546,11,2,-0.45455
7145,91,546,12,2,0.090909
7145,91,546,13,1,0.54545
7145,91,546,14,2,-0.45455
7145,91,546,15,1,0.090909
7145,91,546,16,2,-0.18182
7145,91,546,17,1,0.36364
7145,91,546,18,2,-0.18182
7145,91,546,19,1,0.27273
7145,91,546,20,1,-0.18182
7145,91,546,21,1,0.45455
7145,91,546,22,2,-0.36364
7145,91,546,23,2,-0.54545
7145,91,546,24,1,0.45455
7145,91,546,25,1,0.54545
7145,91,546,26,1,0.090909
7145,91,546,27,1,0.18182
7145,91,546,28,2,-0.36364
7145,91,546,29,2,-0.090909
7145,91,546,30,2,-0.54545
7145,91,546,31,1,0.090909
7145,91,546,32,2,-0.18182
7145,91,546,33,2,-0.54545
7145,91,546,34,2,-0.090909
7145,91,546,35,1,-0.27273
7145,91,546,36,2,-0.45455
7145,91,546,37,1,0.72727
7145,91,546,38,2,-0.45455
7145,91,546,39,2,-0.36364
7145,91,546,40,1,0.090909
7145,91,546,41,2,0.090909
7145,91,546,42,2,-0.54545
7145,91,546,43,1,0.36364
7145,91,546,44,1,0.18182
7145,91,546,45,1,0.63636
7145,91,546,46,1,0.090909
7145,91,546,47,2,-0.54545
7145,91,546,48,1,0.27273
7145,91,546,49,2,0.090909
7145,91,546,50,2,0.090909
7145,91,546,51,2,-0.45455
7145,92,547,1,1,0.090909
7145,92,547,2,1,-0.090909
7145,92,547,3,1,-0.090909
7145,92,547,4,2,0.36364
7145,92,547,5,2,0.27273
7145,92,547,6,2,-0.72727
7145,92,547,7,1,0.18182
7145,92,547,8,2,-0.45455
7145,92,547,9,1,0.090909
7145,92,547,10,2,-0.54545
7145,92,547,11,2,-0.54545
7145,92,547,12,1,0.090909
7145,92,547,13,2,-0.27273
7145,92,547,14,2,0.090909
7145,92,547,15,1,0.27273
7145,92,547,16,1,0.090909
7145,92,547,17,1,0.45455
7145,92,547,18,1,0.090909
7145,92,547,19,2,0.18182
7145,92,547,20,2,-0.45455
7145,92,547,21,2,-0.27273
7145,92,547,22,2,-0.45455
7145,92,547,23,2,-0.27273
7145,92,547,24,2,-0.45455
7145,92,547,25,1,0.36364
7145,92,547,26,2,0.090909
7145,92,547,27,2,-0.090909
7145,92,547,28,1,0.18182
7145,92,547,29,2,-0.45455
7145,92,547,30,2,-0.090909
7145,92,547,31,1,0.18182
7145,92,547,32,2,0.090909
7145,92,547,33,2,0.090909
7145,92,547,34,1,0.090909
7145,92,547,35,2,-0.27273
7145,92,547,36,2,-0.63636
7145,92,547,37,2,0.090909
7145,92,547,38,1,-0.27273
7145,92,547,39,2,0.45455
7145,92,547,40,2,0.36364
7145,92,547,41,2,-0.36364
7145,92,547,42,1,0.36364
7145,92,547,43,1,-0.090909
7145,92,547,44,2,-0.45455
7145,92,547,45,1,0.63636
7145,92,547,46,2,0.18182
7145,92,547,47,1,-0.090909
7145,92,547,48,2,-0.18182
7145,92,547,49,1,0.45455
7145,92,547,50,2,-0.63636
7145,92,547,51,2,-0.36364
7145,92,548,1,2,-0.090909
7145,92,548,2,2,-0.63636
7145,92,548,3,2,-0.090909
7145,92,548,4,1,0.36364
7145,92,548,5,1,0.18182
7145,92,548,6,1,-0.54545
7145,92,548,7,1,0.45455
7145,92,548,8,2,-0.27273
7145,92,548,9,2,-0.36364
7145,92,548,10,2,-0.36364
7145,92,548,11,2,-0.54545
7145,92,548,12,1,0.81818
7145,92,548,13,2,0.45455
7145,92,548,14,1,0.81818
7145,92,548,15,2,0.36364
7145,92,548,16,1,-0.27273
7145,92,548,17,1,0.36364
7145,92,548,18,2,-0.090909
7145,92,548,19,1,-0.090909
7145,92,548,20,2,-0.36364
7145,92,548,21,2,-0.54545
7145,92,548,22,1,0.36364
7145,92,548,23,2,0.72727
7145,92,548,24,2,-0.45455
7145,92,548,25,1,-0.81818
7145,92,548,26,2,-0.090909
7145,92,548,27,1,0.36364
7145,92,548,28,2,0.81818
7145,92,548,29,2,0.45455
7145,92,548,30,1,0.81818
7145,92,548,31,2,0.45455
7145,92,548,32,1,-0.36364
7145,92,548,33,1,-0.36364
7145,92,548,34,1,-0.27273
7145,92,548,35,1,0.36364
7145,92,548,36,2,-0.63636
7145,92,548,37,1,0.45455
7145,92,548,38,1,0.63636
7145,92,548,39,1,0.45455
7145,92,548,40,1,0.18182
7145,92,548,41,1,0.27273
7145,92,548,42,1,-0.36364
7145,92,548,43,1,-0.54545
7145,92,548,44,1,0.18182
7145,92,548,45,1,0.81818
7145,92,548,46,1,0.090909
7145,92,548,47,2,-0.54545
7145,92,548,48,1,0.81818
7145,92,548,49,2,-0.54545
7145,92,548,50,2,-0.63636
7145,92,548,51,1,-0.090909
7145,92,549,1,2,-0.18182
7145,92,549,2,2,-0.18182
7145,92,549,3,2,-0.45455
7145,92,549,4,2,0.27273
7145,92,549,5,1,0.72727
7145,92,549,6,1,-0.36364
7145,92,549,7,2,0.45455
7145,92,549,8,2,0.54545
7145,92,549,9,1,0.72727
7145,92,549,10,1,-0.27273
7145,92,549,11,2,-0.36364
7145,92,549,12,1,0.36364
7145,92,549,13,1,0.36364
7145,92,549,14,1,-0.45455
7145,92,549,15,1,0.27273
7145,92,549,16,1,0.27273
7145,92,549,17,2,-0.36364
7145,92,549,18,1,0.54545
7145,92,549,19,1,-0.27273
7145,92,549,20,2,-0.18182
7145,92,549,21,1,-0.45455
7145,92,549,22,1,0.72727
7145,92,549,23,1,0.36364
7145,92,549,24,2,-0.18182
7145,92,549,25,2,-0.36364
7145,92,549,26,1,0.36364
7145,92,549,27,2,0.63636
7145,92,549,28,2,-0.45455
7145,92,549,29,2,-0.18182
7145,92,549,30,1,0.45455
7145,92,549,31,1,0.27273
7145,92,549,32,1,-0.45455
7145,92,549,33,1,-0.18182
7145,92,549,34,1,0.72727
7145,92,549,35,2,-0.36364
7145,92,549,36,2,0.45455
7145,92,549,37,2,-0.63636
7145,92,549,38,2,0.27273
7145,92,549,39,1,-0.27273
7145,92,549,40,1,0.090909
7145,92,549,41,2,0.54545
7145,92,549,42,2,-0.72727
7145,92,549,43,1,0.27273
7145,92,549,44,1,0.72727
7145,92,549,45,1,0.72727
7145,92,549,46,1,0.36364
7145,92,549,47,1,-0.81818
7145,92,549,48,2,0.18182
7145,92,549,49,2,-0.45455
7145,92,549,50,1,0.36364
7145,92,549,51,2,-0.36364
7145,92,550,1,2,0.18182
7145,92,550,2,1,0.090909
7145,92,550,3,2,-0.18182
7145,92,550,4,2,0.18182
7145,92,550,5,2,-0.27273
7145,92,550,6,2,-0.36364
7145,92,550,7,2,0.45455
7145,92,550,8,2,-0.090909
7145,92,550,9,2,0.36364
7145,92,550,10,1,-0.090909
7145,92,550,11,1,0.54545
7145,92,550,12,1,0.36364
7145,92,550,13,2,-0.18182
7145,92,550,14,2,-0.18182
7145,92,550,15,1,0.45455
7145,92,550,16,2,0.090909
7145,92,550,17,2,0.45455
7145,92,550,18,1,-0.090909
7145,92,550,19,2,-0.090909
7145,92,550,20,2,0.18182
7145,92,550,21,1,-0.090909
7145,92,550,22,1,-0.36364
7145,92,550,23,1,0.18182
7145,92,550,24,1,0.54545
7145,92,550,25,2,-0.45455
7145,92,550,26,1,0.63636
7145,92,550,27,2,0.18182
7145,92,550,28,1,0.36364
7145,92,550,29,2,0.18182
7145,92,550,30,2,-0.18182
7145,92,550,31,1,0.27273
7145,92,550,32,1,0.45455
7145,92,550,33,1,0.45455
7145,92,550,34,2,-0.36364
7145,92,550,35,1,0.54545
7145,92,550,36,2,-0.090909
7145,92,550,37,2,-0.36364
7145,92,550,38,1,0.18182
7145,92,550,39,2,-0.18182
7145,92,550,40,1,-0.18182
7145,92,550,41,1,0.090909
7145,92,550,42,1,0.63636
7145,92,550,43,1,0.090909
7145,92,550,44,1,0.72727
7145,92,550,45,1,-0.090909
7145,92,550,46,1,0.54545
7145,92,550,47,1,0.18182
7145,92,550,48,1,0.090909
7145,92,550,49,2,-0.27273
7145,92,550,50,1,0.18182
7145,92,550,51,2,-0.36364
7145,92,551,1,1,-0.63636
7145,92,551,2,2,0.81818
7145,92,551,3,1,-0.81818
7145,92,551,4,2,-0.18182
7145,92,551,5,2,-0.63636
7145,92,551,6,1,0.81818
7145,92,551,7,2,-0.18182
7145,92,551,8,2,-0.36364
7145,92,551,9,2,-0.27273
7145,92,551,10,2,-0.54545
7145,92,551,11,2,-0.36364
7145,92,551,12,2,0.36364
7145,92,551,13,1,-0.45455
7145,92,551,14,2,-0.81818
7145,92,551,15,2,-0.45455
7145,92,551,16,2,0.63636
7145,92,551,17,2,0.090909
7145,92,551,18,2,-0.63636
7145,92,551,19,2,-0.63636
7145,92,551,20,2,0.27273
7145,92,551,21,2,-0.27273
7145,92,551,22,2,-0.45455
7145,92,551,23,2,0.72727
7145,92,551,24,2,-0.18182
7145,92,551,25,1,0.81818
7145,92,551,26,1,0.36364
7145,92,551,27,2,0.45455
7145,92,551,28,2,-0.81818
7145,92,551,29,2,-0.54545
7145,92,551,30,2,-0.36364
7145,92,551,31,1,0.81818
7145,92,551,32,2,-0.63636
7145,92,551,33,2,-0.45455
7145,92,551,34,2,-0.36364
7145,92,551,35,2,-0.81818
7145,92,551,36,2,-0.81818
7145,92,551,37,2,0.36364
7145,92,551,38,2,-0.45455
7145,92,551,39,2,-0.18182
7145,92,551,40,2,-0.18182
7145,92,551,41,2,-0.36364
7145,92,551,42,1,0.81818
7145,92,551,43,2,0.18182
7145,92,551,44,2,-0.18182
7145,92,551,45,1,-0.27273
7145,92,551,46,2,-0.54545
7145,92,551,47,1,0.81818
7145,92,551,48,2,-0.63636
7145,92,551,49,2,-0.45455
7145,92,551,50,2,-0.81818
7145,92,551,51,2,-0.36364
7145,92,552,1,2,0.090909
7145,92,552,2,1,0.090909
7145,92,552,3,1,0.45455
7145,92,552,4,2,-0.54545
7145,92,552,5,1,0.18182
7145,92,552,6,2,-0.45455
7145,92,552,7,2,0.090909
7145,92,552,8,2,-0.54545
7145,92,552,9,1,0.27273
7145,92,552,10,1,0.36364
7145,92,552,11,2,-0.45455
7145,92,552,12,1,0.090909
7145,92,552,13,1,0.54545
7145,92,552,14,2,-0.45455
7145,92,552,15,2,0.090909
7145,92,552,16,1,-0.18182
7145,92,552,17,1,0.36364
7145,92,552,18,1,-0.18182
7145,92,552,19,1,0.27273
7145,92,552,20,1,-0.18182
7145,92,552,21,1,0.45455
7145,92,552,22,2,-0.36364
7145,92,552,23,2,-0.54545
7145,92,552,24,1,0.45455
7145,92,552,25,1,0.54545
7145,92,552,26,2,0.090909
7145,92,552,27,1,0.18182
7145,92,552,28,2,-0.36364
7145,92,552,29,2,-0.090909
7145,92,552,30,2,-0.54545
7145,92,552,31,2,0.090909
7145,92,552,32,2,-0.18182
7145,92,552,33,2,-0.54545
7145,92,552,34,1,-0.090909
7145,92,552,35,1,-0.27273
7145,92,552,36,2,-0.45455
7145,92,552,37,1,0.72727
7145,92,552,38,2,-0.45455
7145,92,552,39,2,-0.36364
7145,92,552,40,1,0.090909
7145,92,552,41,2,0.090909
7145,92,552,42,2,-0.54545
7145,92,552,43,1,0.36364
7145,92,552,44,1,0.18182
7145,92,552,45,1,0.63636
7145,92,552,46,1,0.090909
7145,92,552,47,2,-0.54545
7145,92,552,48,1,0.27273
7145,92,552,49,2,0.090909
7145,92,552,50,1,0.090909
7145,92,552,51,2,-0.45455
7145,93,553,1,1,0.090909
7145,93,553,2,1,-0.090909
7145,93,553,3,2,-0.090909
7145,93,553,4,2,0.36364
7145,93,553,5,1,0.27273
7145,93,553,6,1,-0.72727
7145,93,553,7,2,0.18182
7145,93,553,8,2,-0.45455
7145,93,553,9,1,0.090909
7145,93,553,10,2,-0.54545
7145,93,553,11,2,-0.54545
7145,93,553,12,1,0.090909
7145,93,553,13,2,-0.27273
7145,93,553,14,2,0.090909
7145,93,553,15,2,0.27273
7145,93,553,16,1,0.090909
7145,93,553,17,1,0.45455
7145,93,553,18,1,0.090909
7145,93,553,19,2,0.18182
7145,93,553,20,2,-0.45455
7145,93,553,21,2,-0.27273
7145,93,553,22,2,-0.45455
7145,93,553,23,2,-0.27273
7145,93,553,24,2,-0.45455
7145,93,553,25,1,0.36364
7145,93,553,26,2,0.090909
7145,93,553,27,2,-0.090909
7145,93,553,28,1,0.18182
7145,93,553,29,2,-0.45455
7145,93,553,30,1,-0.090909
7145,93,553,31,1,0.18182
7145,93,553,32,2,0.090909
7145,93,553,33,1,0.090909
7145,93,553,34,1,0.090909
7145,93,553,35,2,-0.27273
7145,93,553,36,2,-0.63636
7145,93,553,37,2,0.090909
7145,93,553,38,1,-0.27273
7145,93,553,39,1,0.45455
7145,93,553,40,1,0.36364
7145,93,553,41,2,-0.36364
7145,93,553,42,2,0.36364
7145,93,553,43,1,-0.090909
7145,93,553,44,2,-0.45455
7145,93,553,45,1,0.63636
7145,93,553,46,1,0.18182
7145,93,553,47,1,-0.090909
7145,93,553,48,2,-0.18182
7145,93,553,49,1,0.45455
7145,93,553,50,2,-0.63636
7145,93,553,51,2,-0.36364
7145,93,554,1,1,-0.090909
7145,93,554,2,1,-0.63636
7145,93,554,3,2,-0.090909
7145,93,554,4,2,0.36364
7145,93,554,5,1,0.18182
7145,93,554,6,2,-0.54545
7145,93,554,7,2,0.45455
7145,93,554,8,2,-0.27273
7145,93,554,9,1,-0.36364
7145,93,554,10,1,-0.36364
7145,93,554,11,2,-0.54545
7145,93,554,12,1,0.81818
7145,93,554,13,1,0.45455
7145,93,554,14,1,0.81818
7145,93,554,15,2,0.36364
7145,93,554,16,1,-0.27273
7145,93,554,17,1,0.36364
7145,93,554,18,1,-0.090909
7145,93,554,19,1,-0.090909
7145,93,554,20,2,-0.36364
7145,93,554,21,2,-0.54545
7145,93,554,22,1,0.36364
7145,93,554,23,2,0.72727
7145,93,554,24,2,-0.45455
7145,93,554,25,1,-0.81818
7145,93,554,26,2,-0.090909
7145,93,554,27,1,0.36364
7145,93,554,28,1,0.81818
7145,93,554,29,1,0.45455
7145,93,554,30,1,0.81818
7145,93,554,31,1,0.45455
7145,93,554,32,1,-0.36364
7145,93,554,33,2,-0.36364
7145,93,554,34,1,-0.27273
7145,93,554,35,2,0.36364
7145,93,554,36,2,-0.63636
7145,93,554,37,1,0.45455
7145,93,554,38,1,0.63636
7145,93,554,39,1,0.45455
7145,93,554,40,2,0.18182
7145,93,554,41,2,0.27273
7145,93,554,42,2,-0.36364
7145,93,554,43,2,-0.54545
7145,93,554,44,2,0.18182
7145,93,554,45,1,0.81818
7145,93,554,46,1,0.090909
7145,93,554,47,2,-0.54545
7145,93,554,48,1,0.81818
7145,93,554,49,2,-0.54545
7145,93,554,50,2,-0.63636
7145,93,554,51,1,-0.090909
7145,93,555,1,1,-0.18182
7145,93,555,2,2,-0.18182
7145,93,555,3,1,-0.45455
7145,93,555,4,2,0.27273
7145,93,555,5,2,0.72727
7145,93,555,6,2,-0.36364
7145,93,555,7,2,0.45455
7145,93,555,8,2,0.54545
7145,93,555,9,1,0.72727
7145,93,555,10,1,-0.27273
7145,93,555,11,2,-0.36364
7145,93,555,12,1,0.36364
7145,93,555,13,2,0.36364
7145,93,555,14,2,-0.45455
7145,93,555,15,1,0.27273
7145,93,555,16,1,0.27273
7145,93,555,17,2,-0.36364
7145,93,555,18,2,0.54545
7145,93,555,19,2,-0.27273
7145,93,555,20,2,-0.18182
7145,93,555,21,2,-0.45455
7145,93,555,22,1,0.72727
7145,93,555,23,1,0.36364
7145,93,555,24,2,-0.18182
7145,93,555,25,2,-0.36364
7145,93,555,26,2,0.36364
7145,93,555,27,2,0.63636
7145,93,555,28,2,-0.45455
7145,93,555,29,2,-0.18182
7145,93,555,30,2,0.45455
7145,93,555,31,1,0.27273
7145,93,555,32,2,-0.45455
7145,93,555,33,1,-0.18182
7145,93,555,34,1,0.72727
7145,93,555,35,2,-0.36364
7145,93,555,36,2,0.45455
7145,93,555,37,1,-0.63636
7145,93,555,38,1,0.27273
7145,93,555,39,2,-0.27273
7145,93,555,40,2,0.090909
7145,93,555,41,1,0.54545
7145,93,555,42,1,-0.72727
7145,93,555,43,1,0.27273
7145,93,555,44,1,0.72727
7145,93,555,45,1,0.72727
7145,93,555,46,2,0.36364
7145,93,555,47,1,-0.81818
7145,93,555,48,2,0.18182
7145,93,555,49,2,-0.45455
7145,93,555,50,1,0.36364
7145,93,555,51,2,-0.36364
7145,93,556,1,2,0.18182
7145,93,556,2,1,0.090909
7145,93,556,3,2,-0.18182
7145,93,556,4,2,0.18182
7145,93,556,5,2,-0.27273
7145,93,556,6,2,-0.36364
7145,93,556,7,1,0.45455
7145,93,556,8,1,-0.090909
7145,93,556,9,1,0.36364
7145,93,556,10,2,-0.090909
7145,93,556,11,1,0.54545
7145,93,556,12,1,0.36364
7145,93,556,13,2,-0.18182
7145,93,556,14,2,-0.18182
7145,93,556,15,1,0.45455
7145,93,556,16,2,0.090909
7145,93,556,17,2,0.45455
7145,93,556,18,1,-0.090909
7145,93,556,19,2,-0.090909
7145,93,556,20,1,0.18182
7145,93,556,21,1,-0.090909
7145,93,556,22,2,-0.36364
7145,93,556,23,2,0.18182
7145,93,556,24,1,0.54545
7145,93,556,25,2,-0.45455
7145,93,556,26,1,0.63636
7145,93,556,27,2,0.18182
7145,93,556,28,1,0.36364
7145,93,556,29,2,0.18182
7145,93,556,30,2,-0.18182
7145,93,556,31,1,0.27273
7145,93,556,32,1,0.45455
7145,93,556,33,1,0.45455
7145,93,556,34,1,-0.36364
7145,93,556,35,1,0.54545
7145,93,556,36,1,-0.090909
7145,93,556,37,2,-0.36364
7145,93,556,38,1,0.18182
7145,93,556,39,2,-0.18182
7145,93,556,40,2,-0.18182
7145,93,556,41,2,0.090909
7145,93,556,42,1,0.63636
7145,93,556,43,1,0.090909
7145,93,556,44,1,0.72727
7145,93,556,45,2,-0.090909
7145,93,556,46,1,0.54545
7145,93,556,47,1,0.18182
7145,93,556,48,2,0.090909
7145,93,556,49,2,-0.27273
7145,93,556,50,1,0.18182
7145,93,556,51,2,-0.36364
7145,93,557,1,2,-0.63636
7145,93,557,2,2,0.81818
7145,93,557,3,1,-0.81818
7145,93,557,4,2,-0.18182
7145,93,557,5,1,-0.63636
7145,93,557,6,1,0.81818
7145,93,557,7,2,-0.18182
7145,93,557,8,2,-0.36364
7145,93,557,9,1,-0.27273
7145,93,557,10,2,-0.54545
7145,93,557,11,2,-0.36364
7145,93,557,12,2,0.36364
7145,93,557,13,1,-0.45455
7145,93,557,14,2,-0.81818
7145,93,557,15,2,-0.45455
7145,93,557,16,2,0.63636
7145,93,557,17,1,0.090909
7145,93,557,18,1,-0.63636
7145,93,557,19,2,-0.63636
7145,93,557,20,2,0.27273
7145,93,557,21,2,-0.27273
7145,93,557,22,2,-0.45455
7145,93,557,23,2,0.72727
7145,93,557,24,2,-0.18182
7145,93,557,25,1,0.81818
7145,93,557,26,2,0.36364
7145,93,557,27,1,0.45455
7145,93,557,28,2,-0.81818
7145,93,557,29,1,-0.54545
7145,93,557,30,2,-0.36364
7145,93,557,31,1,0.81818
7145,93,557,32,1,-0.63636
7145,93,557,33,2,-0.45455
7145,93,557,34,2,-0.36364
7145,93,557,35,2,-0.81818
7145,93,557,36,2,-0.81818
7145,93,557,37,2,0.36364
7145,93,557,38,2,-0.45455
7145,93,557,39,2,-0.18182
7145,93,557,40,2,-0.18182
7145,93,557,41,2,-0.36364
7145,93,557,42,1,0.81818
7145,93,557,43,2,0.18182
7145,93,557,44,2,-0.18182
7145,93,557,45,2,-0.27273
7145,93,557,46,2,-0.54545
7145,93,557,47,1,0.81818
7145,93,557,48,2,-0.63636
7145,93,557,49,2,-0.45455
7145,93,557,50,2,-0.81818
7145,93,557,51,2,-0.36364
7145,93,558,1,2,0.090909
7145,93,558,2,1,0.090909
7145,93,558,3,2,0.45455
7145,93,558,4,2,-0.54545
7145,93,558,5,1,0.18182
7145,93,558,6,2,-0.45455
7145,93,558,7,1,0.090909
7145,93,558,8,2,-0.54545
7145,93,558,9,1,0.27273
7145,93,558,10,1,0.36364
7145,93,558,11,1,-0.45455
7145,93,558,12,2,0.090909
7145,93,558,13,1,0.54545
7145,93,558,14,2,-0.45455
7145,93,558,15,2,0.090909
7145,93,558,16,2,-0.18182
7145,93,558,17,1,0.36364
7145,93,558,18,1,-0.18182
7145,93,558,19,1,0.27273
7145,93,558,20,2,-0.18182
7145,93,558,21,1,0.45455
7145,93,558,22,2,-0.36364
7145,93,558,23,2,-0.54545
7145,93,558,24,1,0.45455
7145,93,558,25,1,0.54545
7145,93,558,26,1,0.090909
7145,93,558,27,1,0.18182
7145,93,558,28,2,-0.36364
7145,93,558,29,1,-0.090909
7145,93,558,30,2,-0.54545
7145,93,558,31,2,0.090909
7145,93,558,32,2,-0.18182
7145,93,558,33,2,-0.54545
7145,93,558,34,1,-0.090909
7145,93,558,35,1,-0.27273
7145,93,558,36,2,-0.45455
7145,93,558,37,1,0.72727
7145,93,558,38,2,-0.45455
7145,93,558,39,2,-0.36364
7145,93,558,40,1,0.090909
7145,93,558,41,2,0.090909
7145,93,558,42,2,-0.54545
7145,93,558,43,1,0.36364
7145,93,558,44,1,0.18182
7145,93,558,45,1,0.63636
7145,93,558,46,1,0.090909
7145,93,558,47,2,-0.54545
7145,93,558,48,1,0.27273
7145,93,558,49,1,0.090909
7145,93,558,50,1,0.090909
7145,93,558,51,2,-0.45455
7145,94,559,1,2,0.090909
7145,94,559,2,2,-0.090909
7145,94,559,3,2,-0.090909
7145,94,559,4,2,0.36364
7145,94,559,5,1,0.27273
7145,94,559,6,1,-0.72727
7145,94,559,7,1,0.18182
7145,94,559,8,2,-0.45455
7145,94,559,9,1,0.090909
7145,94,559,10,2,-0.54545
7145,94,559,11,2,-0.54545
7145,94,559,12,1,0.090909
7145,94,559,13,2,-0.27273
7145,94,559,14,2,0.090909
7145,94,559,15,2,0.27273
7145,94,559,16,2,0.090909
7145,94,559,17,1,0.45455
7145,94,559,18,1,0.090909
7145,94,559,19,2,0.18182
7145,94,559,20,2,-0.45455
7145,94,559,21,2,-0.27273
7145,94,559,22,2,-0.45455
7145,94,559,23,2,-0.27273
7145,94,559,24,2,-0.45455
7145,94,559,25,2,0.36364
7145,94,559,26,2,0.090909
7145,94,559,27,2,-0.090909
7145,94,559,28,1,0.18182
7145,94,559,29,2,-0.45455
7145,94,559,30,1,-0.090909
7145,94,559,31,1,0.18182
7145,94,559,32,1,0.090909
7145,94,559,33,1,0.090909
7145,94,559,34,1,0.090909
7145,94,559,35,2,-0.27273
7145,94,559,36,2,-0.63636
7145,94,559,37,1,0.090909
7145,94,559,38,1,-0.27273
7145,94,559,39,1,0.45455
7145,94,559,40,1,0.36364
7145,94,559,41,2,-0.36364
7145,94,559,42,1,0.36364
7145,94,559,43,1,-0.090909
7145,94,559,44,2,-0.45455
7145,94,559,45,1,0.63636
7145,94,559,46,1,0.18182
7145,94,559,47,2,-0.090909
7145,94,559,48,1,-0.18182
7145,94,559,49,1,0.45455
7145,94,559,50,2,-0.63636
7145,94,559,51,2,-0.36364
7145,94,560,1,1,-0.090909
7145,94,560,2,2,-0.63636
7145,94,560,3,2,-0.090909
7145,94,560,4,2,0.36364
7145,94,560,5,2,0.18182
7145,94,560,6,1,-0.54545
7145,94,560,7,2,0.45455
7145,94,560,8,2,-0.27273
7145,94,560,9,1,-0.36364
7145,94,560,10,2,-0.36364
7145,94,560,11,2,-0.54545
7145,94,560,12,2,0.81818
7145,94,560,13,1,0.45455
7145,94,560,14,1,0.81818
7145,94,560,15,2,0.36364
7145,94,560,16,1,-0.27273
7145,94,560,17,2,0.36364
7145,94,560,18,1,-0.090909
7145,94,560,19,1,-0.090909
7145,94,560,20,2,-0.36364
7145,94,560,21,2,-0.54545
7145,94,560,22,1,0.36364
7145,94,560,23,1,0.72727
7145,94,560,24,1,-0.45455
7145,94,560,25,1,-0.81818
7145,94,560,26,2,-0.090909
7145,94,560,27,1,0.36364
7145,94,560,28,1,0.81818
7145,94,560,29,1,0.45455
7145,94,560,30,1,0.81818
7145,94,560,31,1,0.45455
7145,94,560,32,2,-0.36364
7145,94,560,33,1,-0.36364
7145,94,560,34,1,-0.27273
7145,94,560,35,2,0.36364
7145,94,560,36,1,-0.63636
7145,94,560,37,1,0.45455
7145,94,560,38,2,0.63636
7145,94,560,39,1,0.45455
7145,94,560,40,1,0.18182
7145,94,560,41,2,0.27273
7145,94,560,42,1,-0.36364
7145,94,560,43,1,-0.54545
7145,94,560,44,2,0.18182
7145,94,560,45,1,0.81818
7145,94,560,46,1,0.090909
7145,94,560,47,2,-0.54545
7145,94,560,48,1,0.81818
7145,94,560,49,2,-0.54545
7145,94,560,50,2,-0.63636
7145,94,560,51,1,-0.090909
7145,94,561,1,1,-0.18182
7145,94,561,2,2,-0.18182
7145,94,561,3,2,-0.45455
7145,94,561,4,2,0.27273
7145,94,561,5,2,0.72727
7145,94,561,6,2,-0.36364
7145,94,561,7,2,0.45455
7145,94,561,8,2,0.54545
7145,94,561,9,1,0.72727
7145,94,561,10,1,-0.27273
7145,94,561,11,2,-0.36364
7145,94,561,12,1,0.36364
7145,94,561,13,1,0.36364
7145,94,561,14,2,-0.45455
7145,94,561,15,1,0.27273
7145,94,561,16,1,0.27273
7145,94,561,17,2,-0.36364
7145,94,561,18,1,0.54545
7145,94,561,19,1,-0.27273
7145,94,561,20,2,-0.18182
7145,94,561,21,2,-0.45455
7145,94,561,22,1,0.72727
7145,94,561,23,2,0.36364
7145,94,561,24,2,-0.18182
7145,94,561,25,2,-0.36364
7145,94,561,26,1,0.36364
7145,94,561,27,2,0.63636
7145,94,561,28,2,-0.45455
7145,94,561,29,2,-0.18182
7145,94,561,30,1,0.45455
7145,94,561,31,1,0.27273
7145,94,561,32,1,-0.45455
7145,94,561,33,2,-0.18182
7145,94,561,34,1,0.72727
7145,94,561,35,2,-0.36364
7145,94,561,36,1,0.45455
7145,94,561,37,1,-0.63636
7145,94,561,38,1,0.27273
7145,94,561,39,2,-0.27273
7145,94,561,40,2,0.090909
7145,94,561,41,2,0.54545
7145,94,561,42,2,-0.72727
7145,94,561,43,1,0.27273
7145,94,561,44,1,0.72727
7145,94,561,45,1,0.72727
7145,94,561,46,1,0.36364
7145,94,561,47,1,-0.81818
7145,94,561,48,1,0.18182
7145,94,561,49,2,-0.45455
7145,94,561,50,1,0.36364
7145,94,561,51,2,-0.36364
7145,94,562,1,1,0.18182
7145,94,562,2,2,0.090909
7145,94,562,3,1,-0.18182
7145,94,562,4,1,0.18182
7145,94,562,5,1,-0.27273
7145,94,562,6,2,-0.36364
7145,94,562,7,1,0.45455
7145,94,562,8,1,-0.090909
7145,94,562,9,1,0.36364
7145,94,562,10,2,-0.090909
7145,94,562,11,1,0.54545
7145,94,562,12,1,0.36364
7145,94,562,13,2,-0.18182
7145,94,562,14,2,-0.18182
7145,94,562,15,1,0.45455
7145,94,562,16,2,0.090909
7145,94,562,17,1,0.45455
7145,94,562,18,1,-0.090909
7145,94,562,19,2,-0.090909
7145,94,562,20,2,0.18182
7145,94,562,21,1,-0.090909
7145,94,562,22,2,-0.36364
7145,94,562,23,1,0.18182
7145,94,562,24,1,0.54545
7145,94,562,25,2,-0.45455
7145,94,562,26,1,0.63636
7145,94,562,27,2,0.18182
7145,94,562,28,1,0.36364
7145,94,562,29,2,0.18182
7145,94,562,30,1,-0.18182
7145,94,562,31,1,0.27273
7145,94,562,32,1,0.45455
7145,94,562,33,1,0.45455
7145,94,562,34,2,-0.36364
7145,94,562,35,1,0.54545
7145,94,562,36,2,-0.090909
7145,94,562,37,2,-0.36364
7145,94,562,38,1,0.18182
7145,94,562,39,2,-0.18182
7145,94,562,40,1,-0.18182
7145,94,562,41,1,0.090909
7145,94,562,42,1,0.63636
7145,94,562,43,1,0.090909
7145,94,562,44,1,0.72727
7145,94,562,45,1,-0.090909
7145,94,562,46,1,0.54545
7145,94,562,47,1,0.18182
7145,94,562,48,2,0.090909
7145,94,562,49,2,-0.27273
7145,94,562,50,2,0.18182
7145,94,562,51,2,-0.36364
7145,94,563,1,1,-0.63636
7145,94,563,2,1,0.81818
7145,94,563,3,1,-0.81818
7145,94,563,4,2,-0.18182
7145,94,563,5,2,-0.63636
7145,94,563,6,1,0.81818
7145,94,563,7,2,-0.18182
7145,94,563,8,2,-0.36364
7145,94,563,9,2,-0.27273
7145,94,563,10,2,-0.54545
7145,94,563,11,2,-0.36364
7145,94,563,12,2,0.36364
7145,94,563,13,2,-0.45455
7145,94,563,14,2,-0.81818
7145,94,563,15,2,-0.45455
7145,94,563,16,2,0.63636
7145,94,563,17,2,0.090909
7145,94,563,18,2,-0.63636
7145,94,563,19,2,-0.63636
7145,94,563,20,1,0.27273
7145,94,563,21,2,-0.27273
7145,94,563,22,2,-0.45455
7145,94,563,23,2,0.72727
7145,94,563,24,2,-0.18182
7145,94,563,25,1,0.81818
7145,94,563,26,1,0.36364
7145,94,563,27,1,0.45455
7145,94,563,28,2,-0.81818
7145,94,563,29,2,-0.54545
7145,94,563,30,2,-0.36364
7145,94,563,31,1,0.81818
7145,94,563,32,1,-0.63636
7145,94,563,33,2,-0.45455
7145,94,563,34,2,-0.36364
7145,94,563,35,2,-0.81818
7145,94,563,36,2,-0.81818
7145,94,563,37,2,0.36364
7145,94,563,38,2,-0.45455
7145,94,563,39,2,-0.18182
7145,94,563,40,2,-0.18182
7145,94,563,41,2,-0.36364
7145,94,563,42,1,0.81818
7145,94,563,43,2,0.18182
7145,94,563,44,2,-0.18182
7145,94,563,45,1,-0.27273
7145,94,563,46,2,-0.54545
7145,94,563,47,1,0.81818
7145,94,563,48,1,-0.63636
7145,94,563,49,2,-0.45455
7145,94,563,50,2,-0.81818
7145,94,563,51,2,-0.36364
7145,94,564,1,1,0.090909
7145,94,564,2,2,0.090909
7145,94,564,3,1,0.45455
7145,94,564,4,2,-0.54545
7145,94,564,5,1,0.18182
7145,94,564,6,1,-0.45455
7145,94,564,7,1,0.090909
7145,94,564,8,2,-0.54545
7145,94,564,9,1,0.27273
7145,94,564,10,2,0.36364
7145,94,564,11,2,-0.45455
7145,94,564,12,1,0.090909
7145,94,564,13,1,0.54545
7145,94,564,14,2,-0.45455
7145,94,564,15,1,0.090909
7145,94,564,16,1,-0.18182
7145,94,564,17,1,0.36364
7145,94,564,18,1,-0.18182
7145,94,564,19,1,0.27273
7145,94,564,20,2,-0.18182
7145,94,564,21,1,0.45455
7145,94,564,22,2,-0.36364
7145,94,564,23,2,-0.54545
7145,94,564,24,1,0.45455
7145,94,564,25,1,0.54545
7145,94,564,26,2,0.090909
7145,94,564,27,1,0.18182
7145,94,564,28,2,-0.36364
7145,94,564,29,2,-0.090909
7145,94,564,30,2,-0.54545
7145,94,564,31,2,0.090909
7145,94,564,32,2,-0.18182
7145,94,564,33,2,-0.54545
7145,94,564,34,2,-0.090909
7145,94,564,35,1,-0.27273
7145,94,564,36,2,-0.45455
7145,94,564,37,1,0.72727
7145,94,564,38,2,-0.45455
7145,94,564,39,2,-0.36364
7145,94,564,40,1,0.090909
7145,94,564,41,1,0.090909
7145,94,564,42,2,-0.54545
7145,94,564,43,1,0.36364
7145,94,564,44,1,0.18182
7145,94,564,45,1,0.63636
7145,94,564,46,2,0.090909
7145,94,564,47,2,-0.54545
7145,94,564,48,1,0.27273
7145,94,564,49,2,0.090909
7145,94,564,50,1,0.090909
7145,94,564,51,2,-0.45455
7145,95,565,1,2,0.090909
7145,95,565,2,2,-0.090909
7145,95,565,3,2,-0.090909
7145,95,565,4,2,0.36364
7145,95,565,5,2,0.27273
7145,95,565,6,2,-0.72727
7145,95,565,7,1,0.18182
7145,95,565,8,2,-0.45455
7145,95,565,9,2,0.090909
7145,95,565,10,2,-0.54545
7145,95,565,11,2,-0.54545
7145,95,565,12,2,0.090909
7145,95,565,13,2,-0.27273
7145,95,565,14,1,0.090909
7145,95,565,15,2,0.27273
7145,95,565,16,1,0.090909
7145,95,565,17,1,0.45455
7145,95,565,18,1,0.090909
7145,95,565,19,2,0.18182
7145,95,565,20,2,-0.45455
7145,95,565,21,2,-0.27273
7145,95,565,22,2,-0.45455
7145,95,565,23,2,-0.27273
7145,95,565,24,1,-0.45455
7145,95,565,25,1,0.36364
7145,95,565,26,1,0.090909
7145,95,565,27,2,-0.090909
7145,95,565,28,2,0.18182
7145,95,565,29,2,-0.45455
7145,95,565,30,2,-0.090909
7145,95,565,31,1,0.18182
7145,95,565,32,1,0.090909
7145,95,565,33,1,0.090909
7145,95,565,34,2,0.090909
7145,95,565,35,2,-0.27273
7145,95,565,36,2,-0.63636
7145,95,565,37,1,0.090909
7145,95,565,38,1,-0.27273
7145,95,565,39,2,0.45455
7145,95,565,40,1,0.36364
7145,95,565,41,2,-0.36364
7145,95,565,42,1,0.36364
7145,95,565,43,1,-0.090909
7145,95,565,44,2,-0.45455
7145,95,565,45,1,0.63636
7145,95,565,46,1,0.18182
7145,95,565,47,2,-0.090909
7145,95,565,48,1,-0.18182
7145,95,565,49,1,0.45455
7145,95,565,50,2,-0.63636
7145,95,565,51,2,-0.36364
7145,95,566,1,2,-0.090909
7145,95,566,2,2,-0.63636
7145,95,566,3,1,-0.090909
7145,95,566,4,1,0.36364
7145,95,566,5,1,0.18182
7145,95,566,6,1,-0.54545
7145,95,566,7,2,0.45455
7145,95,566,8,1,-0.27273
7145,95,566,9,2,-0.36364
7145,95,566,10,2,-0.36364
7145,95,566,11,2,-0.54545
7145,95,566,12,2,0.81818
7145,95,566,13,1,0.45455
7145,95,566,14,1,0.81818
7145,95,566,15,1,0.36364
7145,95,566,16,2,-0.27273
7145,95,566,17,1,0.36364
7145,95,566,18,1,-0.090909
7145,95,566,19,1,-0.090909
7145,95,566,20,2,-0.36364
7145,95,566,21,2,-0.54545
7145,95,566,22,1,0.36364
7145,95,566,23,2,0.72727
7145,95,566,24,2,-0.45455
7145,95,566,25,2,-0.81818
7145,95,566,26,2,-0.090909
7145,95,566,27,1,0.36364
7145,95,566,28,1,0.81818
7145,95,566,29,2,0.45455
7145,95,566,30,1,0.81818
7145,95,566,31,1,0.45455
7145,95,566,32,2,-0.36364
7145,95,566,33,2,-0.36364
7145,95,566,34,1,-0.27273
7145,95,566,35,1,0.36364
7145,95,566,36,2,-0.63636
7145,95,566,37,1,0.45455
7145,95,566,38,2,0.63636
7145,95,566,39,1,0.45455
7145,95,566,40,1,0.18182
7145,95,566,41,1,0.27273
7145,95,566,42,2,-0.36364
7145,95,566,43,2,-0.54545
7145,95,566,44,2,0.18182
7145,95,566,45,1,0.81818
7145,95,566,46,1,0.090909
7145,95,566,47,1,-0.54545
7145,95,566,48,1,0.81818
7145,95,566,49,2,-0.54545
7145,95,566,50,1,-0.63636
7145,95,566,51,1,-0.090909
7145,95,567,1,1,-0.18182
7145,95,567,2,2,-0.18182
7145,95,567,3,1,-0.45455
7145,95,567,4,1,0.27273
7145,95,567,5,2,0.72727
7145,95,567,6,2,-0.36364
7145,95,567,7,2,0.45455
7145,95,567,8,1,0.54545
7145,95,567,9,1,0.72727
7145,95,567,10,2,-0.27273
7145,95,567,11,2,-0.36364
7145,95,567,12,2,0.36364
7145,95,567,13,2,0.36364
7145,95,567,14,1,-0.45455
7145,95,567,15,1,0.27273
7145,95,567,16,1,0.27273
7145,95,567,17,2,-0.36364
7145,95,567,18,1,0.54545
7145,95,567,19,1,-0.27273
7145,95,567,20,2,-0.18182
7145,95,567,21,2,-0.45455
7145,95,567,22,1,0.72727
7145,95,567,23,1,0.36364
7145,95,567,24,2,-0.18182
7145,95,567,25,2,-0.36364
7145,95,567,26,1,0.36364
7145,95,567,27,2,0.63636
7145,95,567,28,2,-0.45455
7145,95,567,29,1,-0.18182
7145,95,567,30,1,0.45455
7145,95,567,31,1,0.27273
7145,95,567,32,2,-0.45455
7145,95,567,33,2,-0.18182
7145,95,567,34,1,0.72727
7145,95,567,35,2,-0.36364
7145,95,567,36,1,0.45455
7145,95,567,37,1,-0.63636
7145,95,567,38,1,0.27273
7145,95,567,39,1,-0.27273
7145,95,567,40,1,0.090909
7145,95,567,41,2,0.54545
7145,95,567,42,1,-0.72727
7145,95,567,43,1,0.27273
7145,95,567,44,1,0.72727
7145,95,567,45,1,0.72727
7145,95,567,46,1,0.36364
7145,95,567,47,1,-0.81818
7145,95,567,48,2,0.18182
7145,95,567,49,2,-0.45455
7145,95,567,50,1,0.36364
7145,95,567,51,2,-0.36364
7145,95,568,1,1,0.18182
7145,95,568,2,2,0.090909
7145,95,568,3,2,-0.18182
7145,95,568,4,1,0.18182
7145,95,568,5,2,-0.27273
7145,95,568,6,2,-0.36364
7145,95,568,7,2,0.45455
7145,95,568,8,2,-0.090909
7145,95,568,9,1,0.36364
7145,95,568,10,2,-0.090909
7145,95,568,11,1,0.54545
7145,95,568,12,1,0.36364
7145,95,568,13,1,-0.18182
7145,95,568,14,2,-0.18182
7145,95,568,15,2,0.45455
7145,95,568,16,2,0.090909
7145,95,568,17,1,0.45455
7145,95,568,18,2,-0.090909
7145,95,568,19,2,-0.090909
7145,95,568,20,2,0.18182
7145,95,568,21,1,-0.090909
7145,95,568,22,1,-0.36364
7145,95,568,23,2,0.18182
7145,95,568,24,1,0.54545
7145,95,568,25,2,-0.45455
7145,95,568,26,1,0.63636
7145,95,568,27,2,0.18182
7145,95,568,28,1,0.36364
7145,95,568,29,1,0.18182
7145,95,568,30,1,-0.18182
7145,95,568,31,1,0.27273
7145,95,568,32,1,0.45455
7145,95,568,33,1,0.45455
7145,95,568,34,1,-0.36364
7145,95,568,35,1,0.54545
7145,95,568,36,2,-0.090909
7145,95,568,37,1,-0.36364
7145,95,568,38,1,0.18182
7145,95,568,39,2,-0.18182
7145,95,568,40,2,-0.18182
7145,95,568,41,1,0.090909
7145,95,568,42,1,0.63636
7145,95,568,43,2,0.090909
7145,95,568,44,1,0.72727
7145,95,568,45,2,-0.090909
7145,95,568,46,1,0.54545
7145,95,568,47,2,0.18182
7145,95,568,48,2,0.090909
7145,95,568,49,2,-0.27273
7145,95,568,50,1,0.18182
7145,95,568,51,1,-0.36364
7145,95,569,1,2,-0.63636
7145,95,569,2,1,0.81818
7145,95,569,3,2,-0.81818
7145,95,569,4,2,-0.18182
7145,95,569,5,1,-0.63636
7145,95,569,6,2,0.81818
7145,95,569,7,2,-0.18182
7145,95,569,8,1,-0.36364
7145,95,569,9,2,-0.27273
7145,95,569,10,2,-0.54545
7145,95,569,11,2,-0.36364
7145,95,569,12,2,0.36364
7145,95,569,13,1,-0.45455
7145,95,569,14,2,-0.81818
7145,95,569,15,2,-0.45455
7145,95,569,16,2,0.63636
7145,95,569,17,1,0.090909
7145,95,569,18,2,-0.63636
7145,95,569,19,2,-0.63636
7145,95,569,20,1,0.27273
7145,95,569,21,2,-0.27273
7145,95,569,22,2,-0.45455
7145,95,569,23,2,0.72727
7145,95,569,24,2,-0.18182
7145,95,569,25,1,0.81818
7145,95,569,26,1,0.36364
7145,95,569,27,1,0.45455
7145,95,569,28,2,-0.81818
7145,95,569,29,2,-0.54545
7145,95,569,30,2,-0.36364
7145,95,569,31,1,0.81818
7145,95,569,32,2,-0.63636
7145,95,569,33,2,-0.45455
7145,95,569,34,2,-0.36364
7145,95,569,35,2,-0.81818
7145,95,569,36,2,-0.81818
7145,95,569,37,2,0.36364
7145,95,569,38,2,-0.45455
7145,95,569,39,2,-0.18182
7145,95,569,40,2,-0.18182
7145,95,569,41,2,-0.36364
7145,95,569,42,1,0.81818
7145,95,569,43,2,0.18182
7145,95,569,44,2,-0.18182
7145,95,569,45,1,-0.27273
7145,95,569,46,2,-0.54545
7145,95,569,47,1,0.81818
7145,95,569,48,2,-0.63636
7145,95,569,49,2,-0.45455
7145,95,569,50,2,-0.81818
7145,95,569,51,2,-0.36364
7145,95,570,1,1,0.090909
7145,95,570,2,2,0.090909
7145,95,570,3,1,0.45455
7145,95,570,4,2,-0.54545
7145,95,570,5,1,0.18182
7145,95,570,6,2,-0.45455
7145,95,570,7,1,0.090909
7145,95,570,8,2,-0.54545
7145,95,570,9,1,0.27273
7145,95,570,10,1,0.36364
7145,95,570,11,2,-0.45455
7145,95,570,12,1,0.090909
7145,95,570,13,1,0.54545
7145,95,570,14,2,-0.45455
7145,95,570,15,1,0.090909
7145,95,570,16,2,-0.18182
7145,95,570,17,1,0.36364
7145,95,570,18,2,-0.18182
7145,95,570,19,1,0.27273
7145,95,570,20,2,-0.18182
7145,95,570,21,1,0.45455
7145,95,570,22,2,-0.36364
7145,95,570,23,2,-0.54545
7145,95,570,24,1,0.45455
7145,95,570,25,1,0.54545
7145,95,570,26,2,0.090909
7145,95,570,27,1,0.18182
7145,95,570,28,2,-0.36364
7145,95,570,29,1,-0.090909
7145,95,570,30,2,-0.54545
7145,95,570,31,2,0.090909
7145,95,570,32,2,-0.18182
7145,95,570,33,2,-0.54545
7145,95,570,34,2,-0.090909
7145,95,570,35,1,-0.27273
7145,95,570,36,2,-0.45455
7145,95,570,37,1,0.72727
7145,95,570,38,2,-0.45455
7145,95,570,39,2,-0.36364
7145,95,570,40,1,0.090909
7145,95,570,41,1,0.090909
7145,95,570,42,2,-0.54545
7145,95,570,43,1,0.36364
7145,95,570,44,1,0.18182
7145,95,570,45,1,0.63636
7145,95,570,46,2,0.090909
7145,95,570,47,2,-0.54545
7145,95,570,48,1,0.27273
7145,95,570,49,1,0.090909
7145,95,570,50,1,0.090909
7145,95,570,51,2,-0.45455
7145,96,571,1,1,0.090909
7145,96,571,2,2,-0.090909
7145,96,571,3,2,-0.090909
7145,96,571,4,2,0.36364
7145,96,571,5,1,0.27273
7145,96,571,6,2,-0.72727
7145,96,571,7,2,0.18182
7145,96,571,8,2,-0.45455
7145,96,571,9,1,0.090909
7145,96,571,10,2,-0.54545
7145,96,571,11,2,-0.54545
7145,96,571,12,1,0.090909
7145,96,571,13,2,-0.27273
7145,96,571,14,1,0.090909
7145,96,571,15,1,0.27273
7145,96,571,16,2,0.090909
7145,96,571,17,1,0.45455
7145,96,571,18,1,0.090909
7145,96,571,19,1,0.18182
7145,96,571,20,2,-0.45455
7145,96,571,21,2,-0.27273
7145,96,571,22,2,-0.45455
7145,96,571,23,2,-0.27273
7145,96,571,24,2,-0.45455
7145,96,571,25,1,0.36364
7145,96,571,26,1,0.090909
7145,96,571,27,2,-0.090909
7145,96,571,28,1,0.18182
7145,96,571,29,2,-0.45455
7145,96,571,30,2,-0.090909
7145,96,571,31,1,0.18182
7145,96,571,32,1,0.090909
7145,96,571,33,1,0.090909
7145,96,571,34,1,0.090909
7145,96,571,35,2,-0.27273
7145,96,571,36,2,-0.63636
7145,96,571,37,2,0.090909
7145,96,571,38,1,-0.27273
7145,96,571,39,2,0.45455
7145,96,571,40,1,0.36364
7145,96,571,41,2,-0.36364
7145,96,571,42,1,0.36364
7145,96,571,43,1,-0.090909
7145,96,571,44,2,-0.45455
7145,96,571,45,1,0.63636
7145,96,571,46,1,0.18182
7145,96,571,47,1,-0.090909
7145,96,571,48,2,-0.18182
7145,96,571,49,1,0.45455
7145,96,571,50,2,-0.63636
7145,96,571,51,2,-0.36364
7145,96,572,1,1,-0.090909
7145,96,572,2,1,-0.63636
7145,96,572,3,2,-0.090909
7145,96,572,4,1,0.36364
7145,96,572,5,1,0.18182
7145,96,572,6,2,-0.54545
7145,96,572,7,1,0.45455
7145,96,572,8,2,-0.27273
7145,96,572,9,2,-0.36364
7145,96,572,10,1,-0.36364
7145,96,572,11,2,-0.54545
7145,96,572,12,2,0.81818
7145,96,572,13,2,0.45455
7145,96,572,14,1,0.81818
7145,96,572,15,2,0.36364
7145,96,572,16,1,-0.27273
7145,96,572,17,1,0.36364
7145,96,572,18,1,-0.090909
7145,96,572,19,1,-0.090909
7145,96,572,20,2,-0.36364
7145,96,572,21,2,-0.54545
7145,96,572,22,2,0.36364
7145,96,572,23,1,0.72727
7145,96,572,24,1,-0.45455
7145,96,572,25,1,-0.81818
7145,96,572,26,2,-0.090909
7145,96,572,27,1,0.36364
7145,96,572,28,1,0.81818
7145,96,572,29,1,0.45455
7145,96,572,30,1,0.81818
7145,96,572,31,1,0.45455
7145,96,572,32,1,-0.36364
7145,96,572,33,2,-0.36364
7145,96,572,34,2,-0.27273
7145,96,572,35,1,0.36364
7145,96,572,36,2,-0.63636
7145,96,572,37,1,0.45455
7145,96,572,38,1,0.63636
7145,96,572,39,1,0.45455
7145,96,572,40,1,0.18182
7145,96,572,41,2,0.27273
7145,96,572,42,2,-0.36364
7145,96,572,43,2,-0.54545
7145,96,572,44,1,0.18182
7145,96,572,45,1,0.81818
7145,96,572,46,2,0.090909
7145,96,572,47,2,-0.54545
7145,96,572,48,1,0.81818
7145,96,572,49,2,-0.54545
7145,96,572,50,1,-0.63636
7145,96,572,51,1,-0.090909
7145,96,573,1,2,-0.18182
7145,96,573,2,2,-0.18182
7145,96,573,3,2,-0.45455
7145,96,573,4,2,0.27273
7145,96,573,5,2,0.72727
7145,96,573,6,2,-0.36364
7145,96,573,7,2,0.45455
7145,96,573,8,1,0.54545
7145,96,573,9,1,0.72727
7145,96,573,10,1,-0.27273
7145,96,573,11,1,-0.36364
7145,96,573,12,1,0.36364
7145,96,573,13,1,0.36364
7145,96,573,14,2,-0.45455
7145,96,573,15,1,0.27273
7145,96,573,16,1,0.27273
7145,96,573,17,2,-0.36364
7145,96,573,18,1,0.54545
7145,96,573,19,1,-0.27273
7145,96,573,20,2,-0.18182
7145,96,573,21,2,-0.45455
7145,96,573,22,1,0.72727
7145,96,573,23,1,0.36364
7145,96,573,24,2,-0.18182
7145,96,573,25,2,-0.36364
7145,96,573,26,1,0.36364
7145,96,573,27,2,0.63636
7145,96,573,28,2,-0.45455
7145,96,573,29,1,-0.18182
7145,96,573,30,1,0.45455
7145,96,573,31,1,0.27273
7145,96,573,32,2,-0.45455
7145,96,573,33,1,-0.18182
7145,96,573,34,1,0.72727
7145,96,573,35,2,-0.36364
7145,96,573,36,2,0.45455
7145,96,573,37,1,-0.63636
7145,96,573,38,1,0.27273
7145,96,573,39,1,-0.27273
7145,96,573,40,1,0.090909
7145,96,573,41,2,0.54545
7145,96,573,42,1,-0.72727
7145,96,573,43,1,0.27273
7145,96,573,44,1,0.72727
7145,96,573,45,1,0.72727
7145,96,573,46,1,0.36364
7145,96,573,47,1,-0.81818
7145,96,573,48,2,0.18182
7145,96,573,49,2,-0.45455
7145,96,573,50,1,0.36364
7145,96,573,51,2,-0.36364
7145,96,574,1,2,0.18182
7145,96,574,2,1,0.090909
7145,96,574,3,2,-0.18182
7145,96,574,4,2,0.18182
7145,96,574,5,1,-0.27273
7145,96,574,6,1,-0.36364
7145,96,574,7,1,0.45455
7145,96,574,8,1,-0.090909
7145,96,574,9,2,0.36364
7145,96,574,10,2,-0.090909
7145,96,574,11,1,0.54545
7145,96,574,12,1,0.36364
7145,96,574,13,2,-0.18182
7145,96,574,14,2,-0.18182
7145,96,574,15,1,0.45455
7145,96,574,16,1,0.090909
7145,96,574,17,1,0.45455
7145,96,574,18,1,-0.090909
7145,96,574,19,2,-0.090909
7145,96,574,20,2,0.18182
7145,96,574,21,2,-0.090909
7145,96,574,22,1,-0.36364
7145,96,574,23,2,0.18182
7145,96,574,24,1,0.54545
7145,96,574,25,2,-0.45455
7145,96,574,26,1,0.63636
7145,96,574,27,2,0.18182
7145,96,574,28,1,0.36364
7145,96,574,29,1,0.18182
7145,96,574,30,1,-0.18182
7145,96,574,31,1,0.27273
7145,96,574,32,1,0.45455
7145,96,574,33,1,0.45455
7145,96,574,34,2,-0.36364
7145,96,574,35,1,0.54545
7145,96,574,36,2,-0.090909
7145,96,574,37,2,-0.36364
7145,96,574,38,1,0.18182
7145,96,574,39,2,-0.18182
7145,96,574,40,2,-0.18182
7145,96,574,41,2,0.090909
7145,96,574,42,1,0.63636
7145,96,574,43,1,0.090909
7145,96,574,44,1,0.72727
7145,96,574,45,1,-0.090909
7145,96,574,46,1,0.54545
7145,96,574,47,2,0.18182
7145,96,574,48,2,0.090909
7145,96,574,49,2,-0.27273
7145,96,574,50,1,0.18182
7145,96,574,51,2,-0.36364
7145,96,575,1,2,-0.63636
7145,96,575,2,2,0.81818
7145,96,575,3,1,-0.81818
7145,96,575,4,2,-0.18182
7145,96,575,5,2,-0.63636
7145,96,575,6,1,0.81818
7145,96,575,7,1,-0.18182
7145,96,575,8,2,-0.36364
7145,96,575,9,1,-0.27273
7145,96,575,10,2,-0.54545
7145,96,575,11,2,-0.36364
7145,96,575,12,2,0.36364
7145,96,575,13,2,-0.45455
7145,96,575,14,2,-0.81818
7145,96,575,15,2,-0.45455
7145,96,575,16,2,0.63636
7145,96,575,17,2,0.090909
7145,96,575,18,2,-0.63636
7145,96,575,19,2,-0.63636
7145,96,575,20,2,0.27273
7145,96,575,21,2,-0.27273
7145,96,575,22,2,-0.45455
7145,96,575,23,2,0.72727
7145,96,575,24,2,-0.18182
7145,96,575,25,1,0.81818
7145,96,575,26,2,0.36364
7145,96,575,27,1,0.45455
7145,96,575,28,2,-0.81818
7145,96,575,29,2,-0.54545
7145,96,575,30,2,-0.36364
7145,96,575,31,1,0.81818
7145,96,575,32,2,-0.63636
7145,96,575,33,2,-0.45455
7145,96,575,34,2,-0.36364
7145,96,575,35,2,-0.81818
7145,96,575,36,2,-0.81818
7145,96,575,37,2,0.36364
7145,96,575,38,2,-0.45455
7145,96,575,39,2,-0.18182
7145,96,575,40,2,-0.18182
7145,96,575,41,2,-0.36364
7145,96,575,42,1,0.81818
7145,96,575,43,2,0.18182
7145,96,575,44,2,-0.18182
7145,96,575,45,1,-0.27273
7145,96,575,46,2,-0.54545
7145,96,575,47,1,0.81818
7145,96,575,48,2,-0.63636
7145,96,575,49,2,-0.45455
7145,96,575,50,2,-0.81818
7145,96,575,51,2,-0.36364
7145,96,576,1,1,0.090909
7145,96,576,2,1,0.090909
7145,96,576,3,2,0.45455
7145,96,576,4,2,-0.54545
7145,96,576,5,1,0.18182
7145,96,576,6,1,-0.45455
7145,96,576,7,2,0.090909
7145,96,576,8,2,-0.54545
7145,96,576,9,2,0.27273
7145,96,576,10,1,0.36364
7145,96,576,11,2,-0.45455
7145,96,576,12,2,0.090909
7145,96,576,13,1,0.54545
7145,96,576,14,2,-0.45455
7145,96,576,15,1,0.090909
7145,96,576,16,2,-0.18182
7145,96,576,17,1,0.36364
7145,96,576,18,2,-0.18182
7145,96,576,19,1,0.27273
7145,96,576,20,2,-0.18182
7145,96,576,21,1,0.45455
7145,96,576,22,2,-0.36364
7145,96,576,23,2,-0.54545
7145,96,576,24,1,0.45455
7145,96,576,25,1,0.54545
7145,96,576,26,2,0.090909
7145,96,576,27,1,0.18182
7145,96,576,28,2,-0.36364
7145,96,576,29,2,-0.090909
7145,96,576,30,2,-0.54545
7145,96,576,31,2,0.090909
7145,96,576,32,2,-0.18182
7145,96,576,33,2,-0.54545
7145,96,576,34,1,-0.090909
7145,96,576,35,2,-0.27273
7145,96,576,36,2,-0.45455
7145,96,576,37,1,0.72727
7145,96,576,38,2,-0.45455
7145,96,576,39,2,-0.36364
7145,96,576,40,1,0.090909
7145,96,576,41,2,0.090909
7145,96,576,42,2,-0.54545
7145,96,576,43,2,0.36364
7145,96,576,44,1,0.18182
7145,96,576,45,1,0.63636
7145,96,576,46,1,0.090909
7145,96,576,47,2,-0.54545
7145,96,576,48,1,0.27273
7145,96,576,49,1,0.090909
7145,96,576,50,2,0.090909
7145,96,576,51,2,-0.45455
7145,97,577,1,2,0.090909
7145,97,577,2,2,-0.090909
7145,97,577,3,2,-0.090909
7145,97,577,4,2,0.36364
7145,97,577,5,2,0.27273
7145,97,577,6,2,-0.72727
7145,97,577,7,2,0.18182
7145,97,577,8,1,-0.45455
7145,97,577,9,1,0.090909
7145,97,577,10,2,-0.54545
7145,97,577,11,2,-0.54545
7145,97,577,12,2,0.090909
7145,97,577,13,2,-0.27273
7145,97,577,14,2,0.090909
7145,97,577,15,2,0.27273
7145,97,577,16,2,0.090909
7145,97,577,17,1,0.45455
7145,97,577,18,1,0.090909
7145,97,577,19,2,0.18182
7145,97,577,20,2,-0.45455
7145,97,577,21,2,-0.27273
7145,97,577,22,1,-0.45455
7145,97,577,23,2,-0.27273
7145,97,577,24,2,-0.45455
7145,97,577,25,1,0.36364
7145,97,577,26,1,0.090909
7145,97,577,27,2,-0.090909
7145,97,577,28,1,0.18182
7145,97,577,29,2,-0.45455
7145,97,577,30,1,-0.090909
7145,97,577,31,1,0.18182
7145,97,577,32,1,0.090909
7145,97,577,33,1,0.090909
7145,97,577,34,2,0.090909
7145,97,577,35,2,-0.27273
7145,97,577,36,2,-0.63636
7145,97,577,37,1,0.090909
7145,97,577,38,1,-0.27273
7145,97,577,39,1,0.45455
7145,97,577,40,1,0.36364
7145,97,577,41,2,-0.36364
7145,97,577,42,1,0.36364
7145,97,577,43,1,-0.090909
7145,97,577,44,2,-0.45455
7145,97,577,45,1,0.63636
7145,97,577,46,1,0.18182
7145,97,577,47,2,-0.090909
7145,97,577,48,1,-0.18182
7145,97,577,49,1,0.45455
7145,97,577,50,2,-0.63636
7145,97,577,51,2,-0.36364
7145,97,578,1,2,-0.090909
7145,97,578,2,1,-0.63636
7145,97,578,3,2,-0.090909
7145,97,578,4,2,0.36364
7145,97,578,5,1,0.18182
7145,97,578,6,1,-0.54545
7145,97,578,7,2,0.45455
7145,97,578,8,2,-0.27273
7145,97,578,9,2,-0.36364
7145,97,578,10,2,-0.36364
7145,97,578,11,1,-0.54545
7145,97,578,12,2,0.81818
7145,97,578,13,1,0.45455
7145,97,578,14,1,0.81818
7145,97,578,15,2,0.36364
7145,97,578,16,1,-0.27273
7145,97,578,17,1,0.36364
7145,97,578,18,1,-0.090909
7145,97,578,19,1,-0.090909
7145,97,578,20,2,-0.36364
7145,97,578,21,2,-0.54545
7145,97,578,22,1,0.36364
7145,97,578,23,2,0.72727
7145,97,578,24,2,-0.45455
7145,97,578,25,2,-0.81818
7145,97,578,26,2,-0.090909
7145,97,578,27,1,0.36364
7145,97,578,28,1,0.81818
7145,97,578,29,1,0.45455
7145,97,578,30,1,0.81818
7145,97,578,31,1,0.45455
7145,97,578,32,2,-0.36364
7145,97,578,33,2,-0.36364
7145,97,578,34,2,-0.27273
7145,97,578,35,1,0.36364
7145,97,578,36,1,-0.63636
7145,97,578,37,1,0.45455
7145,97,578,38,1,0.63636
7145,97,578,39,1,0.45455
7145,97,578,40,1,0.18182
7145,97,578,41,1,0.27273
7145,97,578,42,1,-0.36364
7145,97,578,43,2,-0.54545
7145,97,578,44,2,0.18182
7145,97,578,45,1,0.81818
7145,97,578,46,2,0.090909
7145,97,578,47,2,-0.54545
7145,97,578,48,1,0.81818
7145,97,578,49,2,-0.54545
7145,97,578,50,2,-0.63636
7145,97,578,51,1,-0.090909
7145,97,579,1,2,-0.18182
7145,97,579,2,2,-0.18182
7145,97,579,3,1,-0.45455
7145,97,579,4,2,0.27273
7145,97,579,5,1,0.72727
7145,97,579,6,2,-0.36364
7145,97,579,7,2,0.45455
7145,97,579,8,2,0.54545
7145,97,579,9,2,0.72727
7145,97,579,10,1,-0.27273
7145,97,579,11,2,-0.36364
7145,97,579,12,1,0.36364
7145,97,579,13,2,0.36364
7145,97,579,14,1,-0.45455
7145,97,579,15,1,0.27273
7145,97,579,16,1,0.27273
7145,97,579,17,2,-0.36364
7145,97,579,18,1,0.54545
7145,97,579,19,1,-0.27273
7145,97,579,20,2,-0.18182
7145,97,579,21,1,-0.45455
7145,97,579,22,1,0.72727
7145,97,579,23,1,0.36364
7145,97,579,24,2,-0.18182
7145,97,579,25,2,-0.36364
7145,97,579,26,1,0.36364
7145,97,579,27,2,0.63636
7145,97,579,28,2,-0.45455
7145,97,579,29,2,-0.18182
7145,97,579,30,1,0.45455
7145,97,579,31,1,0.27273
7145,97,579,32,2,-0.45455
7145,97,579,33,1,-0.18182
7145,97,579,34,1,0.72727
7145,97,579,35,2,-0.36364
7145,97,579,36,2,0.45455
7145,97,579,37,1,-0.63636
7145,97,579,38,2,0.27273
7145,97,579,39,1,-0.27273
7145,97,579,40,2,0.090909
7145,97,579,41,1,0.54545
7145,97,579,42,1,-0.72727
7145,97,579,43,1,0.27273
7145,97,579,44,1,0.72727
7145,97,579,45,2,0.72727
7145,97,579,46,1,0.36364
7145,97,579,47,1,-0.81818
7145,97,579,48,2,0.18182
7145,97,579,49,2,-0.45455
7145,97,579,50,1,0.36364
7145,97,579,51,2,-0.36364
7145,97,580,1,2,0.18182
7145,97,580,2,1,0.090909
7145,97,580,3,1,-0.18182
7145,97,580,4,1,0.18182
7145,97,580,5,2,-0.27273
7145,97,580,6,2,-0.36364
7145,97,580,7,2,0.45455
7145,97,580,8,2,-0.090909
7145,97,580,9,1,0.36364
7145,97,580,10,1,-0.090909
7145,97,580,11,1,0.54545
7145,97,580,12,1,0.36364
7145,97,580,13,2,-0.18182
7145,97,580,14,2,-0.18182
7145,97,580,15,2,0.45455
7145,97,580,16,2,0.090909
7145,97,580,17,1,0.45455
7145,97,580,18,2,-0.090909
7145,97,580,19,2,-0.090909
7145,97,580,20,2,0.18182
7145,97,580,21,2,-0.090909
7145,97,580,22,2,-0.36364
7145,97,580,23,1,0.18182
7145,97,580,24,1,0.54545
7145,97,580,25,2,-0.45455
7145,97,580,26,1,0.63636
7145,97,580,27,2,0.18182
7145,97,580,28,1,0.36364
7145,97,580,29,1,0.18182
7145,97,580,30,2,-0.18182
7145,97,580,31,1,0.27273
7145,97,580,32,1,0.45455
7145,97,580,33,1,0.45455
7145,97,580,34,2,-0.36364
7145,97,580,35,1,0.54545
7145,97,580,36,2,-0.090909
7145,97,580,37,2,-0.36364
7145,97,580,38,1,0.18182
7145,97,580,39,2,-0.18182
7145,97,580,40,1,-0.18182
7145,97,580,41,2,0.090909
7145,97,580,42,1,0.63636
7145,97,580,43,2,0.090909
7145,97,580,44,1,0.72727
7145,97,580,45,1,-0.090909
7145,97,580,46,1,0.54545
7145,97,580,47,2,0.18182
7145,97,580,48,1,0.090909
7145,97,580,49,2,-0.27273
7145,97,580,50,1,0.18182
7145,97,580,51,2,-0.36364
7145,97,581,1,2,-0.63636
7145,97,581,2,2,0.81818
7145,97,581,3,2,-0.81818
7145,97,581,4,2,-0.18182
7145,97,581,5,2,-0.63636
7145,97,581,6,1,0.81818
7145,97,581,7,2,-0.18182
7145,97,581,8,2,-0.36364
7145,97,581,9,1,-0.27273
7145,97,581,10,2,-0.54545
7145,97,581,11,1,-0.36364
7145,97,581,12,1,0.36364
7145,97,581,13,1,-0.45455
7145,97,581,14,2,-0.81818
7145,97,581,15,2,-0.45455
7145,97,581,16,2,0.63636
7145,97,581,17,2,0.090909
7145,97,581,18,2,-0.63636
7145,97,581,19,2,-0.63636
7145,97,581,20,2,0.27273
7145,97,581,21,2,-0.27273
7145,97,581,22,2,-0.45455
7145,97,581,23,2,0.72727
7145,97,581,24,2,-0.18182
7145,97,581,25,1,0.81818
7145,97,581,26,2,0.36364
7145,97,581,27,1,0.45455
7145,97,581,28,2,-0.81818
7145,97,581,29,1,-0.54545
7145,97,581,30,2,-0.36364
7145,97,581,31,1,0.81818
7145,97,581,32,1,-0.63636
7145,97,581,33,2,-0.45455
7145,97,581,34,2,-0.36364
7145,97,581,35,2,-0.81818
7145,97,581,36,2,-0.81818
7145,97,581,37,2,0.36364
7145,97,581,38,2,-0.45455
7145,97,581,39,2,-0.18182
7145,97,581,40,2,-0.18182
7145,97,581,41,2,-0.36364
7145,97,581,42,1,0.81818
7145,97,581,43,2,0.18182
7145,97,581,44,2,-0.18182
7145,97,581,45,1,-0.27273
7145,97,581,46,2,-0.54545
7145,97,581,47,1,0.81818
7145,97,581,48,2,-0.63636
7145,97,581,49,2,-0.45455
7145,97,581,50,2,-0.81818
7145,97,581,51,2,-0.36364
7145,97,582,1,2,0.090909
7145,97,582,2,1,0.090909
7145,97,582,3,2,0.45455
7145,97,582,4,2,-0.54545
7145,97,582,5,1,0.18182
7145,97,582,6,2,-0.45455
7145,97,582,7,2,0.090909
7145,97,582,8,2,-0.54545
7145,97,582,9,2,0.27273
7145,97,582,10,1,0.36364
7145,97,582,11,2,-0.45455
7145,97,582,12,2,0.090909
7145,97,582,13,1,0.54545
7145,97,582,14,2,-0.45455
7145,97,582,15,1,0.090909
7145,97,582,16,1,-0.18182
7145,97,582,17,1,0.36364
7145,97,582,18,2,-0.18182
7145,97,582,19,1,0.27273
7145,97,582,20,2,-0.18182
7145,97,582,21,1,0.45455
7145,97,582,22,2,-0.36364
7145,97,582,23,2,-0.54545
7145,97,582,24,1,0.45455
7145,97,582,25,1,0.54545
7145,97,582,26,2,0.090909
7145,97,582,27,1,0.18182
7145,97,582,28,2,-0.36364
7145,97,582,29,1,-0.090909
7145,97,582,30,2,-0.54545
7145,97,582,31,1,0.090909
7145,97,582,32,2,-0.18182
7145,97,582,33,2,-0.54545
7145,97,582,34,1,-0.090909
7145,97,582,35,2,-0.27273
7145,97,582,36,2,-0.45455
7145,97,582,37,1,0.72727
7145,97,582,38,2,-0.45455
7145,97,582,39,2,-0.36364
7145,97,582,40,1,0.090909
7145,97,582,41,2,0.090909
7145,97,582,42,2,-0.54545
7145,97,582,43,1,0.36364
7145,97,582,44,1,0.18182
7145,97,582,45,1,0.63636
7145,97,582,46,2,0.090909
7145,97,582,47,2,-0.54545
7145,97,582,48,1,0.27273
7145,97,582,49,1,0.090909
7145,97,582,50,1,0.090909
7145,97,582,51,2,-0.45455
7145,98,583,1,2,0.090909
7145,98,583,2,2,-0.090909
7145,98,583,3,1,-0.090909
7145,98,583,4,2,0.36364
7145,98,583,5,1,0.27273
7145,98,583,6,1,-0.72727
7145,98,583,7,1,0.18182
7145,98,583,8,1,-0.45455
7145,98,583,9,1,0.090909
7145,98,583,10,2,-0.54545
7145,98,583,11,2,-0.54545
7145,98,583,12,2,0.090909
7145,98,583,13,2,-0.27273
7145,98,583,14,2,0.090909
7145,98,583,15,1,0.27273
7145,98,583,16,1,0.090909
7145,98,583,17,1,0.45455
7145,98,583,18,2,0.090909
7145,98,583,19,2,0.18182
7145,98,583,20,2,-0.45455
7145,98,583,21,2,-0.27273
7145,98,583,22,2,-0.45455
7145,98,583,23,2,-0.27273
7145,98,583,24,2,-0.45455
7145,98,583,25,1,0.36364
7145,98,583,26,2,0.090909
7145,98,583,27,1,-0.090909
7145,98,583,28,1,0.18182
7145,98,583,29,2,-0.45455
7145,98,583,30,2,-0.090909
7145,98,583,31,1,0.18182
7145,98,583,32,2,0.090909
7145,98,583,33,1,0.090909
7145,98,583,34,1,0.090909
7145,98,583,35,2,-0.27273
7145,98,583,36,2,-0.63636
7145,98,583,37,2,0.090909
7145,98,583,38,1,-0.27273
7145,98,583,39,1,0.45455
7145,98,583,40,1,0.36364
7145,98,583,41,2,-0.36364
7145,98,583,42,1,0.36364
7145,98,583,43,1,-0.090909
7145,98,583,44,2,-0.45455
7145,98,583,45,1,0.63636
7145,98,583,46,1,0.18182
7145,98,583,47,2,-0.090909
7145,98,583,48,2,-0.18182
7145,98,583,49,1,0.45455
7145,98,583,50,2,-0.63636
7145,98,583,51,2,-0.36364
7145,98,584,1,1,-0.090909
7145,98,584,2,2,-0.63636
7145,98,584,3,2,-0.090909
7145,98,584,4,2,0.36364
7145,98,584,5,1,0.18182
7145,98,584,6,1,-0.54545
7145,98,584,7,2,0.45455
7145,98,584,8,1,-0.27273
7145,98,584,9,1,-0.36364
7145,98,584,10,2,-0.36364
7145,98,584,11,2,-0.54545
7145,98,584,12,2,0.81818
7145,98,584,13,2,0.45455
7145,98,584,14,1,0.81818
7145,98,584,15,2,0.36364
7145,98,584,16,1,-0.27273
7145,98,584,17,1,0.36364
7145,98,584,18,1,-0.090909
7145,98,584,19,2,-0.090909
7145,98,584,20,1,-0.36364
7145,98,584,21,2,-0.54545
7145,98,584,22,2,0.36364
7145,98,584,23,2,0.72727
7145,98,584,24,1,-0.45455
7145,98,584,25,2,-0.81818
7145,98,584,26,2,-0.090909
7145,98,584,27,1,0.36364
7145,98,584,28,1,0.81818
7145,98,584,29,1,0.45455
7145,98,584,30,1,0.81818
7145,98,584,31,1,0.45455
7145,98,584,32,2,-0.36364
7145,98,584,33,2,-0.36364
7145,98,584,34,1,-0.27273
7145,98,584,35,1,0.36364
7145,98,584,36,1,-0.63636
7145,98,584,37,2,0.45455
7145,98,584,38,1,0.63636
7145,98,584,39,1,0.45455
7145,98,584,40,1,0.18182
7145,98,584,41,1,0.27273
7145,98,584,42,2,-0.36364
7145,98,584,43,2,-0.54545
7145,98,584,44,2,0.18182
7145,98,584,45,1,0.81818
7145,98,584,46,2,0.090909
7145,98,584,47,2,-0.54545
7145,98,584,48,1,0.81818
7145,98,584,49,2,-0.54545
7145,98,584,50,2,-0.63636
7145,98,584,51,1,-0.090909
7145,98,585,1,2,-0.18182
7145,98,585,2,1,-0.18182
7145,98,585,3,1,-0.45455
7145,98,585,4,1,0.27273
7145,98,585,5,1,0.72727
7145,98,585,6,2,-0.36364
7145,98,585,7,2,0.45455
7145,98,585,8,1,0.54545
7145,98,585,9,1,0.72727
7145,98,585,10,1,-0.27273
7145,98,585,11,1,-0.36364
7145,98,585,12,1,0.36364
7145,98,585,13,1,0.36364
7145,98,585,14,1,-0.45455
7145,98,585,15,1,0.27273
7145,98,585,16,1,0.27273
7145,98,585,17,2,-0.36364
7145,98,585,18,2,0.54545
7145,98,585,19,1,-0.27273
7145,98,585,20,1,-0.18182
7145,98,585,21,2,-0.45455
7145,98,585,22,1,0.72727
7145,98,585,23,2,0.36364
7145,98,585,24,2,-0.18182
7145,98,585,25,2,-0.36364
7145,98,585,26,1,0.36364
7145,98,585,27,2,0.63636
7145,98,585,28,2,-0.45455
7145,98,585,29,2,-0.18182
7145,98,585,30,2,0.45455
7145,98,585,31,1,0.27273
7145,98,585,32,2,-0.45455
7145,98,585,33,2,-0.18182
7145,98,585,34,1,0.72727
7145,98,585,35,1,-0.36364
7145,98,585,36,1,0.45455
7145,98,585,37,1,-0.63636
7145,98,585,38,2,0.27273
7145,98,585,39,2,-0.27273
7145,98,585,40,2,0.090909
7145,98,585,41,2,0.54545
7145,98,585,42,1,-0.72727
7145,98,585,43,1,0.27273
7145,98,585,44,1,0.72727
7145,98,585,45,1,0.72727
7145,98,585,46,1,0.36364
7145,98,585,47,2,-0.81818
7145,98,585,48,2,0.18182
7145,98,585,49,2,-0.45455
7145,98,585,50,2,0.36364
7145,98,585,51,2,-0.36364
7145,98,586,1,1,0.18182
7145,98,586,2,2,0.090909
7145,98,586,3,2,-0.18182
7145,98,586,4,2,0.18182
7145,98,586,5,2,-0.27273
7145,98,586,6,2,-0.36364
7145,98,586,7,2,0.45455
7145,98,586,8,1,-0.090909
7145,98,586,9,2,0.36364
7145,98,586,10,2,-0.090909
7145,98,586,11,1,0.54545
7145,98,586,12,1,0.36364
7145,98,586,13,2,-0.18182
7145,98,586,14,2,-0.18182
7145,98,586,15,1,0.45455
7145,98,586,16,2,0.090909
7145,98,586,17,1,0.45455
7145,98,586,18,2,-0.090909
7145,98,586,19,2,-0.090909
7145,98,586,20,1,0.18182
7145,98,586,21,2,-0.090909
7145,98,586,22,2,-0.36364
7145,98,586,23,1,0.18182
7145,98,586,24,1,0.54545
7145,98,586,25,2,-0.45455
7145,98,586,26,1,0.63636
7145,98,586,27,1,0.18182
7145,98,586,28,1,0.36364
7145,98,586,29,1,0.18182
7145,98,586,30,2,-0.18182
7145,98,586,31,1,0.27273
7145,98,586,32,1,0.45455
7145,98,586,33,1,0.45455
7145,98,586,34,2,-0.36364
7145,98,586,35,1,0.54545
7145,98,586,36,2,-0.090909
7145,98,586,37,2,-0.36364
7145,98,586,38,1,0.18182
7145,98,586,39,2,-0.18182
7145,98,586,40,2,-0.18182
7145,98,586,41,2,0.090909
7145,98,586,42,1,0.63636
7145,98,586,43,1,0.090909
7145,98,586,44,1,0.72727
7145,98,586,45,2,-0.090909
7145,98,586,46,1,0.54545
7145,98,586,47,2,0.18182
7145,98,586,48,2,0.090909
7145,98,586,49,2,-0.27273
7145,98,586,50,1,0.18182
7145,98,586,51,2,-0.36364
7145,98,587,1,2,-0.63636
7145,98,587,2,2,0.81818
7145,98,587,3,2,-0.81818
7145,98,587,4,2,-0.18182
7145,98,587,5,2,-0.63636
7145,98,587,6,2,0.81818
7145,98,587,7,2,-0.18182
7145,98,587,8,1,-0.36364
7145,98,587,9,2,-0.27273
7145,98,587,10,2,-0.54545
7145,98,587,11,2,-0.36364
7145,98,587,12,2,0.36364
7145,98,587,13,1,-0.45455
7145,98,587,14,2,-0.81818
7145,98,587,15,2,-0.45455
7145,98,587,16,2,0.63636
7145,98,587,17,2,0.090909
7145,98,587,18,2,-0.63636
7145,98,587,19,2,-0.63636
7145,98,587,20,1,0.27273
7145,98,587,21,2,-0.27273
7145,98,587,22,2,-0.45455
7145,98,587,23,2,0.72727
7145,98,587,24,1,-0.18182
7145,98,587,25,2,0.81818
7145,98,587,26,1,0.36364
7145,98,587,27,1,0.45455
7145,98,587,28,2,-0.81818
7145,98,587,29,2,-0.54545
7145,98,587,30,2,-0.36364
7145,98,587,31,1,0.81818
7145,98,587,32,2,-0.63636
7145,98,587,33,2,-0.45455
7145,98,587,34,2,-0.36364
7145,98,587,35,2,-0.81818
7145,98,587,36,2,-0.81818
7145,98,587,37,1,0.36364
7145,98,587,38,2,-0.45455
7145,98,587,39,2,-0.18182
7145,98,587,40,1,-0.18182
7145,98,587,41,2,-0.36364
7145,98,587,42,1,0.81818
7145,98,587,43,2,0.18182
7145,98,587,44,2,-0.18182
7145,98,587,45,1,-0.27273
7145,98,587,46,2,-0.54545
7145,98,587,47,1,0.81818
7145,98,587,48,2,-0.63636
7145,98,587,49,2,-0.45455
7145,98,587,50,2,-0.81818
7145,98,587,51,2,-0.36364
7145,98,588,1,2,0.090909
7145,98,588,2,1,0.090909
7145,98,588,3,2,0.45455
7145,98,588,4,1,-0.54545
7145,98,588,5,2,0.18182
7145,98,588,6,1,-0.45455
7145,98,588,7,2,0.090909
7145,98,588,8,2,-0.54545
7145,98,588,9,1,0.27273
7145,98,588,10,1,0.36364
7145,98,588,11,2,-0.45455
7145,98,588,12,2,0.090909
7145,98,588,13,1,0.54545
7145,98,588,14,2,-0.45455
7145,98,588,15,2,0.090909
7145,98,588,16,1,-0.18182
7145,98,588,17,1,0.36364
7145,98,588,18,2,-0.18182
7145,98,588,19,1,0.27273
7145,98,588,20,2,-0.18182
7145,98,588,21,1,0.45455
7145,98,588,22,2,-0.36364
7145,98,588,23,2,-0.54545
7145,98,588,24,1,0.45455
7145,98,588,25,1,0.54545
7145,98,588,26,2,0.090909
7145,98,588,27,1,0.18182
7145,98,588,28,2,-0.36364
7145,98,588,29,2,-0.090909
7145,98,588,30,2,-0.54545
7145,98,588,31,1,0.090909
7145,98,588,32,2,-0.18182
7145,98,588,33,2,-0.54545
7145,98,588,34,1,-0.090909
7145,98,588,35,1,-0.27273
7145,98,588,36,2,-0.45455
7145,98,588,37,1,0.72727
7145,98,588,38,2,-0.45455
7145,98,588,39,2,-0.36364
7145,98,588,40,1,0.090909
7145,98,588,41,2,0.090909
7145,98,588,42,2,-0.54545
7145,98,588,43,1,0.36364
7145,98,588,44,1,0.18182
7145,98,588,45,1,0.63636
7145,98,588,46,1,0.090909
7145,98,588,47,2,-0.54545
7145,98,588,48,1,0.27273
7145,98,588,49,1,0.090909
7145,98,588,50,1,0.090909
7145,98,588,51,2,-0.45455
7145,99,589,1,2,0.090909
7145,99,589,2,1,-0.090909
7145,99,589,3,1,-0.090909
7145,99,589,4,2,0.36364
7145,99,589,5,2,0.27273
7145,99,589,6,2,-0.72727
7145,99,589,7,1,0.18182
7145,99,589,8,2,-0.45455
7145,99,589,9,1,0.090909
7145,99,589,10,2,-0.54545
7145,99,589,11,2,-0.54545
7145,99,589,12,1,0.090909
7145,99,589,13,2,-0.27273
7145,99,589,14,1,0.090909
7145,99,589,15,2,0.27273
7145,99,589,16,2,0.090909
7145,99,589,17,1,0.45455
7145,99,589,18,1,0.090909
7145,99,589,19,1,0.18182
7145,99,589,20,2,-0.45455
7145,99,589,21,2,-0.27273
7145,99,589,22,1,-0.45455
7145,99,589,23,2,-0.27273
7145,99,589,24,2,-0.45455
7145,99,589,25,1,0.36364
7145,99,589,26,2,0.090909
7145,99,589,27,2,-0.090909
7145,99,589,28,1,0.18182
7145,99,589,29,2,-0.45455
7145,99,589,30,2,-0.090909
7145,99,589,31,1,0.18182
7145,99,589,32,1,0.090909
7145,99,589,33,1,0.090909
7145,99,589,34,1,0.090909
7145,99,589,35,2,-0.27273
7145,99,589,36,2,-0.63636
7145,99,589,37,2,0.090909
7145,99,589,38,1,-0.27273
7145,99,589,39,1,0.45455
7145,99,589,40,1,0.36364
7145,99,589,41,2,-0.36364
7145,99,589,42,1,0.36364
7145,99,589,43,1,-0.090909
7145,99,589,44,2,-0.45455
7145,99,589,45,1,0.63636
7145,99,589,46,1,0.18182
7145,99,589,47,1,-0.090909
7145,99,589,48,1,-0.18182
7145,99,589,49,1,0.45455
7145,99,589,50,2,-0.63636
7145,99,589,51,2,-0.36364
7145,99,590,1,1,-0.090909
7145,99,590,2,1,-0.63636
7145,99,590,3,2,-0.090909
7145,99,590,4,1,0.36364
7145,99,590,5,1,0.18182
7145,99,590,6,1,-0.54545
7145,99,590,7,2,0.45455
7145,99,590,8,1,-0.27273
7145,99,590,9,1,-0.36364
7145,99,590,10,2,-0.36364
7145,99,590,11,2,-0.54545
7145,99,590,12,2,0.81818
7145,99,590,13,2,0.45455
7145,99,590,14,1,0.81818
7145,99,590,15,2,0.36364
7145,99,590,16,1,-0.27273
7145,99,590,17,1,0.36364
7145,99,590,18,2,-0.090909
7145,99,590,19,1,-0.090909
7145,99,590,20,2,-0.36364
7145,99,590,21,2,-0.54545
7145,99,590,22,1,0.36364
7145,99,590,23,2,0.72727
7145,99,590,24,1,-0.45455
7145,99,590,25,1,-0.81818
7145,99,590,26,2,-0.090909
7145,99,590,27,2,0.36364
7145,99,590,28,1,0.81818
7145,99,590,29,1,0.45455
7145,99,590,30,1,0.81818
7145,99,590,31,1,0.45455
7145,99,590,32,2,-0.36364
7145,99,590,33,2,-0.36364
7145,99,590,34,2,-0.27273
7145,99,590,35,1,0.36364
7145,99,590,36,2,-0.63636
7145,99,590,37,1,0.45455
7145,99,590,38,1,0.63636
7145,99,590,39,2,0.45455
7145,99,590,40,1,0.18182
7145,99,590,41,2,0.27273
7145,99,590,42,1,-0.36364
7145,99,590,43,2,-0.54545
7145,99,590,44,1,0.18182
7145,99,590,45,1,0.81818
7145,99,590,46,2,0.090909
7145,99,590,47,2,-0.54545
7145,99,590,48,1,0.81818
7145,99,590,49,2,-0.54545
7145,99,590,50,1,-0.63636
7145,99,590,51,1,-0.090909
7145,99,591,1,2,-0.18182
7145,99,591,2,2,-0.18182
7145,99,591,3,1,-0.45455
7145,99,591,4,2,0.27273
7145,99,591,5,2,0.72727
7145,99,591,6,2,-0.36364
7145,99,591,7,2,0.45455
7145,99,591,8,2,0.54545
7145,99,591,9,1,0.72727
7145,99,591,10,1,-0.27273
7145,99,591,11,2,-0.36364
7145,99,591,12,2,0.36364
7145,99,591,13,1,0.36364
7145,99,591,14,2,-0.45455
7145,99,591,15,1,0.27273
7145,99,591,16,1,0.27273
7145,99,591,17,2,-0.36364
7145,99,591,18,2,0.54545
7145,99,591,19,1,-0.27273
7145,99,591,20,2,-0.18182
7145,99,591,21,1,-0.45455
7145,99,591,22,1,0.72727
7145,99,591,23,1,0.36364
7145,99,591,24,2,-0.18182
7145,99,591,25,2,-0.36364
7145,99,591,26,1,0.36364
7145,99,591,27,2,0.63636
7145,99,591,28,2,-0.45455
7145,99,591,29,1,-0.18182
7145,99,591,30,1,0.45455
7145,99,591,31,1,0.27273
7145,99,591,32,2,-0.45455
7145,99,591,33,2,-0.18182
7145,99,591,34,1,0.72727
7145,99,591,35,1,-0.36364
7145,99,591,36,1,0.45455
7145,99,591,37,1,-0.63636
7145,99,591,38,1,0.27273
7145,99,591,39,1,-0.27273
7145,99,591,40,2,0.090909
7145,99,591,41,1,0.54545
7145,99,591,42,1,-0.72727
7145,99,591,43,1,0.27273
7145,99,591,44,1,0.72727
7145,99,591,45,1,0.72727
7145,99,591,46,1,0.36364
7145,99,591,47,1,-0.81818
7145,99,591,48,1,0.18182
7145,99,591,49,2,-0.45455
7145,99,591,50,2,0.36364
7145,99,591,51,2,-0.36364
7145,99,592,1,2,0.18182
7145,99,592,2,1,0.090909
7145,99,592,3,1,-0.18182
7145,99,592,4,1,0.18182
7145,99,592,5,2,-0.27273
7145,99,592,6,2,-0.36364
7145,99,592,7,1,0.45455
7145,99,592,8,2,-0.090909
7145,99,592,9,2,0.36364
7145,99,592,10,2,-0.090909
7145,99,592,11,1,0.54545
7145,99,592,12,1,0.36364
7145,99,592,13,2,-0.18182
7145,99,592,14,2,-0.18182
7145,99,592,15,1,0.45455
7145,99,592,16,2,0.090909
7145,99,592,17,1,0.45455
7145,99,592,18,2,-0.090909
7145,99,592,19,2,-0.090909
7145,99,592,20,2,0.18182
7145,99,592,21,1,-0.090909
7145,99,592,22,2,-0.36364
7145,99,592,23,2,0.18182
7145,99,592,24,1,0.54545
7145,99,592,25,2,-0.45455
7145,99,592,26,1,0.63636
7145,99,592,27,2,0.18182
7145,99,592,28,1,0.36364
7145,99,592,29,1,0.18182
7145,99,592,30,1,-0.18182
7145,99,592,31,1,0.27273
7145,99,592,32,1,0.45455
7145,99,592,33,1,0.45455
7145,99,592,34,2,-0.36364
7145,99,592,35,1,0.54545
7145,99,592,36,2,-0.090909
7145,99,592,37,2,-0.36364
7145,99,592,38,1,0.18182
7145,99,592,39,2,-0.18182
7145,99,592,40,2,-0.18182
7145,99,592,41,2,0.090909
7145,99,592,42,1,0.63636
7145,99,592,43,2,0.090909
7145,99,592,44,1,0.72727
7145,99,592,45,1,-0.090909
7145,99,592,46,1,0.54545
7145,99,592,47,1,0.18182
7145,99,592,48,2,0.090909
7145,99,592,49,2,-0.27273
7145,99,592,50,1,0.18182
7145,99,592,51,2,-0.36364
7145,99,593,1,1,-0.63636
7145,99,593,2,1,0.81818
7145,99,593,3,2,-0.81818
7145,99,593,4,1,-0.18182
7145,99,593,5,2,-0.63636
7145,99,593,6,2,0.81818
7145,99,593,7,2,-0.18182
7145,99,593,8,1,-0.36364
7145,99,593,9,2,-0.27273
7145,99,593,10,2,-0.54545
7145,99,593,11,2,-0.36364
7145,99,593,12,2,0.36364
7145,99,593,13,1,-0.45455
7145,99,593,14,2,-0.81818
7145,99,593,15,2,-0.45455
7145,99,593,16,2,0.63636
7145,99,593,17,2,0.090909
7145,99,593,18,2,-0.63636
7145,99,593,19,2,-0.63636
7145,99,593,20,2,0.27273
7145,99,593,21,2,-0.27273
7145,99,593,22,2,-0.45455
7145,99,593,23,2,0.72727
7145,99,593,24,2,-0.18182
7145,99,593,25,1,0.81818
7145,99,593,26,2,0.36364
7145,99,593,27,1,0.45455
7145,99,593,28,2,-0.81818
7145,99,593,29,1,-0.54545
7145,99,593,30,2,-0.36364
7145,99,593,31,1,0.81818
7145,99,593,32,2,-0.63636
7145,99,593,33,2,-0.45455
7145,99,593,34,2,-0.36364
7145,99,593,35,2,-0.81818
7145,99,593,36,2,-0.81818
7145,99,593,37,2,0.36364
7145,99,593,38,2,-0.45455
7145,99,593,39,2,-0.18182
7145,99,593,40,2,-0.18182
7145,99,593,41,2,-0.36364
7145,99,593,42,1,0.81818
7145,99,593,43,2,0.18182
7145,99,593,44,2,-0.18182
7145,99,593,45,1,-0.27273
7145,99,593,46,2,-0.54545
7145,99,593,47,1,0.81818
7145,99,593,48,2,-0.63636
7145,99,593,49,2,-0.45455
7145,99,593,50,2,-0.81818
7145,99,593,51,2,-0.36364
7145,99,594,1,2,0.090909
7145,99,594,2,1,0.090909
7145,99,594,3,2,0.45455
7145,99,594,4,2,-0.54545
7145,99,594,5,1,0.18182
7145,99,594,6,1,-0.45455
7145,99,594,7,2,0.090909
7145,99,594,8,2,-0.54545
7145,99,594,9,1,0.27273
7145,99,594,10,1,0.36364
7145,99,594,11,2,-0.45455
7145,99,594,12,1,0.090909
7145,99,594,13,1,0.54545
7145,99,594,14,2,-0.45455
7145,99,594,15,1,0.090909
7145,99,594,16,1,-0.18182
7145,99,594,17,1,0.36364
7145,99,594,18,1,-0.18182
7145,99,594,19,1,0.27273
7145,99,594,20,1,-0.18182
7145,99,594,21,1,0.45455
7145,99,594,22,2,-0.36364
7145,99,594,23,2,-0.54545
7145,99,594,24,1,0.45455
7145,99,594,25,1,0.54545
7145,99,594,26,1,0.090909
7145,99,594,27,1,0.18182
7145,99,594,28,2,-0.36364
7145,99,594,29,2,-0.090909
7145,99,594,30,2,-0.54545
7145,99,594,31,2,0.090909
7145,99,594,32,2,-0.18182
7145,99,594,33,2,-0.54545
7145,99,594,34,2,-0.090909
7145,99,594,35,2,-0.27273
7145,99,594,36,2,-0.45455
7145,99,594,37,1,0.72727
7145,99,594,38,2,-0.45455
7145,99,594,39,2,-0.36364
7145,99,594,40,1,0.090909
7145,99,594,41,2,0.090909
7145,99,594,42,2,-0.54545
7145,99,594,43,1,0.36364
7145,99,594,44,1,0.18182
7145,99,594,45,1,0.63636
7145,99,594,46,2,0.090909
7145,99,594,47,2,-0.54545
7145,99,594,48,1,0.27273
7145,99,594,49,1,0.090909
7145,99,594,50,1,0.090909
7145,99,594,51,2,-0.45455
7145,100,595,1,2,0.090909
7145,100,595,2,2,-0.090909
7145,100,595,3,2,-0.090909
7145,100,595,4,2,0.36364
7145,100,595,5,2,0.27273
7145,100,595,6,1,-0.72727
7145,100,595,7,1,0.18182
7145,100,595,8,2,-0.45455
7145,100,595,9,1,0.090909
7145,100,595,10,2,-0.54545
7145,100,595,11,2,-0.54545
7145,100,595,12,2,0.090909
7145,100,595,13,1,-0.27273
7145,100,595,14,1,0.090909
7145,100,595,15,2,0.27273
7145,100,595,16,1,0.090909
7145,100,595,17,2,0.45455
7145,100,595,18,1,0.090909
7145,100,595,19,2,0.18182
7145,100,595,20,2,-0.45455
7145,100,595,21,2,-0.27273
7145,100,595,22,2,-0.45455
7145,100,595,23,2,-0.27273
7145,100,595,24,2,-0.45455
7145,100,595,25,1,0.36364
7145,100,595,26,2,0.090909
7145,100,595,27,1,-0.090909
7145,100,595,28,1,0.18182
7145,100,595,29,2,-0.45455
7145,100,595,30,1,-0.090909
7145,100,595,31,1,0.18182
7145,100,595,32,2,0.090909
7145,100,595,33,2,0.090909
7145,100,595,34,1,0.090909
7145,100,595,35,2,-0.27273
7145,100,595,36,2,-0.63636
7145,100,595,37,1,0.090909
7145,100,595,38,1,-0.27273
7145,100,595,39,1,0.45455
7145,100,595,40,1,0.36364
7145,100,595,41,2,-0.36364
7145,100,595,42,1,0.36364
7145,100,595,43,2,-0.090909
7145,100,595,44,2,-0.45455
7145,100,595,45,1,0.63636
7145,100,595,46,1,0.18182
7145,100,595,47,2,-0.090909
7145,100,595,48,2,-0.18182
7145,100,595,49,1,0.45455
7145,100,595,50,2,-0.63636
7145,100,595,51,2,-0.36364
7145,100,596,1,2,-0.090909
7145,100,596,2,2,-0.63636
7145,100,596,3,2,-0.090909
7145,100,596,4,2,0.36364
7145,100,596,5,1,0.18182
7145,100,596,6,1,-0.54545
7145,100,596,7,2,0.45455
7145,100,596,8,2,-0.27273
7145,100,596,9,1,-0.36364
7145,100,596,10,1,-0.36364
7145,100,596,11,2,-0.54545
7145,100,596,12,2,0.81818
7145,100,596,13,2,0.45455
7145,100,596,14,1,0.81818
7145,100,596,15,1,0.36364
7145,100,596,16,2,-0.27273
7145,100,596,17,1,0.36364
7145,100,596,18,1,-0.090909
7145,100,596,19,1,-0.090909
7145,100,596,20,2,-0.36364
7145,100,596,21,2,-0.54545
7145,100,596,22,1,0.36364
7145,100,596,23,1,0.72727
7145,100,596,24,1,-0.45455
7145,100,596,25,2,-0.81818
7145,100,596,26,2,-0.090909
7145,100,596,27,1,0.36364
7145,100,596,28,2,0.81818
7145,100,596,29,1,0.45455
7145,100,596,30,1,0.81818
7145,100,596,31,1,0.45455
7145,100,596,32,1,-0.36364
7145,100,596,33,2,-0.36364
7145,100,596,34,1,-0.27273
7145,100,596,35,1,0.36364
7145,100,596,36,2,-0.63636
7145,100,596,37,1,0.45455
7145,100,596,38,1,0.63636
7145,100,596,39,1,0.45455
7145,100,596,40,1,0.18182
7145,100,596,41,2,0.27273
7145,100,596,42,2,-0.36364
7145,100,596,43,2,-0.54545
7145,100,596,44,1,0.18182
7145,100,596,45,1,0.81818
7145,100,596,46,1,0.090909
7145,100,596,47,2,-0.54545
7145,100,596,48,1,0.81818
7145,100,596,49,2,-0.54545
7145,100,596,50,2,-0.63636
7145,100,596,51,1,-0.090909
7145,100,597,1,1,-0.18182
7145,100,597,2,2,-0.18182
7145,100,597,3,1,-0.45455
7145,100,597,4,2,0.27273
7145,100,597,5,1,0.72727
7145,100,597,6,2,-0.36364
7145,100,597,7,2,0.45455
7145,100,597,8,2,0.54545
7145,100,597,9,1,0.72727
7145,100,597,10,1,-0.27273
7145,100,597,11,2,-0.36364
7145,100,597,12,2,0.36364
7145,100,597,13,2,0.36364
7145,100,597,14,2,-0.45455
7145,100,597,15,2,0.27273
7145,100,597,16,1,0.27273
7145,100,597,17,2,-0.36364
7145,100,597,18,2,0.54545
7145,100,597,19,1,-0.27273
7145,100,597,20,1,-0.18182
7145,100,597,21,2,-0.45455
7145,100,597,22,1,0.72727
7145,100,597,23,1,0.36364
7145,100,597,24,1,-0.18182
7145,100,597,25,2,-0.36364
7145,100,597,26,1,0.36364
7145,100,597,27,2,0.63636
7145,100,597,28,2,-0.45455
7145,100,597,29,2,-0.18182
7145,100,597,30,1,0.45455
7145,100,597,31,1,0.27273
7145,100,597,32,2,-0.45455
7145,100,597,33,1,-0.18182
7145,100,597,34,1,0.72727
7145,100,597,35,1,-0.36364
7145,100,597,36,2,0.45455
7145,100,597,37,1,-0.63636
7145,100,597,38,1,0.27273
7145,100,597,39,1,-0.27273
7145,100,597,40,1,0.090909
7145,100,597,41,1,0.54545
7145,100,597,42,1,-0.72727
7145,100,597,43,2,0.27273
7145,100,597,44,1,0.72727
7145,100,597,45,1,0.72727
7145,100,597,46,1,0.36364
7145,100,597,47,1,-0.81818
7145,100,597,48,1,0.18182
7145,100,597,49,2,-0.45455
7145,100,597,50,1,0.36364
7145,100,597,51,2,-0.36364
7145,100,598,1,2,0.18182
7145,100,598,2,1,0.090909
7145,100,598,3,2,-0.18182
7145,100,598,4,2,0.18182
7145,100,598,5,2,-0.27273
7145,100,598,6,2,-0.36364
7145,100,598,7,2,0.45455
7145,100,598,8,1,-0.090909
7145,100,598,9,1,0.36364
7145,100,598,10,2,-0.090909
7145,100,598,11,1,0.54545
7145,100,598,12,1,0.36364
7145,100,598,13,2,-0.18182
7145,100,598,14,2,-0.18182
7145,100,598,15,1,0.45455
7145,100,598,16,1,0.090909
7145,100,598,17,2,0.45455
7145,100,598,18,2,-0.090909
7145,100,598,19,2,-0.090909
7145,100,598,20,2,0.18182
7145,100,598,21,1,-0.090909
7145,100,598,22,2,-0.36364
7145,100,598,23,2,0.18182
7145,100,598,24,1,0.54545
7145,100,598,25,2,-0.45455
7145,100,598,26,1,0.63636
7145,100,598,27,2,0.18182
7145,100,598,28,1,0.36364
7145,100,598,29,2,0.18182
7145,100,598,30,1,-0.18182
7145,100,598,31,1,0.27273
7145,100,598,32,1,0.45455
7145,100,598,33,1,0.45455
7145,100,598,34,1,-0.36364
7145,100,598,35,1,0.54545
7145,100,598,36,2,-0.090909
7145,100,598,37,2,-0.36364
7145,100,598,38,1,0.18182
7145,100,598,39,2,-0.18182
7145,100,598,40,2,-0.18182
7145,100,598,41,1,0.090909
7145,100,598,42,1,0.63636
7145,100,598,43,1,0.090909
7145,100,598,44,1,0.72727
7145,100,598,45,1,-0.090909
7145,100,598,46,1,0.54545
7145,100,598,47,2,0.18182
7145,100,598,48,2,0.090909
7145,100,598,49,2,-0.27273
7145,100,598,50,1,0.18182
7145,100,598,51,2,-0.36364
7145,100,599,1,2,-0.63636
7145,100,599,2,2,0.81818
7145,100,599,3,2,-0.81818
7145,100,599,4,2,-0.18182
7145,100,599,5,2,-0.63636
7145,100,599,6,2,0.81818
7145,100,599,7,1,-0.18182
7145,100,599,8,1,-0.36364
7145,100,599,9,2,-0.27273
7145,100,599,10,2,-0.54545
7145,100,599,11,2,-0.36364
7145,100,599,12,2,0.36364
7145,100,599,13,1,-0.45455
7145,100,599,14,2,-0.81818
7145,100,599,15,2,-0.45455
7145,100,599,16,2,0.63636
7145,100,599,17,1,0.090909
7145,100,599,18,2,-0.63636
7145,100,599,19,2,-0.63636
7145,100,599,20,2,0.27273
7145,100,599,21,2,-0.27273
7145,100,599,22,2,-0.45455
7145,100,599,23,2,0.72727
7145,100,599,24,1,-0.18182
7145,100,599,25,2,0.81818
7145,100,599,26,2,0.36364
7145,100,599,27,1,0.45455
7145,100,599,28,2,-0.81818
7145,100,599,29,2,-0.54545
7145,100,599,30,2,-0.36364
7145,100,599,31,1,0.81818
7145,100,599,32,2,-0.63636
7145,100,599,33,2,-0.45455
7145,100,599,34,2,-0.36364
7145,100,599,35,2,-0.81818
7145,100,599,36,2,-0.81818
7145,100,599,37,2,0.36364
7145,100,599,38,2,-0.45455
7145,100,599,39,2,-0.18182
7145,100,599,40,2,-0.18182
7145,100,599,41,2,-0.36364
7145,100,599,42,1,0.81818
7145,100,599,43,2,0.18182
7145,100,599,44,2,-0.18182
7145,100,599,45,1,-0.27273
7145,100,599,46,2,-0.54545
7145,100,599,47,1,0.81818
7145,100,599,48,1,-0.63636
7145,100,599,49,2,-0.45455
7145,100,599,50,2,-0.81818
7145,100,599,51,2,-0.36364
7145,100,600,1,2,0.090909
7145,100,600,2,2,0.090909
7145,100,600,3,2,0.45455
7145,100,600,4,1,-0.54545
7145,100,600,5,1,0.18182
7145,100,600,6,2,-0.45455
7145,100,600,7,2,0.090909
7145,100,600,8,2,-0.54545
7145,100,600,9,1,0.27273
7145,100,600,10,1,0.36364
7145,100,600,11,2,-0.45455
7145,100,600,12,1,0.090909
7145,100,600,13,1,0.54545
7145,100,600,14,2,-0.45455
7145,100,600,15,1,0.090909
7145,100,600,16,2,-0.18182
7145,100,600,17,1,0.36364
7145,100,600,18,2,-0.18182
7145,100,600,19,1,0.27273
7145,100,600,20,2,-0.18182
7145,100,600,21,1,0.45455
7145,100,600,22,2,-0.36364
7145,100,600,23,2,-0.54545
7145,100,600,24,1,0.45455
7145,100,600,25,1,0.54545
7145,100,600,26,2,0.090909
7145,100,600,27,1,0.18182
7145,100,600,28,2,-0.36364
7145,100,600,29,2,-0.090909
7145,100,600,30,2,-0.54545
7145,100,600,31,1,0.090909
7145,100,600,32,2,-0.18182
7145,100,600,33,2,-0.54545
7145,100,600,34,2,-0.090909
7145,100,600,35,1,-0.27273
7145,100,600,36,2,-0.45455
7145,100,600,37,1,0.72727
7145,100,600,38,2,-0.45455
7145,100,600,39,2,-0.36364
7145,100,600,40,1,0.090909
7145,100,600,41,2,0.090909
7145,100,600,42,2,-0.54545
7145,100,600,43,1,0.36364
7145,100,600,44,1,0.18182
7145,100,600,45,1,0.63636
7145,100,600,46,1,0.090909
7145,100,600,47,2,-0.54545
7145,100,600,48,1,0.27273
7145,100,600,49,2,0.090909
7145,100,600,50,2,0.090909
7145,100,600,51,2,-0.45455
